retention_time	intensity	retention_time_min
56.2958954	0.00036868067927870406	0.9382649233333333
115.0028939	0.00016123293154828093	1.9167148983333333
121.0752838	0.0003080055440997938	2.0179213966666665
148.910245	0.00028896891104887167	2.4818374166666666
188.3863539	4.486008140609439e-05	3.139772565
197.4954134	0.000493185849204384	3.291590223333333
232.4155194	0.0001599303498594695	3.87359199
252.1531351	0.0003202931072532718	4.202552251666666
349.830225	4.320728647679145e-05	5.83050375
386.267823	0.0004305336635892817	6.43779705
425.7431464	0.00040527531558234696	7.0957191066666665
436.877523899999	0.00026112167117869553	7.281292064999984
442.444853699999	6.232315803906415e-05	7.374080894999983
448.517496199999	0.0006714623017947857	7.475291603333317
509.249630899999	0.0008557184314309101	8.487493848333317
556.315435499999	0.0007406004612689631	9.271923924999983
611.4794269	0.00043252535386239616	10.191323781666666
642.8573871	0.0005595333077744045	10.714289785
646.9061737	0.00046331675469214154	10.781769561666666
659.0518402	0.0004446533042648052	10.984197336666666
668.667761	0.0006902269636750874	11.144462683333334
694.4782785	0.0002873586923942066	11.574637975
709.661450800001	0.0006704461677964926	11.827690846666684
906.531735399999	0.00033117375017764736	15.108862256666649
921.713654799999	0.0004316295175898199	15.36189424666665
958.658418899999	0.0004365109868991797	15.977640314999983
959.164906699999	5.494780568990633e-05	15.986081778333318
966.756670699999	0.00028134620795119383	16.112611178333317
968.275428699999	0.000376179099003867	16.13792381166665
1034.5729487	0.0004182695670420368	17.242882478333335
1043.6819007	0.00020269528423790795	17.394698345
1386.8128472	0.0005289472355197372	23.113547453333336
1403.5146488	0.0001413581253737835	23.391910813333332
1407.5633574	0.0006898342361422229	23.45938929
1448.0506616	0.0004497868835224967	24.134177693333335
1481.957947	0.00030086053997241017	24.69929911666667
1486.5131307	0.0003944148553332374	24.775218844999998
1498.6593885	0.00043354022297541564	24.977656475
1531.5556867	0.0003781856145649401	25.525928111666666
1561.4148447	0.00025002909821401627	26.023580745
1600.3839633	0.0005467027425558701	26.673066055
1607.9759524	0.00015825162540377435	26.799599206666667
1714.7609372	0.000660277537579185	28.579348953333334
1750.1880852	0.00042416653822785006	29.16980142
1821.0408876	0.00039681747687481583	30.350681459999997
1828.1260815	0.00024231212235545086	30.468768025
1842.2969703	0.00033190597612457376	30.704949505000002
1843.8152821	0.00041831954691978236	30.73025470166667
1859.5040271	0.0001849497806136744	30.991733785
1903.0278632	0.0006422419696484157	31.717131053333333
1908.0881957	0.0003061146399326548	31.801469928333333
1978.4351257	0.0006194077488179861	32.97391876166667
1979.9535302	0.0003151412060415986	32.999225503333335
1989.063864	0.0003576836718709206	33.1510644
2121.1531992	0.0006444283266044918	35.35255332
2147.9766669	0.0006344827586206896	35.799611115
2161.1348313	0.0005522029993341858	36.018913855
2220.8536763	0.0003442092674667816	37.014227938333335
2244.1341056	0.00033512816198328564	37.40223509333334
2264.3773126	0.0008050635341877705	37.73962187666667
2272.4748143	0.00038305774061437334	37.87458023833334
2279.5609234	6.54453117160197e-05	37.992682056666666
2301.3227203	0.0004400396432111001	38.35537867166667
2371.66979250001	0.000480026484219819	39.527829875000165
2373.18806970001	0.0006749796253420953	39.55313449500017
2389.88909690001	0.0005935227466137927	39.8314849483335
2437.46128560001	0.0006627640310473058	40.624354760000166
2483.5156545	0.000739382636950254	41.391927575
2496.6744563	0.0003062205563586231	41.61124093833334
2501.2286764	0.0004214443967928675	41.68714460666667
2576.1311867	0.000451682908214918	42.93551977833333
2592.8324648	0.00029668887606899917	43.21387441333333
2622.1851514	0.00035281942843252593	43.70308585666667
2653.5624668	0.0005357136072522704	44.22604111333333
2665.7087525	0.0004020813060742827	44.428479208333336
2675.3255145	0.0003268520066113247	44.588758575
2739.0927752	0.00032892720216172374	45.65154625333333
2765.9157698	0.0004003491295281002	46.09859616333333
2774.5191691	0.00034816995351523563	46.241986151666666
2780.085457	0.0002627083863058242	46.33475761666667
2816.5252854	0.00026257198249040535	46.94208809
2871.1819632	0.00018827694805512358	47.85303272
2918.7558821	0.00021664116852226155	48.64593136833333
2956.2058229	0.00045485667803006147	49.270097048333334
2956.7117295	0.00012702584853877525	49.278528824999995
3013.9013801	0.00014803778306256746	50.23168966833334
3054.3877624	0.0005395566451566819	50.906462706666666
3068.55841	0.00033662711912300035	51.142640166666666
3086.7784535	0.0006701679680438119	51.44630755833334
3109.0460497	0.0005833865005293478	51.81743416166667
3142.4486074	0.0005040223979268339	52.374143456666665
3187.9960193	0.00028571637123524365	53.13326698833334
3195.5874822	0.00044219945158031465	53.25979137
3196.600553	0.0002602086441538844	53.27667588333334
3203.1788298	6.454027958849118e-05	53.38631383
3205.7098583	0.00026588561893775553	53.42849763833333
3212.7944239	0.0005527008088904187	53.54657373166666
3239.6181866	0.00033675322661952124	53.99363644333334
3243.6661332	0.00035748114408557175	54.061102219999995
3258.3436586	0.0004057059046177139	54.30572764333333
3279.0930824	0.000296537495391647	54.651551373333334
3294.2753695	0.00022547744038872743	54.90458949166667
3302.3736792	0.00030025086597450533	55.03956132
3306.9287701	0.0001127956805190976	55.11547950166666
3324.13550029999	0.00016615241194200945	55.40225833833316
3325.14817589999	0.00030716145818736627	55.41913626499983
3338.81248539999	0.00035138391566032386	55.6468747566665
3357.03138739999	0.00025379332357318836	55.95052312333316
3375.25120769999	0.0003612047350657088	56.25418679499983
3400.55518809999	0.00044586343087166827	56.6759198016665
3439.01812489999	0.0005026507830641981	57.31696874833317
3444.07938049999	0.0006468643338516765	57.401323008333165
3454.20108909999	0.00040439374359431396	57.5700181516665
3458.25010109999	0.00043656673190778443	57.63750168499983
3478.99989699999	0.0004982196449189667	57.983331616666504
3513.41360629999	0.00036208769419107884	58.55689343833317
3523.02998169999	0.00029207605269529734	58.7171663616665
3544.28528529999	0.00027850942583573535	59.0714214216665
3544.79210289999	0.00036774599580362147	59.0798683816665
3550.86513109999	0.00042421071786006735	59.18108551833316
3560.48070779999	0.00030849959360192857	59.34134512999983
3587.30335869999	0.00016705771470033087	59.7883893116665
3591.85828859999	0.0003626123888975985	59.86430480999983
3593.37680539999	0.0003082056726831488	59.88961342333317
3597.42494829999	0.0006088168582761328	59.957082471666496
3601.47441029999	0.0005085921420243557	60.02457350499983
3621.71812539999	0.0006265446958754613	60.361968756666506
3627.28509229999	0.0003498552156270277	60.45475153833317
3633.86381469999	0.00030512196469714844	60.5643969116665
3635.38274199999	0.0003408794457810371	60.5897123666665
3639.93800259999	0.00045411809808950916	60.6656333766665
3683.96684909999	0.0007371553328544371	61.39944748499984
3689.02895709999	0.0003808432094901603	61.4838159516665
3717.87530839999	0.00015074814847233772	61.964588473333166
3723.44195459999	0.0006018354911598719	62.05736590999983
3762.91821229999	5.168124843520665e-05	62.71530353833317
3797.33179679999	0.0005101337540071418	63.28886327999984
3830.22839889999	0.0002889607665849498	63.8371399816665
3834.27757659999	0.0005432810037719552	63.9046262766665
3841.36263699999	0.0004960515236873398	64.0227106166665
3855.02688309999	0.0005113558970053302	64.2504480516665
3875.27035989999	0.0005633912266386914	64.5878393316665
3876.78955399999	0.000492669601211991	64.61315923333316
3908.16599909999	0.0003799267658406535	65.13609998499983
3910.19031079999	0.00035950193476360737	65.16983851333318
3917.27573219999	0.0003171965532039596	65.28792886999983
3917.78176159999	0.00029644890834692534	65.29636269333317
3930.94084879999	0.0002886033284179482	65.51568081333316
3961.81160809999	0.0005261152124864677	66.03019346833317
3988.12978579999	0.00024903710972213206	66.46882976333316
3990.15343449999	0.0006504565435578575	66.5025572416665
3997.74493969999	0.0005640616721699249	66.62908232833317
4013.43357969999	0.0003715143627679179	66.8905596616665
4027.60466569999	0.00034015220706876045	67.12674442833317
4039.74981619999	0.0005394690220288504	67.32916360333317
4058.98235879999	0.0005552550689146754	67.64970597999984
4065.05535119999	0.00043027448706136554	67.75092251999983
4076.69523349999	0.00030315301261072276	67.94492055833317
4094.91453569999	0.0003456107435568283	68.24857559499983
4103.51755929999	0.00028697901950681715	68.3919593216665
4138.43865509999	0.00043875929058107205	68.97397758499983
4176.39579999999	0.00021303575957392848	69.6065966666665
4180.95002729999	0.0005301529471321915	69.68250045499984
4206.25493519999	0.0005375545101171706	70.10424891999983
4238.64558979999	0.000500295735563312	70.64409316333317
4259.39504329999	0.00025243674712712333	70.98991738833317
4265.9731878	0.00037148511493727146	71.09955313
4311.0165901	0.0005707242118771423	71.85027650166667
4322.149837	0.0003746638226838542	72.03583061666667
4326.7042485	0.0004010181220420771	72.111737475
4401.60611049999	0.00035834738617200677	73.36010184166649
4410.21018269999	0.00041077892715116556	73.50350304499983
4427.92335939999	0.0004157291052706418	73.7987226566665
4429.94753949999	0.00019740882636797006	73.8324589916665
4449.68566769999	0.0001896401392954498	74.16142779499982
4466.38635499999	0.0003826015422640377	74.43977258333317
4466.89267479999	0.0005062913187266125	74.4482112466665
4480.55718109999	0.0004304765464845078	74.67595301833316
4494.72826509999	0.00018495266048360937	74.91213775166649
4498.77636829999	0.00034173325601186935	74.97960613833317
4508.89860589999	0.00021862302255933465	75.14831009833317
4519.01939459999	0.0003084732567326387	75.31698990999983
4533.19077509999	0.0003937853879917048	75.55317958499982
4567.09828619998	0.0004740991586856447	76.11830476999967
4577.22024159999	0.0003866785785970947	76.2870040266665
4591.89772499998	0.00033511134024707023	76.53162874999967
4595.94649219998	0.00032137330654360855	76.59910820333299
4605.56172339998	0.0003409701913367343	76.75936205666633
4617.70773059998	0.0005304615311668376	76.96179550999967
4623.78166619998	0.0003026510433470209	77.06302776999966
4638.96364449998	0.000330020701298536	77.31606074166633
4650.09848799998	0.0003282770891728777	77.50164146666633
4684.00599149998	0.000258377952251	78.06676652499966
4685.52449599998	0.00047812069763378257	78.092074933333
4706.27423959998	0.0003228077011602931	78.43790399333301
4718.92652739998	0.0004559225105233277	78.64877545666633
4743.72558499998	0.00022494052053543534	79.062093083333
4746.76228689998	0.00020123279830700538	79.11270478166632
4749.29201079998	0.0004311540961501571	79.15486684666634
4783.70605529998	0.0003049411454431903	79.72843425499967
4802.93793759998	0.00022563347305615348	80.04896562666633
4809.51705659998	0.0003333760217263593	80.15861760999967
4825.71246569998	0.0003338795654192875	80.42854109499967
4826.72411939998	0.0003087412720325838	80.44540198999967
4833.30386509998	0.0004193695095387414	80.55506441833299
4852.02976849998	0.00018070440297273085	80.86716280833299
4853.04075159998	0.00033458666655732463	80.88401252666633
4869.23594859998	0.00024996956690217083	81.15393247666633
4870.75421679998	7.877889215869921e-05	81.17923694666634
4887.96151539998	0.0002608060811601873	81.46602525666634
4892.51611469998	0.00029002872766302473	81.54193524499966
4899.60159179998	0.00029033933535398793	81.66002652999967
4904.66242219998	0.0003292241621107131	81.744373703333
4907.19330179998	0.00029342025736262716	81.78655502999966
4929.46181629998	0.00022577620772136494	82.15769693833299
4931.48558929998	0.00024671452378135405	82.19142648833301
4940.08929669998	0.0004243058338425608	82.33482161166633
4964.88715109998	3.5861117065827465e-05	82.74811918499967
4971.97227869998	0.00013820318475766638	82.86620464499967
4976.02176579998	0.00031851833006843564	82.93369609666634
4978.04666209998	0.0004228384461702654	82.96744436833299
4991.20430559998	0.0003071690387937481	83.18673842666634
4998.29019079998	0.00043712266494592983	83.304836513333
5036.75222069998	0.0005223150544470632	83.94587034499968
5104.06324179998	0.00047234695168226664	85.06772069666633
5118.23331219998	0.00030929448795731734	85.30388853666634
5129.87360079998	0.00035127467170222314	85.49789334666633
5162.26400409998	0.00039260441064111916	86.03773340166634
5176.94015209998	0.0001320568471475246	86.28233586833299
5200.22064839998	0.00030635520217421196	86.67034413999967
5212.87249189998	0.0003075129739977873	86.881208198333
5220.97103609998	0.0002662363625433111	87.01618393499966
5224.51275189998	0.0003835767489014108	87.07521253166632
5243.23787679998	0.0002779143434764517	87.38729794666634
5250.82952249998	0.0002752048085612502	87.51382537499967
5259.43384769998	0.00038475048329985375	87.65723079499966
5261.45742709998	0.0005056601925840272	87.690957118333
5261.96383859998	0.00033954730187936585	87.69939730999967
5266.01281329998	0.0004356578433434486	87.76688022166633
5294.85946459998	0.0006059440732142732	88.24765774333301
5317.12762699998	0.0002805322096777887	88.618793783333
5332.81714849999	0.0002553059131186786	88.88028580833317
5395.06634889999	0.00027091946805551405	89.9177724816665
5405.69422069999	0.00039066826424479195	90.09490367833317
5418.34610089999	0.00020844771591554145	90.30576834833317
5427.45701419999	0.00019396867532947147	90.45761690333318
5429.98697449999	0.0002980884246455319	90.49978290833316
5467.94314999999	0.0006014296736291215	91.13238583333317
5488.18684909999	0.00028565879624428356	91.46978081833316
5502.35794549999	0.00023437978580883665	91.70596575833316
5507.41878779999	0.0005058960316149282	91.79031312999983
5508.43183419999	0.0005796399628736935	91.8071972366665
5548.41184669999	0.0002591207618343053	92.47353077833317
5563.08842649999	0.0002761150412157124	92.7181404416665
5573.21129929999	0.00011259833430161593	92.88685498833317
5584.85051989999	0.0003298095950553561	93.08084199833317
5588.89947399999	0.00019026652082462727	93.1483245666665
5599.52816079999	0.0004999334281088	93.3254693466665
5610.15497489999	0.00036134529347755243	93.50258291499982
5610.66201479999	0.0002637365272093179	93.51103357999983
5628.37492859999	0.0004150263911815792	93.80624880999984
5654.18504569999	0.00036120096293351683	94.23641742833317
5660.25940309999	0.0002821633149942907	94.33765671833316
5668.35612429999	0.00026906107686444826	94.4726020716665
5678.47755029999	0.00027847423101605515	94.64129250499984
5680.50206629999	0.0003102675130400167	94.67503443833316
5696.69750859999	0.00030754381774063613	94.9449584766665
5704.28908559999	0.00028970054563126434	95.07148475999983
5727.06234259999	0.0003277501577242716	95.45103904333317
5737.69116239999	0.00017866377452811216	95.62818603999985
5758.94630509999	0.00040963958871469765	95.98243841833317
5779.19073369999	0.0002529765469659584	96.3198455616665
5779.69628179999	0.0002849345778924621	96.32827136333317
5782.22701509999	0.0003089777658618804	96.3704502516665
5812.59235229999	0.00039582202086795634	96.87653920499983
5862.69582249999	0.00013341497533316408	97.7115970416665
5868.26215699999	0.00023585496962206563	97.80436928333317
5877.37149189999	0.0006668535049064914	97.9561915316665
5885.97547659999	0.00010640422779465104	98.09959127666649
5895.08542099999	0.0002718453034582815	98.25142368333316
5896.09792249999	0.00018617217839223953	98.26829870833316
5902.17015899999	0.00038364109771515253	98.36950264999983
5905.71374959999	8.548283077343916e-05	98.42856249333316
5906.72613249999	0.00022420447448072642	98.4454355416665
5909.76255699999	0.00022791491741261497	98.4960426166665
5913.81052429999	0.00015783773192621901	98.56350873833317
5918.36612539999	0.00025054036798004297	98.63943542333317
5930.00582029999	0.00041958868680369354	98.83343033833316
5948.22527939999	0.00015719652727403657	99.13708798999983
5950.75574049999	0.0001709930090165929	99.1792623416665
5955.31045359999	0.00023711415272765292	99.2551742266665
5957.33470149999	0.0004918273792817717	99.2889116916665
5959.86469119999	0.00023735414857290819	99.3310781866665
5973.53002689999	0.0003545322780784351	99.5588337816665
5992.76122169999	0.0002869365152959908	99.87935369499982
6004.40169229999	0.00022813439359727734	100.07336153833316
6019.07826939999	0.00028694588732285905	100.3179711566665
6028.69395859999	0.00024712548842813187	100.47823264333316
6056.02224579999	0.00022323430074423886	100.9337040966665
6073.22991439999	0.00019233741779551457	101.22049857333316
6151.16840639999	4.108260890999622e-05	102.51947343999983
6171.41213829999	0.0002300027523341911	102.8568689716665
6199.75335779999	0.000281795378128836	103.32922262999983
6201.27092199999	0.00012026838840359539	103.35451536666649
6208.35708179999	0.00028656530706165097	103.47261802999984
6248.3374063	0.00034684407285950187	104.13895677166667
6250.3628504	0.00023736903461372085	104.17271417333333
6250.86898099999	0.00034856683769112726	104.18114968333316
6252.8929318	0.0004519001970847032	104.21488219666666
6256.43511199999	0.0002950576261292035	104.27391853333317
6279.71516219999	6.203662868145093e-05	104.66191936999984
6284.27108649999	0.0001672285846401106	104.73785144166649
6287.81402849999	0.0005738248078146362	104.79690047499983
6306.53847409999	0.000420149805137418	105.10897456833317
6312.10512329999	0.0006884720308237478	105.20175205499983
6318.17957709999	0.00022292649630792355	105.3029929516665
6323.74603079999	0.00039226404974319857	105.39576717999984
6341.45945789999	0.0001491833081225107	105.69099096499984
6353.09961209999	0.00013509961240025932	105.88499353499984
6370.81196669999	0.00033711843529171215	106.18019944499983
6384.98321979999	0.0006671128385973041	106.4163869966665
6392.57405009999	0.00038992426335929703	106.54290083499983
6407.25157709999	0.00035065629433834745	106.78752628499983
6437.10995159999	0.00042950982475317386	107.28516585999984
6441.15886219999	0.00036498528581332035	107.35264770333316
6444.19559529999	0.0004351689205311106	107.40325992166649
6452.29391449999	0.0003945860153425624	107.53823190833317
6462.92080289999	0.0001223330826814514	107.71534671499984
6465.95801689999	0.0002904169407549441	107.76596694833317
6466.96985699999	5.0251087936053815e-05	107.78283094999983
6468.99412969999	0.0002868320574792635	107.81656882833316
6472.53737219999	0.0006317982753225828	107.87562286999984
6507.96391259999	0.0003591526665695583	108.46606520999984
6510.49329159999	0.00044267900312961	108.5082215266665
6532.25580849999	0.00034670351742013296	108.8709301416665
6557.56107069998	0.0003034793800159936	109.29268451166632
6562.11530989998	0.0005959697966578195	109.36858849833301
6593.99900539998	0.00031781913405476783	109.899983423333
6595.51762929998	0.00022899717862327773	109.92529382166634
6597.54135949998	0.0002336827393431167	109.959022658333
6604.12149559998	0.00042883471531594646	110.068691593333
6610.19426909998	0.0002445715637444708	110.16990448499968
6613.73635009998	0.0001957948649947788	110.228939168333
6644.10393199998	0.00026303204208512674	110.735065533333
6647.64673039998	0.00024685149634219307	110.79411217333299
6661.31016529998	0.00042624153833647154	111.021836088333
6680.03549109998	0.0002684736289445669	111.33392485166634
6681.04738909998	0.0003223076830967083	111.350789818333
6694.71206449998	0.0004210304142257712	111.57853440833301
6695.72516379998	0.0002598024274138612	111.59541939666633
6719.51107439998	0.0002258585948052523	111.99185123999968
6721.53541919998	0.0004564993683065642	112.02559031999968
6731.15084869998	0.0003089020528327579	112.185847478333
6741.27303069998	0.0003176323113858967	112.35455051166633
6751.39498799998	0.0003269107287648633	112.52324979999966
6758.48040439998	0.000343546270742037	112.641340073333
6780.74868799998	0.0002930370613109155	113.01247813333299
6783.78479429998	0.00029143513445600876	113.06307990499967
6784.29050069998	0.00020573018431900588	113.07150834499967
6789.35223229998	0.0003414748480537954	113.15587053833299
6798.46147019998	0.00020116739304686682	113.30769116999967
6810.60754999998	0.00098689158852178	113.51012583333299
6811.11349699998	0.00027124703601471407	113.51855828333301
6814.14965979998	0.0004175087620558213	113.56916099666634
6837.93590589998	0.00035156725899368224	113.96559843166634
6853.62551469998	0.0003270697829087989	114.22709191166634
6856.66242309998	0.00044839199000181265	114.27770705166633
6876.39912369998	0.00016827897594594093	114.60665206166634
6899.68005669998	0.00042706853852364686	114.99466761166633
6911.31998999998	0.0005538061749388505	115.18866649999967
6920.93637989998	0.00010298527202204536	115.34893966499968
6932.06961049998	0.0001317075537748078	115.534493508333
6934.60052469998	0.00037878584650052313	115.57667541166634
6941.17917379998	0.0004977233135645512	115.686319563333
6943.20417619998	0.0005668317984874132	115.720069603333
6944.21564439998	0.00035106601377296354	115.73692740666634
6953.83307849998	0.0003446891143082385	115.89721797499966
6958.38761059998	0.0003794947584634846	115.97312684333299
6987.74045769998	0.0008971105471706512	116.46234096166633
7030.75862419998	0.00019569714779172853	117.17931040333299
7032.78255859998	0.0007154330123236843	117.213042643333
7049.48388369998	0.00023779771341179103	117.49139806166633
7108.69648979998	0.0002508086972739024	118.47827482999966
7138.55718119998	0.00046207983317733204	118.97595301999966
7143.11060629998	0.0006402753947728658	119.051843438333
7165.88478079998	0.0004757964183229428	119.431413013333
7174.99495259998	0.0002479883502093746	119.58324920999966
7191.69625589998	0.00037478036065974086	119.86160426499967
7235.72587729998	0.00021825440347452238	120.595431288333
7238.76279629998	0.00043954864058678067	120.64604660499967
7254.95761459998	0.00028053651458674904	120.915960243333
7262.04280699998	0.0001977187128941614	121.034046783333
7281.27396769998	0.0003544585422836716	121.354566128333
7293.92637209998	0.00047007912623761263	121.56543953499967
7304.55507159998	0.00032736969213655737	121.74258452666633
7330.87190739998	0.00013124980698557797	122.18119845666634
7371.86539969998	0.0003119922152723089	122.864423328333
7374.39499689998	0.0005122831281726023	122.90658328166633
7377.93766469998	0.00028740769573708756	122.96562774499967
7386.03591929998	0.000588504999970981	123.10059865499967
7445.24864069998	0.0004424769163696938	124.08747734499966
7451.82832309998	0.0005705364474915494	124.197138718333
7460.43126299998	6.180324565924904e-05	124.34052104999968
7495.35216519998	0.00037803710043432027	124.92253608666633
7508.00411489998	0.00043442098145632754	125.13340191499967
7541.91195929998	0.000517731135749566	125.69853265499965
7570.75948199998	0.0005530422476186551	126.17932469999967
7581.38785479999	0.00046140216311993485	126.3564642466665
7603.14953579999	0.0002831964043192019	126.71915892999984
7614.79009029999	0.0005090608121930058	126.9131681716665
7622.38150779999	0.0004181975005880902	127.0396917966665
7623.89878219999	0.0005330551775430646	127.06497970333317
7627.44248879999	0.0006228094388684121	127.12404147999983
7638.07003529998	0.000404791446401255	127.30116725499967
7646.16717659998	0.0005186012703101299	127.43611960999966
7647.18021949999	0.00026684938275057623	127.45300365833317
7647.68627629999	0.0004863470071785571	127.46143793833316
7667.92880699999	0.00021491926313395497	127.79881344999984
7669.95311919999	0.0005685685776384924	127.8325519866665
7710.44088509999	0.0003535978582072589	128.50734808499982
7733.72185519999	0.00041744146332207505	128.89536425333318
7736.75769309999	0.00041494653889918094	128.9459615516665
7744.85555569999	0.00033354161635566797	129.08092592833316
7755.48379389999	0.0002998835488700738	129.2580632316665
7765.09856709999	0.0005439764100547081	129.4183094516665
7777.24465329999	0.00023450880873712818	129.6207442216665
7780.28134889999	0.0004545367390880166	129.67135581499983
7795.46436639998	0.00045982982786217744	129.92440610666634
7809.63526049999	0.00025934161242458897	130.16058767499985
7822.28751609998	0.0006918006536546363	130.37145860166635
7826.33609569999	0.0004788350225568851	130.43893492833317
7830.38477999999	0.00035624396598607906	130.50641299999984
7846.58049549999	0.0002735459524891605	130.7763415916665
7847.08633689999	0.0001164849762381849	130.7847722816665
7860.75067499999	0.0002444407998855098	131.01251124999985
7874.41562939999	0.0003441681821606838	131.24026048999983
7876.43897659999	0.0004078228204534416	131.27398294333318
7891.62233059999	0.0004512315248020338	131.52703884333317
7905.79242569999	0.00045369557260941605	131.76320709499984
7913.88992539999	0.00023734820281891633	131.89816542333315
7914.39702179999	0.0006143244434354091	131.90661702999984
7936.15802349999	0.0001898732105268327	132.2693003916665
7941.72598239999	0.00037481337853429125	132.3620997066665
7948.81073629999	0.0003342378978027837	132.48017893833315
7949.31748999999	9.511651773422443e-05	132.48862483333318
7973.61014799999	0.00022856483711551176	132.8935024666665
7989.29867659999	0.00039345504803941237	133.15497794333317
7993.85367329999	0.0005172644134644041	133.23089455499982
8003.97547949999	0.0003334466255752643	133.39959132499982
8008.52934649999	0.0003406269526605951	133.47548910833316
8021.68790519999	0.00038360795823967603	133.69479841999984
8031.30388979999	0.00044094468489655	133.85506482999983
8032.82245899999	0.0005751523280572838	133.8803743166665
8038.38950779999	0.0006496932121274662	133.97315846333316
8040.91997429999	0.00024506445967145923	134.01533290499984
8064.20027219999	0.00043093629622578	134.40333786999983
8069.26153349999	0.0001715915300928646	134.48769222499985
8081.40666719999	0.0005003522403817488	134.69011111999984
8089.50442279999	0.0003818042457015845	134.82507371333315
8092.03455799999	0.000345065225147728	134.86724263333318
8112.27815459999	0.00044417448410894903	135.20463590999984
8127.46102789999	0.0003565525857709709	135.45768379833316
8140.11403489999	0.00025139106354255534	135.66856724833318
8154.78977379999	0.00040734520144400924	135.9131628966665
8174.52733839999	0.00025877033094269845	136.24212230666652
8188.19231159999	0.00028146375313327577	136.46987185999984
8195.78419429999	8.399475519065483e-05	136.59640323833315
8207.93068079999	8.213725663069959e-05	136.79884467999983
8210.96668569999	0.0003238232053727132	136.8494447616665
8225.13747539999	0.000294511330024108	137.08562458999984
8240.3198587	0.00015348422420340366	137.3386643116667
8241.3318941	0.00028414114161400965	137.35553156833333
8288.3989914	0.00026021964866190567	138.13998318999998
8288.9056878	0.0002664408263471914	138.14842812999999
8296.4966699	0.0002445691738142485	138.27494449833333
8336.4772073	0.00021945283094151915	138.94128678833334
8349.12996089999	0.00029818294241521425	139.15216601499984
8356.72095919999	0.00026537253046697085	139.2786826533332
8359.75763549999	0.0002516746819290342	139.32929392499983
8361.78186109999	0.0002592935193667137	139.36303101833315
8368.86826279999	5.3656176586054226e-05	139.48113771333317
8378.48333459999	0.0001591074237555585	139.64138890999985
8386.58105539999	0.00021789041005367785	139.77635092333318
8387.08686829999	0.00021648717542169262	139.78478113833316
8397.20874209999	0.00026700901134746964	139.95347903499984
8398.72682569999	0.00019583979053190625	139.97878042833318
8430.61041699998	0.00021175700562760285	140.51017361666632
8452.87898649998	0.00032857579685526233	140.88131644166634
8454.90310949998	0.0003059678296681949	140.91505182499967
8464.51887119998	0.00016417096549852287	141.07531451999967
8477.67698899997	0.00010157786815344322	141.29461648333285
8486.28066569997	0.00035621518207373446	141.4380110949995
8494.88463949997	0.0002972861897511218	141.58141065833283
8509.56190369997	0.0003093655626231129	141.82603172833285
8510.06706139997	0.00029285755761846214	141.83445102333283
8525.24960379997	0.0002294030678936255	142.08749339666616
8528.28616179997	0.00034088915253954066	142.13810269666615
8541.95157099997	0.0004972102860695569	142.36585951666618
8559.15902339997	0.00022021789732162942	142.6526503899995
8565.23121359997	0.0003156533601427126	142.7538535599995
8599.64674349996	0.00022641610946882632	143.32744572499934
8622.41999559996	9.460188373926394e-05	143.706999926666
8623.93875539996	0.0002536827894222177	143.73231258999934
8663.91970149996	0.00017831223305242214	144.398661691666
8677.07917919997	3.8385652978342817e-05	144.61798631999952
8681.12756389997	3.921910064327169e-05	144.68545939833285
8719.08415619996	0.0003252999649408617	145.31806926999934
8721.10889239996	0.00030303320564721537	145.35181487333267
8733.25505969996	0.00021005499131952237	145.55425099499934
8747.42584829996	0.000255570613552023	145.79043080499932
8759.57136339996	0.00018722997559743204	145.992856056666
8764.63277719997	0.0004362869785349831	146.07721295333283
8780.32132189997	0.00018791115823022154	146.33868869833285
8793.98527739997	9.562594074317907e-05	146.5664212899995
8820.80869499998	0.0001750432888917872	147.01347824999965
8823.33921529997	0.00029907556359942065	147.05565358833283
8828.40042329998	0.0005467650000869135	147.14000705499967
8839.02756419998	0.0002488152998789853	147.31712606999966
8860.78955339998	0.00017157206806731864	147.67982588999968
8871.92448679998	0.0002865749796302844	147.86540811333302
8898.24152239999	0.0003030966684316503	148.3040253733332
8907.35061339999	0.00023195079934139519	148.4558435566665
8988.83155309999	0.0002997037981755531	149.81385921833316
8995.40999019999	0.000309543388058714	149.9234998366665
9003.50786099999	0.00022514237596117623	150.0584643499998
9010.08720299999	0.00024309018164372285	150.16812004999983
9012.61781969999	0.0004300261183450884	150.21029699499982
9018.18417269998	0.0002528124435347583	150.30306954499966
9018.69020299998	0.00022876017089830462	150.311503383333
9049.05604479998	0.0002507738591282111	150.81760074666633
9056.14094809999	0.00043203527892307213	150.93568246833317
9082.96401269999	0.00018583705906216995	151.3827335449998
9089.03755349999	0.0003070652092107521	151.48395922499984
9101.18383979999	0.0003767913719937339	151.68639732999983
9108.77573699999	0.000265085157718562	151.81292894999984
9125.47629639998	0.00028035541775995156	152.09127160666634
9126.48805759998	0.00026716500744343745	152.108134293333
9143.69657489998	0.0004222216428122653	152.39494291499966
9166.46964019998	0.00014431640988593026	152.77449400333302
9180.13482279997	0.0002806383374914286	153.00224704666616
9187.21993539998	0.00026324880648683006	153.12033225666633
9203.92068399997	0.00021133188174400386	153.39867806666615
9215.05447879998	0.0003662931437203856	153.58424131333302
9219.10397959998	0.00029874659946258993	153.651732993333
9233.78024329997	0.0002725897119747901	153.89633738833285
9246.93910529997	0.00021262008695727637	154.1156517549995
9249.97542079997	0.000322809009573494	154.16625701333285
9253.01246419997	0.00022550739163117013	154.21687440333284
9260.60317489997	0.0002504806759450354	154.34338624833285
9274.77416319997	0.0002205452833112788	154.57956938666618
9276.79891769997	0.00018682687070829904	154.61331529499952
9279.32935969997	0.0003793547600601193	154.65548932833283
9282.87087599997	0.00028621245517649767	154.7145145999995
9297.04264959997	0.00037474220962235415	154.95071082666618
9313.23770349997	0.0001735985877477446	155.22062839166617
9318.29829049997	0.00034197157800707276	155.30497150833284
9323.35816999997	0.00029929222652360797	155.38930283333283
9326.90160719997	0.0003127520029926074	155.4483601199995
9332.46876609997	0.0003632488398890527	155.54114610166616
9341.07179539996	0.00019316002038754669	155.68452992333266
9350.68817069996	0.0002855894761122992	155.84480284499932
9388.64535669996	0.0002603759433883488	156.47742261166601
9397.75428839996	0.0002291858856088561	156.62923813999933
9409.90051279996	0.0003922593091252537	156.8316752133327
9413.94889469997	0.00024049217459731875	156.8991482449995
9421.54059339997	0.0006891025930876318	157.02567655666616
9428.62628749997	0.00026144412226077865	157.14377145833285
9449.88155149998	0.00026053077223689355	157.49802585833302
9454.43699509998	0.0003105800251171255	157.573949918333
9455.44827469998	0.0002778810889211013	157.590804578333
9471.13821769997	0.00020929329471353715	157.85230362833283
9496.44295189998	0.00021527613893687815	158.27404919833302
9517.69806639998	0.0002402877736399846	158.62830110666633
9520.73547659998	0.00019115952655284382	158.67892460999968
9526.30209539998	0.00030385429593400977	158.77170158999968
9530.85723019998	0.0003128351440471066	158.847620503333
9545.02757419998	0.00023121506525164193	159.08379290333298
9555.14878169998	0.00020498672206908892	159.25247969499966
9556.66779959998	0.0002490702225535628	159.27779665999967
9561.72813979998	0.00032205167881347777	159.362135663333
9563.24637449998	0.0006235964508035434	159.38743957499966
9571.34357749999	0.00036339034558971267	159.52239295833317
9588.55099279999	0.00023092852194388816	159.80918321333317
9639.1603556	0.00025135701812691226	160.6526725933333
9658.8975195	0.00038849725135951606	160.981625325
9661.9343881	0.00023944454984424629	161.03223980166666
9670.03293790001	0.0003755543568907781	161.16721563166683
9671.04482060001	3.616941755181269e-05	161.18408034333348
9678.13009490001	0.00022390173501364542	161.30216824833352
9687.23886530001	0.00016940037644528098	161.4539810883335
9705.4583357	0.0003096501398319525	161.7576389283333
9720.6414242	0.00033058729653836805	162.0106904033333
9724.1839325	9.252435663107455e-05	162.06973220833333
9736.32968990001	0.00018164655154444235	162.2721614983335
9749.99516960001	0.00018389379450791947	162.4999194933335
9763.15341560001	0.0002906573712609533	162.7192235933335
9774.79377670001	0.00025060224762710995	162.91322961166682
9776.81804330001	0.00027678548901985286	162.94696738833352
9785.92681050002	0.00016858705463813518	163.09878017500031
9786.43340050002	0.0002245515842343402	163.107223341667
9811.23201930001	0.0002770590417513888	163.52053365500018
9812.75104600001	7.501031391816375e-05	163.54585076666683
9815.28078350001	0.00010438602532086017	163.5880130583335
9820.34131700001	0.00025911672728718495	163.6723552833335
9823.88513690001	0.00015608618523225125	163.7314189483335
9846.6584631	0.00010708786251395528	164.11097438500002
9854.249661	0.00028937421834275784	164.23749435
9896.76118909999	2.9747385204840493e-05	164.94601981833318
9903.34056189999	0.00020248368348076433	165.05567603166648
9936.74325969999	0.00022361943733587743	165.6123876616665
9947.87689349999	0.0001782911700994792	165.79794822499983
9953.95050599999	0.0002414310410285331	165.89917509999984
9955.97410029999	0.00037157497066438405	165.9329016716665
9962.04727019999	0.00025278448097297486	166.03412116999982
9980.77229339998	7.573249170465033e-05	166.34620488999965
9986.33947429999	0.00019123111787579643	166.43899123833316
10004.0526851	0.00021554817599046334	166.73421141833333
10014.1747637	0.00016668160511240787	166.90291272833335
10016.7057287	0.0001673051972991259	166.94509547833334
10030.8762904	0.000301194146203182	167.18127150666666
10044.5401593	2.5748892225436702e-05	167.40900265500002
10049.0954221	0.00016513702822008327	167.48492370166665
10049.6008399	0.00021503397869390134	167.49334733166668
10059.7230902	0.00012365124801089056	167.66205150333332
10073.8934214	0.00023752587048137862	167.89822369
10078.9549038	0.0001081696218212208	167.98258173000002
10090.5943577	0.00018005838954165648	168.17657262833333
10099.1981382	0.00020816672089419048	168.31996897
10105.7774996	0.00024179717753837664	168.42962499333333
10115.8989148	0.00010864705169510294	168.59831524666666
10118.4302223	0.0001337212711631723	168.640503705
10132.6004197	0.00012745202910458122	168.87667366166667
10155.8815491	0.00011961513420927295	169.264692485
10158.9168309	2.5477663732205977e-05	169.31528051499998
10190.8006178	0.00015890174277164926	169.84667696333332
10191.813431	0.00017971066582801688	169.86355718333334
10193.3319178	0.0002448714142313837	169.88886529666667
10202.9474327	0.00018638397163051198	170.04912387833335
10207.5015269	0.00015430522442716902	170.12502544833333
10225.2151927	0.0001801297614017041	170.42025321166665
10262.6659651	0.00022424518386393282	171.04443275166668
10284.934016	0.0002947884593454214	171.4155669333333
10301.6354731	0.0001557360592772721	171.69392455166664
10323.3974778	0.0001355269050368869	172.05662463
10350.2208951	0.00018209013461663524	172.50368158499998
10358.8233822	0.00016206227602561925	172.64705637
10421.0729609	0.0002722854783201313	173.68454934833335
10422.0861558	0.00012884664601590286	173.70143593
10425.6281072	0.00020759893277911765	173.76046845333335
10431.7007586	0.0001294712171211922	173.86167931
10433.2197668	0.0001766319036807957	173.88699611333334
10441.8236723	0.000126346890246668	174.03039453833335
10443.8478248	6.031766628414791e-05	174.06413041333332
10451.9449331	0.000147698339568553	174.19908221833333
10456.5002027	0.00023841511108959825	174.2750033783333
10459.0309425	2.6562165206042715e-05	174.317182375
10466.6210379	0.0001409874902493283	174.44368396500002
10480.7927239	3.406779718758978e-05	174.67987873166666
10489.3956452	0.0001804724416380735	174.82326075333333
10514.1940438	0.00024635419649162994	175.23656739666666
10529.3776841	0.00016796576824382642	175.48962806833333
10541.0174686	0.00022247348498519447	175.68362447666667
10547.090312	0.0001388314458452802	175.78483853333333
10552.6567638	0.00013284457358922252	175.87761272999998
10555.188142	0.0001751839431402973	175.9198023666667
10559.7421097	0.00023851996879708994	175.99570182833335
10582.0109008	0.00019445444358866438	176.36684834666667
10592.1321431	0.0002745881178232651	176.53553571833334
10610.8577227	0.00044036359233198135	176.8476287116667
10611.3642614	0.000107754012981793	176.85607102333333
10624.0161128	0.00012221561848636792	177.06693521333332
10647.2969991	0.00016980044037854473	177.454949985
10659.9487451	0.0002585048376926303	177.66581241833333
10670.0709836	0.00017539269440225243	177.83451639333333
10712.0764928	0.0001708555366186261	178.53460821333334
10737.3807586	0.0002273269582575363	178.95634597666668
10760.1552317	0.00017810401729828154	179.33592052833333
10770.7838057	0.00015237495340951704	179.51306342833334
10812.2823887	0.0003067758069965612	180.20470647833332
10821.3929581	0.000305253582894755	180.35654930166666
10831.0081499	0.0002210629627035948	180.51680249833333
10843.1541221	0.00013065709200522628	180.71923536833336
10848.2153345	2.3783639796342854e-05	180.80358890833335
10862.3862573	0.00017391319546707055	181.03977095500002
10868.9646773	0.00018377785281133898	181.14941128833334
10882.6293348	0.0001282012212742571	181.37715558
10886.1725013	0.00016631673383070533	181.436208355
10886.6787576	0.0002086246434364338	181.44464596
10936.2752696	0.00021634204882730037	182.27125449333334
10949.9404051	0.00017439155689657465	182.49900675166666
10961.5803239	0.00016963243102976016	182.69300539833333
10979.2932278	0.00020741523678011997	182.98822046333333
10986.8850948	6.16281841904246e-05	183.11475158
10987.8964561	0.00015983724871165196	183.13160760166664
10991.4388443	0.0001640774380526445	183.19064740500002
11002.5728695	0.0002019097120132636	183.37621449166667
11014.2141205	0.00015857780308509714	183.5702353416667
11016.7437325	0.0001658501735047969	183.61239554166664
11031.9272568	0.00013332655099205126	183.86545428
11039.0126731	0.00015961406057643328	183.98354455166665
11059.256129	0.0002494166832726434	184.32093548333333
11062.2931162	0.00019122312922295696	184.37155193666666
11074.4391047	0.0001043385434444198	184.57398507833335
11076.9689332	0.0001670474228035597	184.61614888666665
11094.6824811	0.0002467351884689173	184.911374685
11101.2616705	0.0002662864779395712	185.02102784166667
11107.8406654	0.0001841310620930254	185.13067775666664
11111.3842199	8.457937188911484e-05	185.18973699833333
11115.9381663	0.00015885168833584966	185.265636105
11119.9874284	0.0001848050129983462	185.33312380666666
11124.5425484	0.000171866387612603	185.40904247333336
11190.8395591	0.00042738542782953955	186.51399265166668
11237.9073155	0.00016209212687639255	187.29845525833335
11243.4733147	9.258751234500164e-05	187.3912219116667
11252.0767533	0.0002853375167678421	187.534612555
11259.1625767	0.0002086548751566256	187.65270961166667
11265.742008	0.00018397000561975245	187.7623668
11266.248506	0.00032207115824123934	187.77080843333334
11276.3695459	0.00018603100025125528	187.93949243166665
11285.4794432	0.00021070203419780903	188.09132405333332
11292.5638842	0.00016572011131140942	188.20939807000002
11319.3874643	0.0001708933712553862	188.65645773833333
11326.4732663	0.00027835776314448144	188.77455443833333
11337.6070392	7.158861648025735e-05	188.96011732
11339.1246946	0.00013258210433898424	188.98541157666665
11348.7405428	5.3992304675733584e-05	189.14567571333333
11352.789155	0.00019609321969982652	189.21315258333334
11373.0338834	0.00021937216487771504	189.55056472333334
11398.8444967	0.00018980591766242438	189.98074161166667
11400.3627296	0.00016826153269972914	190.00604549333332
11431.7393635	0.00019375770845557542	190.52898939166667
11441.3558734	9.079449054602367e-05	190.68926455666667
11447.4283946	0.00025786752896571764	190.79047324333334
11466.6600488	0.00027045859857566343	191.11100081333333
11468.178985	0.00024832341896777047	191.1363164166667
11488.9292102	0.00028764950880602206	191.48215350333334
11492.4723702	0.00024949889020866103	191.54120616999998
11501.5821219	0.00023570585526851693	191.69303536500001
11515.7529127	0.00020413155613146293	191.92921521166667
11540.5509843	0.00015907601723431735	192.342516405
11541.0566496	0.00020518981708400515	192.35094415999998
11559.2761563	0.00011613088166219987	192.654602605
11563.325009	0.00012611814202168842	192.72208348333334
11579.5196826	0.00017782023851748455	192.99199471
11639.7454137	0.00016638392688929373	193.995756895
11646.8313434	0.00022964729283828515	194.11385572333333
11663.0258519	0.00017987010079794776	194.38376419833332
11664.0372733	7.762542308709458e-05	194.40062122166668
11725.2748334	0.00015044605655277935	195.42124722333335
11745.5181479	0.00019792870287157102	195.75863579833333
11755.6406714	9.722270620622365e-05	195.92734452333335
11775.3777643	0.00012118849683785479	196.25629607166667
11780.43865	0.00012935044920671414	196.34064416666666
11801.6955412	0.00010026326652357075	196.69492568666666
11851.2912559	8.289368134755102e-05	197.52152093166666
11853.8225454	7.594797531913243e-05	197.56370909
11875.0783416	8.876911598369066e-05	197.91797236
11889.7551678	6.596402050704991e-05	198.16258613
11908.9860695	8.31478976190395e-05	198.48310115833334
11914.047785	1.6682626379236135e-05	198.56746308333334
11922.1446885	9.381283268659826e-05	198.70241147500002
11933.7850779	3.24283867720719e-05	198.896417965
11940.8702683	6.646260309635575e-05	199.01450447166664
11954.0293098	0.00013469509137491027	199.23382183
11957.0653014	0.00010457203167593678	199.28442169
11958.0776843	8.320508241548317e-05	199.30129473833333
11965.1629118	0.00010382846582700865	199.41938186333334
11985.9124189	7.838450813721144e-05	199.76520698166667
11996.5400758	7.655880816623269e-05	199.94233459666665
12025.8942276	7.999740548955169e-05	200.43157046
12048.6682817	0.00010320287891161347	200.81113802833335
12049.6795287	3.5102442775772356e-05	200.827992145
12075.4901358	0.0001355242667598871	201.25816893
12088.6496849	7.825244423358046e-05	201.47749474833333
12091.179044	5.565665301623592e-05	201.51965073333335
12121.0391731	0.00010150812535248129	202.01731955166667
12123.0627087	6.472810247019258e-05	202.051045145
12183.2881687	0.0001441724501362181	203.0548028116667
12194.9288221	7.641791980625118e-05	203.24881370166668
12216.6907017	0.00012528211505688361	203.611511695
12251.611507	0.0001789047915370255	204.19352511666665
12273.8794866	4.483722583335042e-05	204.56465811
12287.0382017	6.0772402699457785e-05	204.78397002833333
12297.1597587	0.00011352325804044036	204.952662645
12361.4336084	9.166177965218228e-05	206.02389347333335
12362.445754	9.517694309417744e-05	206.04076256666667
12372.5673647	0.00017331286108166236	206.20945607833335
12397.8716988	0.00010168596930092621	206.63119498
12410.5234933	0.00015189403772325778	206.84205822166666
12418.1151827	1.4060667719237836e-05	206.96858637833333
12440.8890456	0.00018152890379935006	207.34815076
12446.4564668	4.663836020777546e-05	207.44094111333334
12450.505625	4.507080341524013e-05	207.50842708333332
12556.7851352	7.500451125459952e-05	209.27975225333333
12608.4064701	0.0001120881997439058	210.140107835
12643.3258704	0.00010986390820955504	210.72209784
12651.4240281	6.991569683206081e-05	210.857067135
12660.5340288	9.090565433169943e-05	211.00890048000002
12677.2341192	0.00022002555135435081	211.28723532
12678.7530739	9.470711651394857e-05	211.31255123166665
12702.0331131	8.370821922084801e-05	211.700551885
12723.7958745	8.83469975574063e-05	212.063264575
12745.0506802	9.515006524575903e-05	212.41751133666668
12746.0632729	0.00011565437756598194	212.43438788166668
12747.5813672	0.00010686726802593538	212.45968945333334
12758.2098445	8.444569874734694e-05	212.63683074166664
12761.7526673	9.366170588788006e-05	212.69587778833332
12794.1418778	4.228503267623234e-05	213.23569796333334
12801.7331633	9.889582646556761e-05	213.36221938833333
12855.3793239	0.00010129639856421424	214.256322065
12875.1167945	0.00010175436310610157	214.58527990833332
12877.1405638	7.950682438692257e-05	214.61900939666666
12889.2867865	9.943670450636395e-05	214.82144644166667
12895.3602951	7.293785755572116e-05	214.922671585
12914.5917426	0.00013053230626590263	215.24319570999998
12933.3176552	7.891746757433712e-05	215.55529425333333
12950.524642	0.00012940906681789766	215.84207736666667
13007.713432	0.0001535865206105768	216.79522386666667
13022.3897124	0.00011083647964323134	217.03982854
13028.9690476	0.00016283828015388365	217.14948412666666
13037.5721838	8.973605799743895e-05	217.29286973
13046.1757714	9.757225880402596e-05	217.43626285666667
13099.3150447	0.000114856537006745	218.32191741166667
13131.1992125	0.00012027535616849834	218.85332020833332
13205.5952707	8.826089921808867e-05	220.09325451166666
13223.8142824	0.00011563740818827581	220.39690470666667
13237.9857745	9.260501692403932e-05	220.6330962416667
13244.0574585	7.784806711211094e-05	220.734290975
13274.930361	0.00012774049452691241	221.24883935
13280.4973196	9.592335101375098e-05	221.34162199333332
13287.5819272	9.433830088313726e-05	221.45969878666668
13315.4172331	0.00011116429439612523	221.9236205516667
13346.7953812	7.069347580787689e-05	222.44658968666667
13351.8561408	0.00011790810540692048	222.53093568
13356.4109158	1.644879927420587e-05	222.60684859666665
13407.0198104	0.00019348995970294903	223.45033017333333
13416.6353542	0.00018711743456016296	223.61058923666667
13465.7261133	0.00024798776252828213	224.42876855499998
13467.244621	0.00010627203581919192	224.45407701666667
13473.3179451	0.00021190850093655988	224.555299085
13481.9210238	0.00016050387923369927	224.69868373
13534.0495049	0.00025624976370411135	225.56749174833334
13545.1833213	4.7971232021166384e-05	225.75305535500001
13548.2199436	0.00026583114383263315	225.80366572666665
13550.7498548	0.00015862035763062742	225.84583091333334
13565.4274876	0.0002136274491451048	226.09045812666668
13573.5243897	0.00010668251664056755	226.225406495
13593.7674393	0.00026468139862850137	226.562790655
13622.614792	2.550517244897265e-05	227.04357986666668
13656.016837	0.00019576063395823629	227.60028061666665
13667.657422	0.0001567577881826664	227.79429036666667
13673.2243222	6.207507163136556e-05	227.88707203666667
13687.3942861	0.0003961862861183284	228.12323810166666
13702.5772167	0.00013615282165085877	228.376286945
13716.7481701	0.00021058619208123302	228.61246950166665
13733.9554528	0.0002376019551246593	228.8992575466667
13754.7046585	0.00021197628238908597	229.24507764166668
13760.2718579	0.00029827068361620526	229.33786429833333
13764.8276033	0.0001677182244081061	229.41379338833335
13776.4666498	0.00016834268570476137	229.60777749666667
13788.1067746	0.00014591213766835433	229.8017795766667
13854.4056673	8.038338828125858e-05	230.90676112166665
13874.1437673	0.0001352914975780351	231.235729455
13876.1672996	0.00014361896502295963	231.26945499333334
13897.4231512	0.00015405451054902183	231.62371918666668
13898.4353008	0.00022310898001180358	231.64058834666668
13900.9654313	0.00027441789180423403	231.6827571883333
13901.9786053	0.00019377813007947099	231.69964342166668
13929.307109	0.00017475054208948438	232.15511848333333
13968.7830522	0.00038789368957376733	232.81305087
13974.3494345	0.00018360813818544703	232.90582390833333
14029.5136414	0.0002243923505888044	233.8252273566667
14052.7936375	0.00015288005170125386	234.21322729166667
14057.3481521	7.825151086732457e-05	234.28913586833332
14084.1716775	0.00010632068863248702	234.736194625
14086.1957354	0.0001851253878722656	234.76992892333334
14108.4638947	0.00020044893747867037	235.14106491166666
14135.2874027	0.00015557616745378875	235.58812337833334
14146.4203937	0.0002338843232649026	235.77367322833334
14153.0001718	0.0002176063416055939	235.88333619666668
14178.3039354	3.1527325521212373e-05	236.30506559
14183.8708522	0.00017137117299326053	236.39784753666666
14185.8952786	0.0001858076538668848	236.4315879766667
14210.1878133	0.00014379030276274552	236.836463555
14218.2860161	0.0001418523904205122	236.9714336016667
14220.3099809	0.00027666732157965014	237.00516634833332
14224.359045	0.0001315391844961756	237.07265074999998
14234.9868955	0.00019871198069655046	237.24978159166668
14250.1690448	0.00021874411561415794	237.50281741333336
14252.7000181	0.00022917979939431776	237.54500030166668
14258.7727996	0.00017818917456658277	237.64621332666667
14268.3889777	0.00017197594314793997	237.80648296166666
14273.9565232	0.0001724153659493336	237.8992753866667
14280.0293207	0.0001587961995914555	238.0004886783333
14286.1016014	0.00013426614397806172	238.10169335666666
14298.2488426	0.00012514743396329923	238.30414737666666
14309.3827604	0.00014941169768666718	238.48971267333334
14318.4926074	0.00019232542097014665	238.64154345666665
14382.2603131	0.0004233405290586577	239.70433855166667
14386.3092478	0.00018633483916122054	239.77182079666667
14394.406049	7.051822475105488e-05	239.9067674833333
14397.9488943	0.00016580344406105207	239.965814905
14415.1550875	2.911403092492365e-05	240.25258479166666
14418.1924859	0.00015044407656063518	240.30320809833333
14427.3020198	0.0002814377518047272	240.45503366333332
14446.533508	0.00020128198432347834	240.77555846666667
14449.0632838	6.413986963718606e-05	240.81772139666666
14465.7650584	0.00021112769151949404	241.09608430666668
14471.3321805	0.00021117395265282188	241.188869675
14477.9106585	0.00010345478956418285	241.29851097500003
14481.9608345	0.00023002243169144564	241.36601390833331
14507.7703661	0.00012858802280581218	241.79617276833332
14514.855612	0.0002972200406694326	241.9142602
14520.928933	0.00034926886571285944	242.01548221666664
14522.4472929	0.0001236935923330306	242.040788215
14557.367478	0.00037847850512835556	242.6227913
14585.7092172	0.0002358711449809742	243.09515362
14621.135181	0.00018585219465909483	243.68558635
14629.738914	0.00031740375886313516	243.8289819
14649.9826015	0.00014574772724637824	244.16637669166667
14657.0682075	0.0001440169940052926	244.284470125
14667.6961257	0.00015781346335503503	244.46160209500002
14713.2448258	0.0002860267626558862	245.22074709666668
14765.3718143	0.00019606364527562025	246.08953023833334
14770.9391988	0.00019700551615445234	246.18231998000002
14793.7132975	0.00019615101475258957	246.56188829166666
14800.29307	2.5294882114607178e-05	246.67155116666666
14810.9215866	0.00013478262916766722	246.84869311
14811.4270724	0.00016960449253371527	246.85711787333332
14834.7066558	0.00015233303232172274	247.24511093
14837.743606	0.00024075176281218637	247.29572676666666
14844.8284367	8.294715952929834e-05	247.41380727833334
14853.9386473	0.00021037306156250417	247.56564412166665
14857.4818179	0.00013900465297014508	247.624696965
14875.7013486	0.00019899723956598876	247.92835581
14890.8832572	0.00016614298537001297	248.18138761999998
14897.96873	0.00027760774815340807	248.29947883333335
14918.7188595	9.365226223639088e-05	248.64531432500002
14919.2253085	0.0002500829108570552	248.65375514166666
14927.8286655	0.00017635266694419218	248.797144425
14944.5291337	0.00022967257022745466	249.07548556166665
14963.7604928	0.00022274872937688684	249.39600821333335
14964.7726466	7.635588681094511e-05	249.41287744333334
14982.9920419	0.00017456211678596007	249.71653403166664
14990.5837403	0.00013678802263469758	249.84306233833334
15003.2365199	9.387830773427361e-05	250.05394199833333
15023.9856843	0.0001158881151161742	250.399761405
15024.9982142	0.00021219851882274578	250.41663690333334
15034.6136935	2.194516050690395e-05	250.57689489166665
15041.192796	0.0002025279791271723	250.68654659999999
15060.4240398	0.00016517239940629382	251.00706733
15061.9423269	0.0001220123039776011	251.032372115
15062.4493427	0.00013995910084053215	251.04082237833333
15080.6679386	0.0002611677717978452	251.34446564333334
15085.2235887	0.00026169738192855375	251.42039314500002
15097.8756799	0.00016251785485276102	251.63126133166668
15120.6496388	0.00020503273463398267	252.01082731333332
15202.1306455	0.00016676373495178381	253.36884409166666
15211.2401723	0.0002587480102701196	253.52066953833335
15236.0385932	0.00018060049665136578	253.93397655333334
15257.2945004	0.00027562736001652394	254.28824167333332
15282.5995075	2.6983060034910083e-05	254.70999179166665
15288.6732078	0.00027364294447571177	254.81122013
15296.7702843	0.00020600849183055936	254.946171405
15327.6420652	0.00021538688094335326	255.46070108666666
15363.0678442	0.0002853384302609798	256.05113073666666
15366.6114232	0.0001902448925611418	256.11019038666666
15368.6343346	0.00031755391082675493	256.14390557666667
15390.9028513	0.00024974503835509964	256.51504752166665
15433.4143988	0.00020995050160887375	257.2235733133333
15434.9333756	0.0002815403157750377	257.24888959333333
15442.5239343	0.00030833314628576696	257.375398905
15488.0731024	0.00017366661822409534	258.1345517066667
15512.8709859	8.85199605372305e-05	258.54784976499997
15515.4017796	0.0002717669844249869	258.59002966
15516.9205563	0.00021613189116612212	258.61534260499997
15526.0297224	3.4292870717934965e-05	258.76716204
15534.1276547	0.0002741049906889078	258.9021275783333
15537.6694099	0.0002640047378147543	258.96115683166664
15554.8768301	7.755776562043229e-05	259.2479471683333
15571.5784091	0.00021519534837143996	259.52630681833335
15585.7485178	0.000165276253122386	259.76247529666665
15586.2546187	0.0002234143901349198	259.7709103116667
15589.2913067	0.00018651496782616804	259.82152177833336
15599.919526	0.00017507592234709474	259.99865876666667
15614.0904268	0.00015624722814688058	260.2348404466667
15621.6809029	0.0001308562622188813	260.3613483816667
15623.7054411	0.0002493033520237089	260.395090685
15626.7418264	0.0002614626017780708	260.44569710666667
15640.4063056	8.073452119244148e-05	260.6734384266667
15669.2535683	0.00022109762688547142	261.15422613833334
15675.8334654	3.916586673350975e-05	261.26389108999996
15697.0884497	0.0002462715670755147	261.61814082833337
15698.6071084	0.00026223148740922613	261.64345180666663
15709.7420142	0.0002280107988245424	261.82903357
15781.1000886	0.00020586411462112216	263.01833481
15786.1614601	0.0002203787470177726	263.10269100166664
15789.7036579	0.00029243924374410365	263.1617276316667
15793.2465238	0.0002506052979816329	263.2207753966667
15798.8130201	0.00029412190147398465	263.313550335
15817.5385009	0.00022120437386021345	263.62564168166665
15830.1907135	0.0002532064566231878	263.83651189166665
15850.4352571	0.0003122075033658882	264.1739209516667
15854.9895781	0.0002951120510434005	264.24982630166664
15859.0387166	0.00017474901365257435	264.3173119433333
15860.5562687	0.0001409829701073596	264.3426044783333
15867.6426804	0.0002042906597476524	264.46071134
15874.7274542	0.0002988712938792093	264.5787909033333
15918.2514908	0.00021105998120178577	265.3041915133333
15919.2630079	0.00020537165491597384	265.32105013166665
15941.0259049	0.0001810702072293652	265.68376508166665
15952.1598043	0.00019482532757190383	265.86933007166664
15954.6905053	0.0001916428601357436	265.91150842166667
15956.2079147	0.00024450226324981286	265.93679857833337
15957.7259166	0.000257262113149654	265.96209861
15989.1050114	0.0003016931189006103	266.48508352333334
16008.8420455	0.00038443891435039766	266.81403409166666
16014.4082584	0.00023129526804794068	266.9068043066667
16016.9397045	0.00014636258359967445	266.948995075
16018.4571154	0.00013844842020001267	266.9742852566667
16023.0124586	0.00028080101450689114	267.05020764333335
16023.5179149	0.0001844237447749631	267.058631915
16025.542586	6.774085600055276e-05	267.0923764333333
16031.6165311	3.9030815183412896e-05	267.1936088516667
16048.3166149	0.000175161531995118	267.47194358166666
16063.4994736	0.0001645598551310677	267.7249912266667
16064.5119925	0.00015985692456219096	267.74186654166664
16094.8773389	2.942111023501583e-05	268.24795564833335
16095.8895034	0.0003231276339054504	268.26482505666667
16096.3965239	0.0003165572768973837	268.27327539833334
16107.0245941	0.00024374107733556182	268.45040990166666
16125.7495281	0.00019115796571800135	268.762492135
16134.352234	8.495035343298208e-05	268.9058705666667
16138.9077076	0.00017513573019089794	268.98179512666667
16143.9683902	0.00021576579382818662	269.06613983666665
16165.7302299	8.785030308354564e-05	269.428837165
16226.4616903	0.0004118569511829211	270.4410281716667
16244.6807777	0.0001957824529430688	270.7446796283333
16264.9251758	0.00021670969453355232	271.08208626333334
16270.4919033	8.661704361697818e-05	271.174865055
16278.5897015	0.00036930747731530694	271.30982835833333
16284.1562298	9.650256043083724e-05	271.40260383000003
16288.204756	0.0003211043795069538	271.47007926666663
16291.2409867	0.00022044427888893173	271.5206831116667
16313.0042606	0.000178636212526054	271.8834043433333
16316.5455021	0.0002659933652479668	271.942425035
16327.1739548	0.00022236518236742	272.11956591333336
16340.8380273	0.00018634341658265287	272.347300455
16351.9728161	0.00022923455011231004	272.5328802683333
16362.0950014	0.0001079011850610004	272.7015833566667
16371.7098731	0.00019587310946866878	272.86183121833335
16373.7347526	0.00021072465440003077	272.89557921
16401.5703487	0.00012859722789106137	273.3595058116667
16402.5824784	0.00023547293439440535	273.37637464
16419.2823284	0.0001573382490657612	273.65470547333337
16421.3067668	0.0003034626753220213	273.6884461133333
16432.4409387	0.000190899535477797	273.87401564500004
16440.5391169	0.00022861040047342997	274.00898528166664
16448.6359191	0.000320238643591937	274.143931985
16450.1540883	0.00018702251547630879	274.16923480500003
16453.1909395	0.00023140188172390524	274.21984899166665
16456.734318	0.00019388152124453473	274.27890529999996
16459.263739	0.00022885831367406835	274.3210623166667
16461.2889835	0.00020456794696714197	274.35481639166665
16461.7948633	0.00013196812085558877	274.3632477216667
16469.386748	0.00026628415704125103	274.48977913333334
16477.9894611	0.00025963949086674616	274.633157685
16487.6049481	0.0004672204496647577	274.7934158016667
16500.257062	0.00028662472815552874	275.0042843666667
16511.3910944	0.00015500583926106806	275.1898515733334
16516.9593873	0.00014588254480314139	275.282656455
16518.982757	0.00027187824282255273	275.31637928333333
16531.1288222	0.0001770907980701546	275.51881370333336
16539.226911	0.00044013243599151154	275.65378185000003
16562.5070192	0.00014733281778596136	276.0417836533333
16564.531721	0.00033071215970754476	276.07552868333335
16566.0491205	0.00021667326107026446	276.10081867499997
16571.61731	7.132012173796165e-05	276.19362183333334
16598.4401245	0.00032841410008648675	276.6406687416667
16612.6106608	0.0003011972090388418	276.8768443466667
16643.4814429	0.000107356050524267	277.39135738166664
16648.5429604	0.00016234758686275175	277.47571600666663
16659.1703001	0.0002886425522793211	277.65283833499996
16671.823396	0.00030596501582989214	277.8637232666667
16673.8471019	0.00022896603182847298	277.8974516983333
16679.4139076	3.830459676054543e-05	277.9902317933333
16726.4804875	3.928717352358802e-05	278.77467479166665
16742.16936	0.00027160702060740753	279.036156
16746.7239016	0.0001500403785136294	279.11206502666664
16751.7854115	0.0003031366199312695	279.196423525
16775.57139	0.0003367274286127709	279.59285650000004
16797.8405254	0.00027182324866513994	279.96400875666666
16803.9133521	0.0002612487385037226	280.06522253500003
16816.0591669	0.00012130887248786552	280.26765278166664
16831.7479811	0.00027722015814183714	280.52913301833337
16845.918953	0.00025934944312876944	280.76531588333336
16858.0649971	0.00022352934560729688	280.96774995166663
16881.3447668	0.00025013405172599686	281.35574611333334
16893.9977621	0.000228450548985954	281.56662936833334
16904.6254372	0.0001469405315005658	281.74375728666666
16929.9305726	0.0001791947560553172	282.1655095433333
16935.4973474	0.000337532937479275	282.2582891233333
16936.5095887	0.0002088316677046973	282.27515981166664
17005.8441676	0.00033605905946925953	283.43073612666666
17028.6183362	0.00021670969066217783	283.81030560333335
17031.654528	0.0003662578013647148	283.8609088
17035.1976871	0.000340014408385945	283.91996145166667
17038.2335136	0.00028008204756452184	283.97055856000003
17051.8982973	0.00017162874209334256	284.19830495499997
17062.0204141	0.00015212590214864458	284.3670069016667
17063.5382871	0.000296835789410107	284.392304785
17066.0695376	0.00021370331404523934	284.43449229333334
17080.2397744	8.724026888369188e-05	284.6706629066667
17102.5077307	0.0001779264070656077	285.04179551166663
17115.6655249	3.331842642254873e-05	285.2610920816667
17120.2204306	0.00017181328630790158	285.33700717666665
17132.873212	0.00031521807145985857	285.54788686666666
17149.5744641	0.0002592323051920632	285.82624106833333
17153.1176981	0.00020384306276028348	285.8852949683333
17181.9639266	0.00023123738035945324	286.36606544333335
17195.1219408	0.00016947007669076004	286.58536568
17198.158658	0.00021885798800685754	286.6359776333333
17199.1711063	0.00018074567042274825	286.6528517716667
17203.2193032	0.00021379164700391864	286.72032172
17223.4636056	0.0003300962982872779	287.05772676000004
17232.067214	0.00018386675196990326	287.2011202333333
17266.9871779	0.00026559769156900834	287.78311963166664
17272.0490729	0.00025173356172608207	287.8674845483334
17283.1829961	0.00019877839184224297	288.053049935
17295.8356079	0.00016223438547173367	288.26392679833333
17307.981486	0.00028113264928767686	288.46635810000004
17315.0669546	0.00013534266177528767	288.5844492433333
17339.864934	0.0001497885299923732	288.99774890000003
17347.4567819	0.0001876087555402121	289.12427969833334
17351.5053575	0.00032315893926823403	289.1917559583333
17353.5296045	0.00023189915659739172	289.2254934083333
17354.5413293	0.0002512478763148698	289.2423554883333
17366.6880281	0.00015343215938060618	289.44480046833337
17372.2550835	0.00024121277588711243	289.537584725
17400.5964975	0.00027524133273555836	290.00994162499995
17412.2361843	0.0001897016073871409	290.203936405
17414.2602138	0.00010323869593954711	290.23767023
17415.778892	0.0002303328508257234	290.2629815333333
17416.2851722	8.241510764754701e-05	290.2714195366667
17424.3819954	0.0002754999513823615	290.40636659
17429.4435196	0.00017617155855228014	290.4907253266667
17456.2665014	0.00016728679332470847	290.93777502333336
17474.9917796	0.0003380560610777474	291.24986299333335
17480.5583852	0.000304384560022075	291.34263975333334
17487.6434982	0.00016202653845554134	291.46072497
17491.1865301	0.0002680130721214532	291.5197755016667
17504.3454997	0.0002639433919054772	291.7390916616667
17506.3691552	0.00027726632984376366	291.7728192533333
17538.2531486	0.0001680675540720043	292.30421914333334
17563.5576447	0.00014098221120716347	292.72596074499995
17589.36872	0.0001688751558195464	293.1561453333333
17593.4175463	0.00021908713297695955	293.22362577166666
17599.9964767	0.00035629632120471087	293.33327461166664
17601.5146759	0.00026675492632130136	293.3585779316667
17614.1669007	0.00019202924451209853	293.56944834499996
17624.2891186	0.00026154344748378146	293.7381519766667
17636.9418069	0.0002725691353120848	293.94903011499997
17642.5086238	0.00029085018710434287	294.0418103966667
17673.3792679	0.00013027501814544897	294.55632113166666
17682.4894269	0.0002505329864981355	294.708157115
17683.5013146	0.00010101272269271859	294.72502190999995
17688.0572155	0.00047984336541571785	294.80095359166666
17699.1906763	0.00022749728955374492	294.9865112716667
17730.567687	0.00017285937747954025	295.50946145
17744.2329505	0.00017126832794652026	295.7372158416667
17752.8358565	0.00014906990792817564	295.88059760833335
17762.4525185	0.00024089813470082251	296.0408753083333
17773.0805306	0.00032845536191867045	296.21800884333334
17774.0922008	0.00030532239565868086	296.23487001333336
17781.1774132	0.00017109603847393327	296.3529568866667
17800.9146917	0.000208168587752879	296.68191152833333
17814.0734322	0.0002091794420801275	296.90122386999997
17814.5790503	0.00027670444304253784	296.90965083833333
17824.701389	0.00027765896519476	297.0783564833334
17830.268353	0.0002052409858758247	297.17113921666663
17872.2737198	0.00022052684914388327	297.87122866333334
17882.3956167	0.00013294594866950852	298.039926945
17924.9076768999	0.0001584113361353995	298.748461281665
18011.4495102	0.0002370804765590085	300.19082517
18018.5348678	0.0001949953482623786	300.30891446333334
18032.1994903999	0.0002339276594519068	300.53665817333166
18035.7418792999	0.00028336303836202847	300.59569798833166
18049.9127328999	0.0003785062218360015	300.831878881665
18060.5402140999	0.00013687439710086992	301.00900356833165
18080.2782707999	0.0002048509276717538	301.3379711799983
18093.4365764999	0.0002223309703465323	301.5572762749983
18099.5101803999	0.0002583216210927076	301.658503006665
18106.0888287999	0.0001608288221068444	301.768147146665
18123.8023268999	0.00016715919328570526	302.0633721149983
18138.9850389999	0.0001437996547432213	302.316417316665
18146.0694504	0.00018751664742963685	302.43449083999997
18153.1547085	0.00013930036749447465	302.55257847499996
18184.0265086999	0.00015920207154502733	303.06710847833165
18185.5447294999	0.00017908214196426514	303.0924121583317
18188.0760713999	0.0003501077228980416	303.13460118999836
18190.1005690999	0.000313569194024602	303.16834281833167
18195.1611783999	6.791498944940639e-05	303.252686306665
18215.9105315999	0.00018366506998711664	303.59850885999833
18216.9228733999	0.00025032409278493247	303.61538122333167
18241.7208374999	0.0002722817853438464	304.02868062499834
18255.8913535999	0.0002968569232860674	304.2648558933317
18257.4102197999	0.00018248927139686706	304.2901703299983
18260.4468030999	0.0001354393712957498	304.34078005166504
18274.1114185999	0.0001846268622036786	304.5685236433317
18285.2449811999	0.00015978712877906588	304.75408301999835
18289.2936966999	0.000246815874016593	304.821561611665
18293.8489966999	0.0001900490795577533	304.89748327833166
18322.1899038999	0.00015514709655035927	305.369831731665
18354.5808557999	0.00020375314658914508	305.90968092999833
18355.0856894999	0.00034465018006723174	305.9180948249984
18357.6162213999	0.00024408818938259012	305.96027035666503
18410.2497342999	0.00017622893665263542	306.83749557166504
18423.4091861999	0.00018089402761922903	307.05681976999836
18424.4208342999	0.00020484959442484588	307.073680571665
18434.0362392999	0.0002882946450256997	307.233937321665
18458.3286301999	9.27968916379319e-05	307.6388105033317
18497.8040526999	0.00030273005666604314	308.296734211665
18516.5301682999	0.00014507959560184475	308.6088361383317
18532.2181717999	0.0002112525768862376	308.8703028633317
18532.7248496999	0.00028641495497186897	308.8787474949983
18534.7490587999	0.00017614246711310854	308.9124843133316
18535.7616804999	0.00018779119852671173	308.929361341665
18538.2921775999	0.0003211202064113481	308.97153629333167
18552.9683674999	0.00019395378616560318	309.21613945833167
18561.5717291999	0.00015572467876793827	309.35952881999833
18581.3090055999	0.00030122612892332447	309.68848342666496
18594.9737929999	0.0001499965481965896	309.91622988333165
18603.0706089999	0.0002897118095414182	310.051176816665
18608.6384635999	0.00024845800299163717	310.14397439333163
18629.3876246999	0.00030483934302323867	310.48979374499834
18640.5223399999	0.00023720085093940487	310.67537233333167
18647.6078796999	0.0005076605271715354	310.793464661665
18657.7297547999	0.000246127672629278	310.96216257999833
18677.9726937999	0.0002565905043293954	311.299544896665
18688.0943947999	0.0002488267231066532	311.4682399133317
18697.7099900999	7.650934922177485e-05	311.6284998349983
18702.2649764999	0.00017270707867782977	311.7044162749983
18704.7952168999	3.183654410776316e-05	311.74658694833164
18708.3383580999	0.0002522732781996426	311.805639301665
18730.1007308999	0.0002509254102925279	312.16834551499835
18744.2714453999	0.00022495728851481577	312.40452408999835
18756.9237090999	0.00015167192324154065	312.61539515166504
18761.9843266999	0.0003115295574370272	312.69973877833166
18767.0453921999	0.00020624656942107972	312.78408986999835
18787.2883323999	0.00024269438118112253	313.12147220666503
18800.4480855999	0.00020352098343592715	313.340801426665
18809.0510554999	0.00031404835267014226	313.48418425833165
18810.5694233999	0.0006424327578392004	313.5094903899983
18829.8009262	0.00019629376551668758	313.8300154366667
18838.4039982999	0.0002049518532247111	313.97339997166495
18857.6353007	0.0003391617063492063	314.29392167833333
18873.324134	0.00026291226000994366	314.5554022333333
18890.5318864999	0.00017113123091485686	314.8421981083317
18896.6050562	0.00020029994601979443	314.94341760333333
18903.6904259	0.00032161116101629125	315.0615070983333
18909.7634536	0.00037541162759457	315.1627242266667
18940.1287746999	0.0002556596345292432	315.668812911665
18945.6960098999	0.0001831127763418293	315.76160016499836
18954.2993706999	0.0001516317417668924	315.904989511665
18961.3844777999	0.0002351295141408928	316.02307462999835
18974.5428155999	0.00017122291504699044	316.24238025999836
18983.1464963999	0.0002618811239826992	316.3857749399983
18991.2437140999	0.00015642034785055646	316.52072856833166
19011.9933026999	0.00034424886063088515	316.86655504499834
19014.0185145999	3.526546272989163e-05	316.900308576665
19014.5248623999	0.00021354998004788508	316.908747706665
19017.0544875999	0.0002143470511021951	316.950908126665
19024.6465890999	0.0001816066756898015	317.07744315166497
19042.8655382999	0.0002841380339394151	317.38109230499833
19049.9508294999	0.00017227239062543711	317.499180491665
19056.5305189999	0.00020477467553871344	317.6088419833317
19057.5426729999	0.00040476986445298524	317.625711216665
19064.6275843999	0.00019591186535395012	317.74379307333163
19072.7245823999	0.00022415038086174576	317.8787430399983
19074.2426425999	0.00018680692941173822	317.9040440433317
19078.2924888999	7.447720919001724e-05	317.971541481665
19083.3524954999	0.0003347850649991182	318.05587492499836
19107.6449490999	0.00010978288971951447	318.460749151665
19112.7064362999	0.0003258114042917842	318.545107271665
19124.3465452999	0.0002259835765113124	318.7391090883317
19128.3944882999	0.000228719981509117	318.8065748049983
19141.5534827999	0.00020352068080315767	319.0258913799983
19171.4132553999	0.00023667978240688744	319.523554256665
19216.9609036999	0.0002204843384995685	320.2826817283316
19218.4794295999	0.0003784822042445249	320.3079904933317
19222.5282047999	0.00030742801704294415	320.3754700799983
19259.4728401999	0.0001635938042286705	320.99121400333166
19264.0275138999	0.00014823066831401368	321.067125231665
19265.5459116999	0.00028496149627401534	321.09243186166503
19270.6072153999	0.0002759684081879389	321.1767869233317
19273.1372131999	0.0002652093162537472	321.2189535533317
19287.3088300999	0.0003219743333347164	321.4551471683317
19299.9607103999	0.0002616427076327385	321.66601183999836
19303.5029214999	0.00025769147134091654	321.725048691665
19322.2289017999	0.00031385262287519255	322.03714836333165
19333.3620674999	0.0003507425710349433	322.2227011249983
19355.6304410999	0.00017716468365882928	322.5938406849983
19362.2100070999	0.0003579083102462961	322.70350011833165
19376.3803458999	0.0002432546554963313	322.939672431665
19377.3924933999	0.000220936019527992	322.956541556665
19460.8974884999	0.0002427569498190139	324.34829147499835
19462.9228549999	0.00031332809545327867	324.38204758333166
19474.0558155999	0.0004579516102955567	324.567596926665
19481.1422351	0.00023029311285741044	324.68570391833333
19482.659478	0.00016230227366391018	324.71099130000005
19484.683893	0.0002762746447787179	324.74473155000004
19490.7580543	0.0002710545140657132	324.8459675716667
19495.3124191	0.00020565087310308905	324.92187365166666
19497.336914	0.00023060311584143143	324.95561523333333
19545.4149689	0.00020873961719032141	325.75691614833335
19552.5007011999	0.00023276503828408056	325.875011686665
19564.1402224	0.00018726782511535776	326.0690037066667
19588.9390582999	0.0002461620737385177	326.48231763833166
19606.1462073999	0.00020930499488740667	326.769103456665
19607.6644619999	0.00015360801597523365	326.7944076999983
19615.7625153999	0.00016113513146776373	326.92937525666497
19619.8108646999	3.499834730026638e-05	326.9968477449983
19654.2252265	4.0710403950833674e-05	327.57042044166667
19668.3961465	0.0001980238123634367	327.80660244166666
19670.4196619	0.00018649686280174847	327.84032769833334
19705.341109	0.0002214559144547439	328.42235181666666
19742.2856522999	0.0002839167396129421	329.03809420499834
19751.9015684	0.00044686260182730573	329.19835947333337
19791.8827615	0.00019384302673600422	329.8647126916667
19798.9673542	0.0001596443793879424	329.98278923666663
19807.0654047	0.00028708141051679835	330.117756745
19828.8272031	0.00037995086598118183	330.48045338500003
19853.1195581	0.00019839133391252785	330.88532596833335
19862.7356067	0.000377312457268655	331.045593445
19863.2410403	0.0003870525318634686	331.0540173383333
19864.2538144	0.00030675865209615774	331.07089690666663
19873.3632506	0.0002714637046105765	331.2227208433333
19877.917417	0.00015263779587954655	331.2986236166667
19880.9549943	0.00018639704585871105	331.34924990499997
19884.4965347	0.0004091676040494938	331.4082755783333
19887.027342	0.00029241081470151605	331.4504557
19890.0637415	0.00035481050298471345	331.5010623583333
19907.2713281	0.00016896878149079325	331.7878554683333
19914.8633942	0.00027978517431464194	331.91438990333336
19918.4053154	0.0003360118551875061	331.9734219233333
19923.4662751	0.00021625984741746685	332.0577712516667
19947.2525758	0.00034176376037783207	332.45420959666666
19950.2888037	0.00034033543398913845	332.50481339500004
19956.8682255	0.000250664838061871	332.614470425
19957.3736853	0.00010763578740437046	332.622894755
19993.8130338	0.00019232647646537252	333.23021723
20063.653772	0.0002653160959193927	334.3942295333334
20064.666388	0.00015652009787109648	334.4111064666667
20093.5136711	0.0002278397589794285	334.89189451833334
20130.4577519	0.00028593128095136884	335.50762919833335
20145.6409141	0.00021421578977676257	335.76068190166666
20146.6527356	0.00012523546203493423	335.77754559333334
20147.1591014	3.569454040106386e-05	335.78598502333335
20161.3310225	0.0002678282166510244	336.02218370833333
20179.5495544	0.00029191506682849506	336.3258259066667
20202.8298967	0.0003227821585702763	336.7138316116667
20226.6163415	3.000888262925826e-05	337.11027235833336
20240.7866606	0.00023382080835380355	337.3464443433333
20251.9206344	0.00020735292112911916	337.53201057333337
20260.0190067	0.00030089267064409167	337.666983445
20284.8175178	0.0001892301588109021	338.0802919633333
20289.877617	0.0001577569980356012	338.16462694999996
20293.9269416	0.00011826463113322511	338.2321156933333
20306.0728186	0.0003075774600994652	338.4345469766667
20311.1335536	0.0001216620329509738	338.51889256
20331.3777573	0.00028544682646415104	338.856295955
20342.0050366	0.0002537745021485821	339.0334172766667
20346.5602847	0.0003325965252959283	339.10933807833334
20399.6994837	0.00023662640750707779	339.994991395
20413.8699445	0.00036083256003513443	340.23116574166664
20415.3887571	0.0003551187009215972	340.256479285
20431.5843003	0.0002603341332005252	340.526405005
20443.7300317	0.0003868283492827315	340.72883386166666
20447.7789463	0.0003017524118055352	340.7963157716667
20470.5523886	0.00033103799509809123	341.1758731433334
20491.3020596	0.00022080527266326572	341.5217009933333
20520.6561021	0.0003413185262579641	342.01093503500005
20542.9238246	0.00019460130524919265	342.38206374333333
20557.0948739	0.0002055996126154017	342.6182478983334
20572.7836712	0.0002616039781846338	342.8797278533333
20578.8564394	0.00016941128785827715	342.98094065666663
20581.8926232	0.00029035638089707497	343.03154372
20623.3920223	0.00039888836303362255	343.7232003716666
20633.5144326	0.00028316497538198376	343.89190721
20659.3257475	0.00023297645576246084	344.32209579166664
20659.831545	0.0002114387611962129	344.33052575
20665.3984607	0.00027079533321243773	344.4233076783333
20667.4230887	0.00019102695014350037	344.45705147833337
20676.5328575	0.0003072114351088369	344.6088809583333
20677.5444435	0.00023442753971465008	344.62574072499996
20693.7399694	0.0003077713091905698	344.89566615666666
20694.7514764	0.0002989948594598883	344.9125246066667
20696.775529	0.00032219530251026315	344.94625881666667
20700.8248002	0.0002472536237278402	345.01374667
20729.6723769	3.9643979445037146e-05	345.49453961499995
20733.7206404	0.00029032659437688076	345.5620106733333
20736.2506128	0.0003068846747965389	345.60417687999995
20751.4339331	0.00021468474430200526	345.85723221833337
20762.5685351	0.00024865428998693687	346.0428089183333
20774.2083212	3.7080495988714344e-05	346.23680535333335
20776.7389083	0.00030850872153305887	346.278981805
20791.9212789	0.0004279361944697976	346.532021315
20795.4632701	0.0003059588817867999	346.5910545016667
20802.0424479	0.00031456705434384174	346.700707465
20806.5986954	0.0003506724122780111	346.7766449233333
20807.1038013	0.0002602249958561531	346.785063355
20808.6220111	0.00049147793290792	346.8103668516667
20844.5546742	0.00031827036518780697	347.40924457
20845.0612576	0.00026302350644492986	347.41768762666663
20850.121376	0.00022778883008008668	347.5020229333333
20852.1467148	0.00038747483182884583	347.53577858
20857.7134291	0.00012663740621882326	347.62855715166666
20889.5968246	0.00031829143009957976	348.1599470766667
20898.7072098	0.0002215318930403742	348.31178682999996
20912.8769708	0.0002491021475896562	348.5479495133333
20924.0119919	0.00028852387491082586	348.7335331983333
20927.5538578	0.0003975571532778055	348.7925642966667
20928.5664904	0.00034589554593580723	348.8094415066667
20933.1214181	0.0002590631773516034	348.8853569683333
20967.5356816	0.00022793447251551424	349.4589280266666
20976.6448306	0.00029283143987078234	349.6107471766666
20982.7174832	0.00022193561727960412	349.7119580533333
20996.3822281999	0.00022579369842523584	349.9397038033316
21033.8336371999	0.00045794034906215233	350.5638939533317
21074.3201224999	0.00029331220501600764	351.23866870833166
21081.9118899999	0.00022851641337869947	351.36519816666504
21092.0341660999	0.0002514384670752837	351.53390276833164
21133.0268742999	0.0003573399347016355	352.217114571665
21139.6066036999	0.0002854243860330013	352.32677672833165
21147.7040532999	0.0004108556590605463	352.46173422166504
21162.8873689999	0.0002503685444307499	352.7147894833317
21166.4293892999	0.0001967711955079947	352.77382315499835
21168.4541324999	0.00043438028891563143	352.80756887499837
21197.3010551999	0.00014970641987790178	353.2883509199983
21213.4957137999	0.0004502055740021685	353.558261896665
21216.5325469999	0.00023230325701079316	353.60887578333165
21225.1366106999	0.000493681911854135	353.75227684499833
21235.7636506999	0.0003740993771673728	353.9293941783317
21243.8623067999	0.0003265787293697827	354.06437177999834
21256.5141674999	0.0002653630780672903	354.27523612499834
21274.7335892999	0.00043158688277421785	354.57889315499835
21277.2639304999	0.0005230844118882464	354.62106550833164
21294.4711645999	0.00038663458558204483	354.9078527433317
21303.0736892999	0.0002744380301533954	355.05122815499834
21309.1467647999	0.0002338383218842002	355.15244607999836
21320.2815499999	0.0003164198498222713	355.3380258333317
21337.4881979999	0.00020046788629154554	355.62480329999835
21343.0551518999	0.00024746278981332325	355.7175858649983
21361.2746944999	0.000389693174691794	356.0212449083317
21376.4583953999	0.0003486372717998863	356.27430658999833
21376.9635431999	0.0005014747316120433	356.2827257199984
21418.9688844999	0.0003940760729031193	356.982814741665
21437.6945555999	0.0002645892964285363	357.29490925999835
21454.3953349999	0.0002469697999085569	357.5732555833317
21458.9507196999	0.00020968418336075358	357.649178661665
21481.7243039999	0.000208278573046206	358.02873839999836
21494.3771513999	0.000148082211272779	358.23961918999834
21514.1149578999	0.00041936328162177594	358.568582631665
21521.2005029999	0.000345229611443108	358.68667504999837
21537.3955061999	0.0005991042803651403	358.95659176999834
21545.4920114999	0.00029535923763879794	359.09153352499834
21547.0112419999	0.00042078149347936155	359.11685403333166
21553.5907826999	0.00040967736504498036	359.22651304499834
21555.1081225999	0.00030347159485840996	359.2518020433317
21556.6271487999	0.0005112885405936929	359.27711914666503
21565.7357424999	0.0003000370800542331	359.42892904166496
21584.9675162999	0.0004203122475176159	359.7494586049983
21589.0161054999	0.00047108946476917085	359.816935091665
21590.0282780999	0.00023909670241731645	359.83380463499833
21591.0413045999	0.00012189026285776917	359.8506884099983
21596.1021751999	0.00010575768101542898	359.93503625333165
21610.7790025999	0.0002773188928714135	360.17965004333166
21619.3816269999	0.00026123614367619966	360.323027116665
21630.5165107999	0.0004963223632407984	360.50860851333164
21658.8572248999	0.0003897618726911624	360.9809537483317
21664.9309364999	0.00024181714593481563	361.08218227499833
21677.0761133999	0.00034163960933119485	361.2846018899983
21678.5950702999	4.192513512471051e-05	361.30991783833167
21693.2711433999	0.00041842847075405215	361.554519056665
21695.8015572999	0.00037750738890090336	361.596692621665
21702.3815089999	0.0002909654289614518	361.70635848333166
21728.6976592999	0.0004120361864186324	362.1449609883317
21749.9538859999	0.0003975360374026251	362.49923143333166
21751.9784924999	0.00038663381680071024	362.53297487499833
21759.5698988999	0.0003513165538790058	362.6594983149983
21761.5947321999	0.0002569143117065533	362.693245536665
21820.3003346999	0.00034867310512770843	363.6716722449983
21835.9902152999	0.0004326124871028057	363.9331702549983
21850.6664266999	0.0005455693473960509	364.17777377833164
21858.2574217999	0.0004573705578667736	364.30429036333163
21858.7639914999	0.0002683781271826346	364.312733191665
21862.8130622999	0.00034818682771015145	364.38021770499836
21867.3676122999	6.734355573974305e-05	364.456126871665
21905.3240490999	0.00038191230131220087	365.08873415166505
21906.8423872999	0.0003140303243178762	365.1140397883317
21908.3609222999	0.0004323131250482007	365.1393487049983
21921.5192934999	0.0003241999680525979	365.35865489166497
21942.2695352999	0.00036444841815964907	365.70449225499834
21944.7991098999	0.0004348572971115856	365.746651831665
21972.6346675999	0.00027750534950071325	366.2105777933317
21990.3481475999	0.00030629028761453567	366.50580245999834
22007.0486641999	0.0004080433335790592	366.7841444033317
22014.1345579999	0.0004197636824211719	366.90224263333164
22014.6404331999	0.00024352642567400268	366.910673886665
22054.1155981999	0.0003693394423297458	367.5685933033317
22065.7551701999	0.0003029215207053744	367.7625861699983
22079.4203422999	0.00032227322721644925	367.9903390383317
22082.9625440999	0.0003538509102085076	368.04937573499836
22102.1942714999	0.00029106490153294184	368.36990452499833
22106.2432459999	0.00032995133217850366	368.43738743333165
22117.8832745999	0.000731971774621102	368.6313879099983
22132.0544852999	0.00040449627481457324	368.8675747549984
22138.1274130999	0.0004664129042204513	368.96879021833166
22167.9859888999	9.441649191747621e-05	369.4664331483317
22168.9986008999	0.00018105442350294527	369.4833100149983
22170.0106081999	0.00032888146280426263	369.50017680333167
22170.5164142999	0.0004152337878175699	369.5086069049983
22195.8211126999	0.00042565822427344366	369.9303518783317
22208.9801709999	3.922194127690952e-05	370.149669516665
22235.8027123999	0.0004893233189091037	370.5967118733317
22236.3091704999	0.00037828924125831175	370.60515284166496
22245.4187066999	0.00027989881233844857	370.7569784449983
22258.5766740999	0.00033330247199333396	370.97627790166496
22260.6021092999	0.00040372056204235107	371.0100351549983
22262.6253231999	0.0005509585866184155	371.043755386665
22270.2169871999	0.00024787949376296227	371.1702831199983
22297.5457899999	0.0006097458745088281	371.62576316666497
22303.6200529999	0.0003309538652393327	371.7270008833317
22338.5391466	0.0002795253151920194	372.30898577666665
22355.2406763999	0.00036311233728680186	372.587344606665
22359.2887095999	0.000490967765607446	372.65481182666497
22383.0760145999	0.00019461426514747696	373.05126690999833
22393.7031969999	0.0002099472884851285	373.22838661666503
22399.7775084999	0.00021541550309117692	373.329625141665
22407.3687448999	0.00019409298152454544	373.45614574833166
22424.5754585999	0.00019025012295576833	373.74292430999833
22471.6416295999	9.975035083428187e-05	374.5273604933317
22476.7025990999	0.00016620085063492437	374.6117099849983
22491.8857156999	0.00016508720946904184	374.8647619283317
22504.5374805999	0.00021520737749205565	375.07562467666503
22505.5499031999	8.38153770470537e-05	375.092498386665
22526.8063989	0.00014373760358233655	375.44677331500003
22563.2449171	9.601341662912508e-05	376.05408195166666
22610.3111686	8.604052194567137e-05	376.8385194766667
22611.8298146	0.0001255521787863026	376.8638302433334
22616.8903092	7.427705507215644e-05	376.94817182
22657.8843454	7.21772394727757e-05	377.6314057566667
22659.4019135999	4.160186457527667e-05	377.65669855999835
22659.9084751999	4.176436359057584e-05	377.6651412533317
22737.8461983	0.00012190676522788797	378.96410330500004
22781.3697382	8.47801715159751e-05	379.68949563666666
22786.4307657999	6.531104886122058e-05	379.773846096665
22806.1684913999	3.6917962563468845e-05	380.10280818999837
22809.7109990999	5.450958566346953e-05	380.16184998499836
22862.3446231999	8.532384764934207e-05	381.03907705333165
22884.6137514999	4.5413604402092055e-05	381.410229191665
22953.9479724	0.00014726876223050767	382.56579954
22963.5636237	9.696867142756289e-05	382.726060395
22972.6733969	0.00011409095234756795	382.87788994833335
22982.7949687	6.741417195089706e-05	383.04658281166667
22988.8685139	8.366481956503101e-05	383.147808565
23010.1244271	6.43076851557718e-05	383.502073785
23011.1360755	7.332079802469806e-05	383.51893459166666
23020.2464402	0.00010392183245968377	383.67077400333335
23026.8246249	8.120452847907134e-05	383.780410415
23058.7094873	0.00010107691294500328	384.3118247883333
23097.1715122	0.00012373277625111651	384.95285853666667
23143.2267352999	7.814832313473891e-05	385.7204455883317
23162.4585398999	0.00010959148332597043	386.04097566499837
23187.2569494999	9.49865676603776e-05	386.454282491665
23261.1463382	7.350860524930483e-05	387.68577230333335
23294.5478197	9.759672162252641e-05	388.2424636616667
23301.1275521	6.813829093536046e-05	388.3521258683333
23310.7426845	6.332316806604685e-05	388.512378075
23362.8701155999	8.706338904859358e-05	389.38116859333167
23394.2486559999	7.691472419284784e-05	389.904144266665
23412.4678746999	9.22668791776058e-05	390.207797911665
23432.2054438999	4.806007557748769e-05	390.53675739833164
23474.7165940999	6.630301067429176e-05	391.2452765683317
23484.8394881999	0.00011013902189935125	391.41399146999834
23509.1307583999	9.576316401493905e-05	391.8188459733317
23557.7164156999	9.793801360124281e-05	392.62860692833164
23628.5685194999	6.0837041039614016e-05	393.8094753249983
23657.4170810999	0.00016334172426755628	394.2902846849983
23703.4707544999	0.00012358757947333141	395.0578459083317
23723.7148755999	0.00012409264180492747	395.39524792666504
23766.7324952999	2.7125735378686116e-05	396.11220825499834
23778.3731182999	8.807319388579691e-05	396.30621863833164
23822.9079649999	8.590788812612023e-05	397.0484660833317
23851.2500751999	0.00011903193252500775	397.520834586665
23852.7684052999	7.72737228447468e-05	397.54614008833164
23871.9998805999	9.478126811692199e-05	397.866664676665
23918.5602402999	9.502260337932705e-05	398.642670671665
23948.4190448999	0.00013210670472767942	399.1403174149983
24074.4371193	7.454937564897894e-05	401.240618655
24131.6256994999	8.643999940053994e-05	402.19376165833165
24146.3015261999	0.00011425904412617973	402.43835876999833
24183.7527513999	7.761206761027732e-05	403.062545856665
24193.3679183999	7.572363245055222e-05	403.22279863999836
24196.4046161999	5.793165832512829e-05	403.27341026999835
24276.8738941999	4.8453049458740026e-05	404.61456490333165
24298.1298158999	1.0210821701127434e-05	404.96883026499836
24330.0130624999	0.00010914548384547214	405.50021770833166
24330.5195808999	1.1198393881555932e-05	405.50865968166505
24333.5558008999	7.831815806494735e-05	405.5592633483317
24398.3360693999	9.819649425364198e-05	406.6389344899983
24433.2556429999	3.155585619509228e-05	407.2209273833316
24461.0911777999	9.443670767763965e-05	407.68485296333165
24497.0234418999	4.7768764439194705e-05	408.283724031665
24506.6391402999	9.383639415223322e-05	408.443985671665
24541.0535189999	0.00013522230482213092	409.0175586499983
24708.5707993999	7.050454405060611e-05	411.80951332333166
24760.1914109999	6.368869313401228e-05	412.6698568499984
24774.3627962999	4.1536543182767886e-05	412.9060466049984
24830.5384567999	7.358124261738494e-05	413.8423076133316
24838.1300898999	9.364530877763817e-05	413.968834831665
24992.9953774999	5.3619178440192766e-05	416.5499229583317
24997.5503040999	8.617343884645999e-05	416.62583840166496
25013.2390614999	9.413493343195885e-06	416.887317691665
25049.6780916999	9.070211215121659e-05	417.494634861665
25076.5004519999	5.7906339243654446e-05	417.9416741999983
25101.2988464999	2.669655024694309e-05	418.35498077499835
25169.1156685999	7.213849413101823e-05	419.4852611433317
25226.3045705999	5.5831068720855234e-05	420.43840950999834
25230.8595347999	0.00011291269101874718	420.51432557999834
25273.3710815999	8.364870476017183e-05	421.22285135999834
25285.5176799999	6.135174514936482e-05	421.42529466666497
25340.6808999999	8.935557519641327e-05	422.344681666665
25352.3215001999	0.00010004273792276952	422.53869166999834
25386.7353018999	6.367194171312872e-05	423.112255031665
25411.5348013999	4.613664579001e-05	423.52558002333166
25574.4976853999	5.776576800587972e-05	426.2416280899983
25665.5946853999	6.782437057724209e-05	427.7599114233317
25677.7410447999	6.624103100672822e-05	427.962350746665
25714.6860331999	7.454511343246723e-05	428.5781005533317
25722.2761919999	0.00010194772379771148	428.7046031999983
25767.8253716999	5.1920347645565544e-05	429.4637561949983
25865.5006790999	2.222415496390391e-05	431.09167798499834
25908.5191176999	5.340287761616282e-05	431.808651961665
25931.2926360999	6.796655190720984e-05	432.188210601665
25941.9208043999	6.730305443695386e-05	432.3653467399983
26027.9570021999	6.537737965207963e-05	433.7992833699983
26041.1148283999	5.2026925032864895e-05	434.01858047333167
26057.8159047999	6.083057297102181e-05	434.296931746665
26248.6133653999	4.875379573230694e-05	437.47688942333167
26390.3197142999	6.439346628363657e-05	439.83866190499833
26560.3666621999	8.303744324390754e-06	442.6727777033317
26949.5525373	8.393384893585869e-06	449.159208955
