retention_time	intensity	retention_time_min
18.1730548	0.0007627738497440005	0.30288424666666663
24.245563	0.000546425835240773	0.4040927166666667
27.2814788	4.213996085665858e-05	0.4546913133333333
118.8840447	0.0005520078148967433	1.981400745
129.5127103	0.0003765334396185994	2.158545171666667
150.2626846	0.0002724314063612245	2.504378076666667
205.4266645	0.0004887561739543588	3.4237777416666666
313.7297483	0.00027143386424740505	5.228829138333333
338.0225168	0.0005977380005663881	5.633708613333334
367.3765574	0.00031970660488122167	6.1229426233333335
379.0162736	0.00025967933790145586	6.316937893333333
444.807929800001	0.0005341384357463803	7.413465496666683
469.606825000001	0.00041414523449319216	7.826780416666683
477.198020600001	0.00024423489549068423	7.95330034333335
497.947474700001	0.0002518738277286245	8.29912457833335
568.294679	0.0004921727859822915	9.471577983333333
591.5758109	0.0002874441558757027	9.859596848333332
616.3743698	0.00024174377845525725	10.272906163333333
637.1242499	0.00025319398640396066	10.618737498333333
654.8370815	0.0002479581833493393	10.913951358333332
765.6709474	0.0004932490907908494	12.761182456666667
768.7070515	0.000226080419256604	12.811784191666668
776.2983409	0.0004407450829680727	12.938305681666666
794.518319499999	0.00047280789494999725	13.24197199166665
846.646184899999	0.000419118770755759	14.110769748333317
854.236761499999	0.000363921839343515	14.237279358333318
877.012296299999	0.0002706306484270828	14.616871604999982
883.084379599999	0.00035669890400228716	14.718072993333317
892.194775299999	0.0005417468148031432	14.86991292166665
903.834124399999	0.0004816489765946233	15.063902073333317
911.932096999999	0.00013685377881597887	15.198868283333317
921.040891399999	0.0004273055554287436	15.350681523333318
927.114049499998	0.0003477075099965909	15.451900824999967
947.358642699998	0.0002833179501585136	15.789310711666634
954.443270599998	0.0002971175390250841	15.9073878433333
972.157246299998	0.00033184182919779917	16.202620771666634
987.845463999998	0.00026708957389509017	16.464091066666633
1009.6073735	0.00040342366876868505	16.826789558333335
1027.8272225	4.237300105367529e-05	17.130453708333334
1045.5404164	0.00041607321314752007	17.425673606666667
1059.2053277	0.0002708847372461321	17.653422128333332
1110.8268497	0.0001793636809647656	18.51378082833333
1166.4963428	0.00023420170333747026	19.441605713333335
1167.5088345	0.00031623162537523694	19.458480575
1192.8139923	0.00037620995618317546	19.880233205000003
1241.9047214	0.00025671909318351	20.698412023333333
1243.4224743	0.00027158081545949143	20.723707905
1264.1724908	0.0005654173967066182	21.069541513333334
1326.9282781	0.00020081536540143816	22.115471301666666
1330.9768639	0.00032138772716268897	22.182947731666665
1338.0617566	0.00021385592988104667	22.301029276666668
1411.9509402	0.0004612686046490879	23.532515670000002
1451.9326569	0.00037990822325802273	24.198877615
1459.0180534	0.0003838625391254148	24.31696755666667
1492.4196056	0.00036524479450704027	24.873660093333335
1563.7791341	0.00026335267911473597	26.062985568333332
1592.6268198	0.000577797226216098	26.54378033
1655.8882499	0.0003314172431945793	27.598137498333333
1686.7598437	0.0003445189372800355	28.112664061666667
1687.7716775	0.0002865695384378451	28.12952795833333
1756.0942244	0.00038620422091234133	29.268237073333335
1810.7520986	0.00025690220617991574	30.179201643333332
1821.8868736	0.00013623939532415042	30.364781226666665
1838.5868412	0.0003548869280100294	30.64311402
1843.1417968	0.0006064969225202525	30.71902994666667
1875.0259158	0.00044887818414064977	31.250431929999998
1916.5259179	0.0003447393555620228	31.942098631666667
1951.4464173	4.1731350259569e-05	32.524106955
1969.1599151	0.0003768724311420612	32.81933191833333
1991.4272399	0.0004129958603919601	33.19045399833333
2088.5971461	0.0002594385897699366	34.809952435
2107.3223377	0.00021442285263139008	35.12203896166667
2112.3840291	0.0004075128820234288	35.206400485
2126.5544838	0.00023049721120466826	35.442574730000004
2159.9561702	0.00031584900300233004	35.99926950333334
2223.7238226	0.00035028572233517554	37.06206371
2225.7485481	0.0003423711871419834	37.095809134999996
2242.9558667	0.0003355095128858483	37.382597778333334
2301.1562435	0.00027993340739083337	38.352604058333334
2333.5462169	0.0004033940467739352	38.892436948333334
2395.2901432	0.00043697754992444915	39.92150238666667
2442.3557119	0.00010380963929203571	40.70592853166667
2463.6125105	3.9759358690379736e-05	41.06020850833333
2555.7208678	0.0005608099172744148	42.59534779666667
2557.7446638	0.00022178553822701347	42.62907773
2572.4216028	0.0002936792092566136	42.87369338
2588.1112615	0.0004390232556336472	43.13518769166667
2592.6654205	0.00022202051148532614	43.21109034166667
2610.3791694	0.00027957605049008035	43.50631949
2612.4029972	0.0002496417478812872	43.54004995333333
2621.0077362	0.0004018736780165817	43.68346227
2652.385427	0.000466604127396593	44.206423783333335
2697.9332839	0.00012624458567309893	44.965554731666664
2732.8536692	0.00027937832536664275	45.547561153333326
2734.3716833	0.000411526838888636	45.57286138833333
2752.0854503	5.213932385724822e-05	45.86809083833334
2785.9931461	0.00034751143202290264	46.433219101666666
2791.5602778	0.000244462595178936	46.52600463
2794.0900933	0.00043309449049165334	46.56816822166666
2879.1138655	0.0004482163338644077	47.98523109166667
2982.356708	0.00026325001486088794	49.70594513333333
3010.1920797	0.0004883640881761955	50.169867995
3019.3014639	0.0002885562824686135	50.321691064999996
3059.7889847	0.00048273163263265836	50.996483078333334
3060.2951881	0.00023514946156439554	51.00491980166667
3097.23964659999	0.00033840663612616696	51.6206607766665
3211.61738829999	3.9902956010981295e-05	53.5269564716665
3240.46403879999	0.00042051736260833423	54.00773397999983
3265.76862599999	0.00027764315788740427	54.429477099999836
3299.67748929999	0.0003032896416077354	54.994624821666505
3312.83518979999	3.7354194128916794e-05	55.21391982999983
3322.45158819999	0.000498727136447693	55.3741931366665
3361.92651899999	0.0004376720558625402	56.032108649999834
3372.55500529999	0.000481084242512192	56.20925008833317
3464.15758099999	0.00033520677535727004	57.735959683333164
3488.95577969999	0.000434903861373452	58.14926299499984
3518.30878369999	0.00021430635264281498	58.63847972833317
3607.88755779999	0.00044702157727885517	60.131459296666506
3611.93663259999	0.0002770606384988351	60.1989438766665
3614.97369989999	0.0004199493528418683	60.24956166499984
3645.84474759999	0.00024306736633632038	60.7640791266665
3703.03313049999	0.00017036544915415691	61.7172188416665
3718.72257689999	0.0003173397016139079	61.978709614999836
3765.78974899999	0.00035407709155461074	62.76316248333317
3774.89936869999	0.000344222277078362	62.91498947833317
3803.24078239999	0.0003617981512258615	63.387346373333166
3824.49554419999	0.00028935631182101107	63.741592403333165
3897.37383509999	0.00030502688389846144	64.95623058499983
3956.58598629999	0.0003859090779155193	65.9430997716665
3963.67189129999	2.9145096596565155e-05	66.06119818833317
4038.06685849999	0.00010815902466884167	67.30111430833317
4077.54284199999	0.00013528625910700775	67.9590473666665
4110.43804149999	0.0002803553438479688	68.50730069166649
4137.26203999999	0.00013295678073646186	68.95436733333317
4184.32855159999	0.00039267369231696175	69.73880919333315
4270.36438059999	0.00028864578756829256	71.1727396766665
4276.43668509999	0.00013226522747169768	71.2739447516665
4305.28419589999	3.0355380558660424e-05	71.75473659833317
4331.60099439999	0.0001801795877569943	72.1933499066665
4418.1431618	0.00038055202011469	73.63571936333332
4425.2279516	0.00028443112765847285	73.75379919333334
4441.9298146	0.00023796652431785085	74.03216357666666
4463.692004	0.0003283496587259398	74.39486673333334
4475.3323909	0.0003476338257035922	74.58887318166667
4482.4172576	0.0003279621302523333	74.70695429333334
4524.9292124	7.224121407656508e-05	75.41548687333334
4545.6787873	0.0002741440213648699	75.76131312166667
4649.9333735	0.0002376285057371676	77.49888955833333
4665.6225061	0.00015195732013196486	77.76037510166665
4669.6716706	0.00017967820213604538	77.82786117666666
4759.75647489999	0.00025411180206828007	79.32927458166651
4770.38469519999	0.00022350492522596726	79.5064115866665
4850.34627739999	0.00014092487144937187	80.83910462333317
4908.54714779999	0.00031174415479709753	81.80911912999983
4938.91283189999	0.0001780493600482388	82.31521386499983
4956.62596419999	0.0001606872843916171	82.61043273666651
4961.68769499999	0.00020089803873289688	82.6947949166665
5001.66896629999	0.00019197830431059092	83.36114943833316
5023.93654809999	0.00021207671672864378	83.7322758016665
5083.15012009999	0.0003981768056835081	84.71916866833317
5109.46662519999	0.00016578072735794788	85.1577770866665
5132.24024019999	0.0002800148709800402	85.5373373366665
5149.44706029999	0.0003288274343892959	85.8241176716665
5170.19714079999	0.000274633725157744	86.1699523466665
5184.87455059999	0.00021435180861991392	86.41457584333315
5251.67906989999	0.0003540844854114348	87.52798449833317
5262.30619209999	3.14226719466066e-05	87.7051032016665
5276.47689319999	0.00019023345531457046	87.94128155333316
5289.12897569999	0.00022787063654404837	88.15214959499984
5303.29923099999	0.00018555946177725843	88.3883205166665
5327.08746459999	0.0001183771349072204	88.78479107666651
5335.6909225	3.230124862271065e-05	88.92818204166666
5358.9704035	0.00043859709520655373	89.31617339166668
5362.5141873	0.00043916407758164307	89.375236455
5375.6714848	0.00016185549934312382	89.59452474666666
5381.23959069999	0.0003129943720208189	89.6873265116665
5416.1590847	0.00023597171811876085	90.26931807833333
5506.2436096	0.00020848124232281912	91.77072682666667
5554.32301179999	0.0003203968481237546	92.5720501966665
5588.73665739999	0.00033292550647222053	93.1456109566665
5615.55969279999	9.236935945342178e-05	93.5926615466665
5618.09007329999	0.00029486913594878024	93.63483455499983
5626.69462679999	0.00018992114806640862	93.77824377999984
5630.23680979999	0.00014552344211448415	93.83728016333316
5639.8529519	0.00034149135363934966	93.99754919833335
5695.0171373	0.0003725700582201726	94.91695228833333
5818.50317480001	0.0004512054571727773	96.9750529133335
5831.1552931	0.00038360996456852497	97.18592155166667
5861.0148343	0.0002047872628091188	97.68358057166667
5888.3443776	0.00035282779932620245	98.13907296000001
5894.4174542	0.00013666244844174661	98.24029090333333
5898.9721727	0.00023768146362393235	98.31620287833333
5943.0028553	0.00031943878989070185	99.05004758833334
5955.1491535	0.000340667857764475	99.25248589166667
5967.2961127	0.0002936705029780626	99.45493521166667
6071.0441792	0.00028556152803352867	101.18406965333334
6089.2638905	0.00023662008390120835	101.48773150833334
6108.4961412	0.00017785400092102966	101.80826902
6120.6423855	0.00013832124374753204	102.01070642500001
6128.7392841	0.00033545158086085715	102.14565473500001
6151.0075555	0.0002738608228120476	102.51679259166667
6192.5066455	3.039166755027626e-05	103.20844409166666
6357.49364739999	0.00021513097992161353	105.95822745666649
6404.5595493	0.0005580625282930115	106.742659155
6431.3826745	0.00029172806251896624	107.18971124166666
6460.7357699	0.00037234645334221415	107.67892949833335
6467.8219886	4.048012668660448e-05	107.79703314333332
6478.449019	0.0003063900653387809	107.97415031666667
6525.0096546	0.00024810080026379535	108.75016091
6548.7962342	0.0003549694705854752	109.14660390333333
6555.3758161	0.00023979486854809352	109.25626360166666
6557.905996	0.0004805807005372083	109.29843326666668
6576.1252228	0.00040060912493032884	109.60208704666667
6623.1919787	0.0004458825662000179	110.38653297833334
6644.9540136	0.00039098594130629013	110.74923356
6654.06352370001	0.0004523063372198804	110.9010587283335
6683.41678170001	8.525482589243813e-05	111.39027969500016
6692.52662150001	0.00028503860977532414	111.5421103583335
6744.6539057	0.0005065701832148932	112.41089842833334
6748.1970361	0.00023044889560151018	112.46995060166667
6754.7758292	0.00025618044663529765	112.57959715333332
6782.1048527	0.00024405593206919433	113.03508087833333
6832.2088142	0.0002964163413286304	113.87014690333334
6837.26899829999	0.00024063145505790642	113.95448330499984
6878.26286819999	0.0004241560652807883	114.63771446999984
6903.06166809999	0.00031949427227253105	115.0510278016665
6930.38965429999	0.0002300105693438093	115.50649423833316
6952.65794829999	0.00033839640409736747	115.87763247166649
6976.95081599999	0.00021111439873559593	116.28251359999983
7036.16429719999	0.00039159137760723226	117.26940495333317
7039.70645539999	0.0003265013797316369	117.32844092333316
7085.25477249999	0.0003769169971744591	118.0875795416665
7097.90791739999	0.00032249046842793054	118.29846528999983
7124.72945649999	4.01572737316102e-05	118.7454909416665
7142.94939689998	0.00032319111465186555	119.04915661499966
7260.36246529999	0.0002667314568819357	121.00604108833316
7302.87419329999	0.0002989602450627097	121.71456988833317
7369.17282389998	0.0004149603024433012	122.81954706499967
7377.77559459999	0.00039639575149655055	122.96292657666649
7379.80024469999	0.00044013122184419733	122.99667074499983
7390.93411929998	0.0001917138645992156	123.18223532166634
7481.52557259999	0.00034055146795394586	124.69209287666649
7501.26264319999	0.00033787368986160446	125.02104405333316
7531.12188949999	0.000314997487233785	125.51869815833317
7536.18243369999	0.00040933352730742576	125.6030405616665
7543.26773429999	0.0005457260013231865	125.72112890499983
7580.21290939999	0.0003183578304888417	126.33688182333317
7642.96843409999	0.0002259682057444292	127.38280723499983
7644.48613259999	0.00023332730121938542	127.40810220999984
7648.53547909999	0.00028848883465257833	127.47559131833317
7651.57242689999	0.00021349830420146172	127.52620711499983
7668.27239219999	0.00025201590926729646	127.80453986999983
7691.55362099999	0.0004972199202781469	128.19256034999984
7699.14512509999	0.0002586831932436322	128.31908541833317
7709.26624449999	4.1731892068343854e-05	128.48777074166648
7773.03393949999	0.0004245872295411101	129.55056565833317
7779.10758989999	0.00045087009780621823	129.65179316499982
7783.66281919999	0.00034981440402453144	129.72771365333315
7798.33873859999	0.0003853933966036965	129.97231230999984
8099.46371069999	0.00037282261876898226	134.99106184499982
8110.59817459999	0.0004771388073207258	135.17663624333315
8172.34083799998	0.00028699587752886464	136.205680633333
8179.93230909999	0.0005303277901452412	136.3322051516665
8312.02218499999	0.0001776583243346249	138.53370308333317
8379.83890819999	0.0005452354545961782	139.66398180333317
8407.16799659999	0.00014697351210704026	140.11946660999985
8419.82029209999	0.00032328939388136973	140.3303382016665
8505.35023639999	0.00032243599927428396	141.75583727333319
8601.5077506	0.00031565862920103813	143.35846251
8611.6304548	0.0006292787750772629	143.52717424666668
8624.2812156	0.00039327490824342355	143.73802026
8734.10390700001	0.0004302050396243929	145.56839845000016
8760.92736440001	0.0003470166407000435	146.0154560733335
8824.69469330001	0.0005326715416657312	147.0782448883335
8900.10252070002	0.00020638996327233724	148.335042011667
8902.12614770002	0.0002538117079715006	148.36876912833367
8902.63284530002	0.00041880928634034084	148.3772140883337
8930.46763970002	0.00012222006360915847	148.84112732833367
8934.01046700002	0.00041683267894590103	148.90017445000032
8989.68100490002	0.0002977825799956485	149.82801674833365
9046.36277370002	0.00017776118232040906	150.77271289500035
9063.06397080002	0.0003085917151671479	151.05106618000033
9090.89955360002	0.0003331500022669971	151.51499256000034
9092.92333310002	0.00038770534393860667	151.54872221833367
9113.16733380002	0.00012053459792716473	151.88612223000032
9170.35587500002	0.00036370624159280836	152.83926458333366
9240.70337520001	0.0003720845397961743	154.01172292000015
9247.78780380001	0.0002824389433460708	154.12979673000018
9321.17196410001	0.0003906173324173128	155.35286606833353
9328.25632960001	0.0003782218310030774	155.47093882666684
9340.90873800001	0.00011575053522463872	155.68181230000016
9392.02509770001	0.000465618634950738	156.5337516283335
9407.20691940001	0.00034506242905788876	156.78678199000018
9427.45135210002	4.631964673549423e-05	157.124189201667
9450.73060490002	0.0003208946925288726	157.51217674833367
9518.04123280003	0.0003412109510855772	158.63402054666716
9533.73082570003	0.0003128380402931333	158.89551376166716
9630.39452330002	0.00029063814889920803	160.50657538833366
9656.71122570002	0.00032812131752391326	160.94518709500034
9690.61847880001	0.0005485031515768076	161.51030798000016
9762.9896483	0.00026903178993526545	162.71649413833333
9785.2578216	0.00029277384663598725	163.08763036
9953.7877749	0.00033599214423320976	165.896462915
9967.4529574	0.0004441149756905487	166.1242159566667
9990.227353	0.0004578922123710015	166.50378921666666
10007.9403482	0.0005753785831526758	166.79900580333333
10056.0185465	0.0003768860583090759	167.60030910833333
10084.8663434	0.000136047352036695	168.0811057233333
10087.902228	0.0003893471799135526	168.13170380000003
10142.5608143	0.0005251459792998122	169.04268023833336
10183.553565	0.0002898101599981636	169.72589275
10194.6875988	0.00043959968953271927	169.91145998
10249.346059	0.00021644492382315997	170.82243431666666
10282.2417962	0.00033374946604950584	171.37069660333333
10397.1248662	0.00072433579872676	173.28541443666666
10413.8264491	0.00030127295642592283	173.56377415166668
10494.8016367	0.0001080301057109273	174.91336061166666
10515.0452822	0.00030672269332893327	175.25075470333334
10517.0687907	0.0005162311603430666	175.284479845
10652.702096	0.0002504351144481848	177.54503493333334
10667.378812	8.129953205501899e-05	177.7896468666667
10678.5130829	0.00020661815598703144	177.97521804833335
10708.3725214	0.00015770072345206882	178.47287535666666
10711.4091167	0.00021879283870738543	178.52348527833334
10724.5667724	0.00014182357147708252	178.74277954
10763.536514	0.0002183020969670627	179.39227523333332
10767.0794357	0.00014732684153844996	179.45132392833332
10836.4140718	0.00020772935265409422	180.60690119666666
10887.5289077	0.00032745460826113083	181.45881512833333
10911.3155984	0.00026753934138433683	181.85525997333335
10962.9371976	0.0002728627715676992	182.71561996
10979.6373709	0.00026931966048158453	182.99395618166668
10999.8817146	0.0002514013662092995	183.33136191
11003.4248023	0.000172398931126627	183.39041337166665
11054.5402357	0.00019664455087069614	184.24233726166668
11081.3631158	0.0002209509672978405	184.68938526333335
11109.1975247	0.00040206683345670683	185.15329207833332
11154.2393245	0.00017800385126810815	185.90398874166667
11233.1897543	0.00017459603028969093	187.21982923833332
11270.6409139	0.00010555721178795808	187.84401523166667
11281.268949	0.00037425915822395563	188.02114914999999
11304.5495167	0.00020326511804560993	188.40915861166667
11308.598417	0.00032090326330233034	188.47664028333332
11352.1221489	0.00014959024402077013	189.202035815
11431.0726427	0.0001899755738785036	190.51787737833334
11466.499693	0.00016313756985835508	191.10832821666665
11480.6698985	0.0003578691148879788	191.34449830833333
11485.2244364	0.00013625920804292123	191.42040727333332
11497.3710088	0.00023846373464947928	191.62285014666668
11537.8581152	0.000199206086428153	192.29763525333334
11554.0531784	0.00018339491400527403	192.56755297333333
11560.1263975	0.00023169569401398942	192.66877329166667
11569.2357591	0.00020198454535072164	192.820595985
11595.046907	0.00027035394376120545	193.25078178333334
11602.1319701	0.0001376030794496949	193.3688661683333
11695.2525172	0.00014956583577671232	194.92087528666667
11722.0761723	5.144741884995667e-05	195.367936205
11753.4530173001	0.0002745599021774204	195.89088362166834
11781.7949589001	0.0002131943408396071	196.36324931500167
11785.8437484001	0.0003498597512619104	196.4307291400017
11791.916854	0.0001842050773867013	196.53194756666664
11842.0197599	8.890616092198439e-05	197.36699599833335
11869.8542166	0.000192399327501416	197.83090361
11895.1593977	0.00021150118792405873	198.2526566283333
11913.3785536	0.0002933767517930339	198.55630922666666
11930.0798286	0.00026813063578212394	198.83466381000002
11976.1336117	0.00028244480700502283	199.60222686166665
12018.6453950001	0.00016616574718390236	200.310756583335
12023.2007375	0.00019115343832991236	200.38667895833333
12032.8165384001	0.0001789148201564617	200.54694230666834
12033.8282602001	0.00020122294656214356	200.56380433666834
12058.1211639001	0.0001770654029117507	200.96868606500166
12092.0294979001	0.000154786746283313	201.53382496500166
12101.1390538001	0.00016836539464987652	201.68565089666834
12108.7306024001	8.99113446334282e-05	201.81217670666834
12111.2608968001	0.00010180106110230516	201.8543482800017
12133.0231284001	0.00010558880561298249	202.21705214000167
12140.6142270001	0.00014399249616569277	202.34357045000166
12141.1205786001	2.1061953032780823e-05	202.35200964333498
12152.2540182001	8.61916724791395e-05	202.53756697000165
12161.8697395001	0.00013172608282205345	202.69782899166833
12182.6195365001	0.00016588587521716716	203.04365894166833
12185.6568539001	0.0002137276139483239	203.094280898335
12197.2969207001	0.00019325357701863185	203.28828201166834
12210.4543326001	0.0002388418613885331	203.50757221000168
12237.2775496001	0.00018364960375797504	203.95462582666832
12267.1370031001	0.00012661484987971588	204.45228338500166
12285.3564456	9.637727975854343e-05	204.75594076000002
12295.9847049	0.00015092742221767754	204.933078415
12317.2398477001	0.00023488294305084684	205.28733079500168
12324.8311517	7.311968457877364e-05	205.41385252833334
12403.2757365	0.00022282815071094047	206.721262275
12429.0868263	0.00019132838271143068	207.151447105
12431.6167072	0.00014885628752418914	207.19361178666668
12441.7389046	0.00013869317067549236	207.36231507666668
12454.8975211	8.567328492792735e-05	207.58162535166667
12472.6102601	0.0001610891341673564	207.87683766833334
12485.769762	0.00019369409028274014	208.0961627
12499.9401013	0.0001758466648137423	208.33233502166667
12523.2199959	0.0001235088214571715	208.72033326500002
12570.7923313	0.00014518828297307182	209.51320552166666
12580.408753	5.910349213367061e-05	209.67347921666666
12592.0484464	1.5773091806404577e-05	209.86747410666666
12595.5913611	0.00016048995344273716	209.92652268499998
12598.6276747	0.0002552709569520648	209.97712791166666
12599.1344173	0.00012012033676980903	209.98557362166667
12653.7918288	0.00014584291199916377	210.89653048
12659.3585351	0.0001588029716534773	210.98930891833334
12664.9255659	9.830279630002487e-05	211.082092765
12735.2724073	0.000178491744756805	212.25454012166668
12783.3511806	4.4230717250225455e-05	213.05585301000002
12792.9676271	0.0001782791550856814	213.21612711833333
12793.4735005	0.00020070558009652382	213.22455834166666
12828.3943377	0.00011835877696864263	213.806572295
12830.4191943	0.00011412631856657344	213.840319905
12891.1489213	0.00019999917526113294	214.85248202166667
12908.3572845	0.00014531993330579903	215.139288075
12956.4349693	6.062060870755817e-05	215.94058282166668
13015.1423569	0.00013783239511491516	216.91903928166667
13046.0143351	0.0001407839899597669	217.43357225166667
13048.0378549	3.445914816296558e-05	217.46729758166666
13063.2209853	0.00015832758374552053	217.720349755
13119.9027691	0.00022337979192276765	218.66504615166664
13138.1229756	9.873692411418745e-05	218.96871625999998
13151.2815743	5.6144583248292534e-05	219.18802623833332
13159.3792077	0.00014892963473677351	219.322986795
13235.292986	0.0001664109176169824	220.58821643333334
13282.865762	1.5966471828402296e-05	221.38109603333334
13292.4804471	0.00014057091104973207	221.54134078500002
13374.4684571	0.0001503769555669869	222.90780761833332
13376.9988326	0.0001296524884705721	222.94998054333334
13391.1690414	0.00024343069722219325	223.18615069
13441.777788	0.00018545082425071164	224.02962979999998
13462.0225216	0.00022672473149069802	224.36704202666667
13469.6135678	0.0001542401675884885	224.49355946333333
13470.1192411	0.00028095452227562616	224.50198735166666
13498.96641	0.00012777093770637558	224.9827735
13539.4547663	0.0002053213351318565	225.65757943833333
13541.4780334	0.00013158929730580103	225.69130055666668
13552.6118688	0.00023685321540762368	225.87686448000002
13556.6609299	0.00011420976828986515	225.94434883166664
13562.7338794	0.00014848629784859025	226.04556465666667
13599.6794174	0.0002254523137043694	226.66132362333335
13623.9709776	8.9691948924512e-05	227.06618296
13633.5871854	0.00012516759489902582	227.22645309
13647.2523988	0.00012592370439224116	227.45420664666665
13687.7396603	0.00015788777220676956	228.12899433833334
13769.2201594	0.00017230208962625945	229.48700265666668
13807.6825461	0.00011128397138624843	230.12804243500003
13948.3775155	9.57197326228802e-05	232.47295859166667
13956.4753373	0.0001376037516729401	232.60792228833333
14046.5595951	0.0001562837664537269	234.109326585
14093.1195684	1.5630220927962744e-05	234.88532614
14132.0894899	6.491424791585372e-05	235.53482483166667
14134.1135961	0.00014530043471943458	235.568559935
14142.7164363	0.00017825988814983113	235.711940605
14153.8504415	5.817292050550469e-05	235.89750735833334
14169.0341253	0.00017667991645357065	236.15056875500002
14185.7345426	0.00016386189237244954	236.42890904333333
14243.4292102	0.00012369750018872963	237.39048683666667
14244.441187	6.28041067444364e-05	237.40735311666668
14292.014825	9.788754307188609e-05	238.20024708333332
14323.898717	1.2155013700050996e-05	238.73164528333334
14384.1231883	0.00013985892222692477	239.73538647166666
14435.7451099	5.5057259549931926e-05	240.5957518316667
14438.7822301	0.00010462902538602178	240.64637050166667
14491.9219975	0.00012104148438241557	241.53203329166666
14499.5124065	0.00012587664567746784	241.65854010833334
14506.0925481	0.00012343137124424825	241.76820913499998
14528.3600965	0.00013572144705331225	242.13933494166668
14553.6641049	7.185251228832481e-05	242.56106841500002
14564.7989173	7.48179968089736e-05	242.74664862166668
14577.956795	0.00013930546497673831	242.96594658333333
14655.3899461	5.330883217595678e-05	244.25649910166666
14658.9321239	0.00014220010336153766	244.31553539833334
14671.5841378	0.00011396796835481207	244.52640229666667
14676.139511	0.0001289937029909911	244.60232518333333
14727.2556358	0.00011528827590962585	245.45426059666667
14752.0536242	0.00012745431167750508	245.86756040333333
14764.7065197	6.687556552153676e-05	246.078441995
14794.0598072	0.00014447657944200622	246.56766345333332
14811.7733888	9.637211490356255e-05	246.86288981333334
14816.8333078	8.708179768406823e-05	246.94722179666667
14873.0098105	0.00011698756743671324	247.88349684166667
14889.7118754	8.04671955740006e-05	248.16186459
14924.6321588	0.00011012164588855988	248.7438693133333
14938.8016031	8.692621739769937e-05	248.98002671833333
14952.4666705	0.00011750246108016485	249.20777784166665
14977.770877	0.0001385821453631131	249.62951461666668
15024.8385733	0.00010379442394985102	250.41397622166667
15043.0573725	9.918648712687972e-05	250.717622875
15081.0144503	0.00013667420223999435	251.35024083833332
15082.5324833	3.939584174332228e-05	251.37554138833332
15090.6297443	0.00012654354420762526	251.51049573833333
15136.1780081	6.857659712727791e-05	252.26963346833332
15148.8313055	0.00010630330030488175	252.48052175833334
15251.0612204	8.993326331632527e-05	254.18435367333333
15258.1470418	0.0001314814101154543	254.30245069666668
15264.7255462	9.713865462182073e-05	254.41209243666665
15272.823579	9.080553762842715e-05	254.54705965
15289.018767	0.0001384726147408449	254.81697945
15371.5109983	0.00017278233745039685	256.19184997166667
15374.0414064	7.527220964925138e-05	256.23402344
15449.9553054	0.00014539355295486057	257.49925509
15480.3217812	0.00014001160534951837	258.00536302
15487.4068793	1.0873780777330341e-05	258.12344798833334
15491.9609159	9.050974150105725e-05	258.1993485983333
15526.3757409	6.65865082846504e-05	258.772929015
15553.7052033	7.356868183759803e-05	259.228420055
15603.8078021	0.00013952863437641035	260.0634633683333
15640.2463876	1.1004417173053264e-05	260.6707731266667
15657.4538792	8.798213225434799e-05	260.95756465333335
15662.5145673	8.385032379724109e-05	261.041909455
15709.5821863	3.668906283199973e-05	261.8263697716667
15726.2824695	0.0001675418247810017	262.104707825
15729.3185308	7.048770550236641e-05	262.1553088466666
15794.6056552	0.0001191660074725563	263.24342758666666
15830.031616	0.00015242381362810318	263.83386026666665
15840.6591712	0.00011246223756695692	264.0109861866667
15845.7198648	9.03729782495467e-05	264.09533108
15846.7328292	9.567879543355687e-05	264.11221382
15854.8299603	7.09728171520059e-05	264.247166005
15858.8786575	0.00013669530459484768	264.31464429166664
15864.4452954	0.0001290330685843476	264.40742159
15885.1956133	0.00011896333389084297	264.75326022166666
15894.8110152	0.00011987800322276679	264.91351692
15914.0428892	0.00016920391602271627	265.23404815333333
15914.5495076	0.00017198626613310034	265.24249179333333
15938.8410829	0.00017929490754791836	265.6473513816667
15940.3603986	8.192940558088215e-05	265.67267331
15942.8907879	1.1320094022185372e-05	265.714846465
16009.1891175	9.125336496783319e-05	266.819818625
16019.3108215	0.00011865138632524424	266.98851369166664
16044.1088794	9.709985968386474e-05	267.40181465666666
16045.6271931	0.00017014943384083183	267.42711988499997
16055.7484451	0.00014413487908252306	267.5958074183333
16083.0777519	0.0001360406464432603	268.051295865
16114.4561535	0.00013600416012725096	268.57426922499997
16123.0597553	0.0004631340773153828	268.7176625883333
16137.73619	0.00017323128616763113	268.9622698333333
16155.955372	0.00019750107427362576	269.2659228666667
16177.2115564	0.00019754970823427707	269.62019260666665
16283.9966469	0.00019743499948986768	271.399944115
16289.564037	0.0002270869042024659	271.49273395
16295.6378115	2.3646326621980364e-05	271.593963525
16306.2648538	2.490941276889711e-05	271.77108089666666
16361.9353474	0.00020280636533321912	272.69892245666665
16499.0862146	0.00015068639505649812	274.98477024333334
16529.4515502	0.00022080682163192478	275.49085916999996
16572.9761277	0.0001616705166671092	276.216268795
16596.2554907	0.00020105098174788083	276.60425817833334
16600.3053344	6.127201889534798e-05	276.6717555733333
16613.4634356	0.00033570837060543734	276.89105725999997
16725.3101194	0.00029020522404367763	278.7551686566667
16733.9132073	0.0001562665269126571	278.898553455
16774.4015095	0.00020734835417243877	279.5733584916667
16983.9231922	2.5279515604033803e-05	283.06538653666667
17006.1908493	0.00017626325557623142	283.436514155
17049.7158642	0.00023040683710184607	284.16193107
17083.1172792	0.00012264688035073794	284.71862132
17169.6591483	0.00035543935592347904	286.160985805
17193.9512387	0.0001420767615241558	286.56585397833334
17289.6027146	0.00014210460015550835	288.16004524333334
17301.7494729	0.0002941780681211225	288.362491215
17307.8230372	0.00020152456303477624	288.4637172866667
17315.413416	0.00015467280710449238	288.5902236
17333.1278587	0.00022129083624824789	288.8854643116667
17400.4377397	0.00024163435436433175	290.00729566166666
17401.4503954	0.0002796251129862195	290.02417325666664
17415.1147381	0.00024382347880106512	290.25191230166666
17487.4851173	0.00014787701084908436	291.45808528833334
17544.1676255	0.00013001531351914463	292.4027937583333
17548.21627	0.00027045475867735976	292.4702711666667
17606.9238665	0.00029649992636591235	293.44873110833333
17607.9356737	0.00031772662397810546	293.4655945616667
17664.6188037	0.00027807980037919004	294.410313395
17695.996083	0.0001577624292733974	294.93326805000004
17696.5014974	0.00027626445625215045	294.9416916233333
17708.6487161	2.8762171991396914e-05	295.1441452683333
17796.2016326	0.00021945229883637332	296.60336054333334
17906.0244319	0.00035863107582941413	298.4337405316667
17917.6645468	0.00036556174655053263	298.6277424466667
18014.8337417	0.00031500525008750147	300.2472290283333
18040.1388325	0.0002345576570464399	300.66898054166666
18073.5407591	0.0004125128372116324	301.22567931833333
18113.0156421	0.0002762976119992106	301.883594035
18120.1017644	0.00030340916818807185	302.00169607333333
18131.2361336	0.00021331475898697257	302.18726889333334
18309.3802794	0.0005243221916319224	305.15633799
18343.7950099	0.000457802160646668	305.7299168316667
18419.7087888	0.00028338348312174585	306.99514647999996
18424.263073	0.00019201277178401666	307.07105121666666
18452.0981948	0.00024368450978799449	307.5349699133333
18518.9040222	0.0003212084234784663	308.64840037
18567.9942935	3.7775350828077665e-05	309.4665715583333
18620.1222918	0.00034940791736502757	310.33537153
18678.8289335	0.0003037216609054712	311.3138155583334
18736.0172274	0.00033993444682145594	312.26695379
18780.0470418	3.830220130411335e-05	313.00078403000003
18796.7484485	0.00040402766873169697	313.2791408083333
18893.9183336	0.0003050910054354371	314.8986388933333
19069.0275541	0.0002014189005909513	317.81712590166666
19077.1252913	0.00034031564275865863	317.95208818833333
19081.680133	0.0003806884721328781	318.0280022166667
19159.6183664	0.0003156629257251852	319.3269727733333
19209.2154464	0.0006330082756958099	320.15359077333335
19224.903723	0.0002882036575664178	320.41506205
19262.8608370999	0.0002581272709100796	321.04768061833164
19288.6722241999	0.00016559807050516126	321.4778704033317
19361.0425990999	0.00029573529873395553	322.68404331833165
19446.0669687999	0.00032413813531709257	324.101116146665
19538.6811442999	0.0004281897370346202	325.64468573833165
19546.7792409999	0.0004030507292282068	325.77965401666495
19624.7170571999	2.9618883947288918e-05	327.07861761999834
19658.1189599999	0.00027758339842218807	327.63531599999834
19660.1435339999	0.00028903663355762043	327.66905889999833
19663.1811419999	0.0003023848231829852	327.7196856999983
19730.9973845999	0.00014815799942370037	328.84995640999836
19757.8198728999	0.0004002982428858369	329.29699788166505
19846.8915086999	0.00011357575447148859	330.78152514499834
19872.1972699999	6.555664755424123e-05	331.2032878333317
19894.4652753999	0.00017487625968174757	331.574421256665
19919.7697702999	0.00023856323295414335	331.99616283833166
19965.8233953999	0.0003430793932839192	332.763723256665
20001.7557738999	2.440160486643917e-05	333.36259623166495
20017.4456361999	0.0001760680353464886	333.624093936665
20018.9639842999	0.0002955510316245212	333.6493997383316
20023.0127955999	0.0002000609464017131	333.716879926665
20060.4629909999	0.0001918293239558677	334.3410498499983
20096.9022277999	0.00023595998993654083	334.9483704633316
20143.9691254999	0.0002727584817698577	335.7328187583317
20177.3705964999	2.0217822324878838e-05	336.28950994166496
20191.5410617999	0.0001749215080766372	336.52568436333166
20213.3027957999	0.0001007354233378792	336.88837992999834
20214.8214797999	0.00025948613434455974	336.9136913299983
20222.9191209999	0.0002508864566398718	337.048652016665
20227.9800142999	0.000350729007302659	337.1330002383317
20255.8152662999	0.00023777447386359366	337.59692110499833
20259.8636268999	0.00018489609163083743	337.664393781665
20291.7471150999	0.00011742516393170912	338.19578525166503
20357.0333175999	0.00031774518433499126	339.28388862666503
20439.5272453999	2.486388404810554e-05	340.65878742333166
20554.9165322999	2.3665240967371942e-05	342.5819422049983
20575.1590671999	0.00022698976778034235	342.919317786665
20680.4271569999	0.00030264633520825547	344.6737859499983
20696.1162104999	0.00010769056765916964	344.9352701749983
20759.8830277999	0.00012946881820973395	345.99805046333165
20778.1036616999	0.00012824481725376338	346.30172769499836
20796.3219917998	0.0001116650887212534	346.6053665299967
20797.8401304998	0.0002821414634028103	346.63066884166335
20821.1210486998	2.2410259237396805e-05	347.01868414499666
20850.9802805999	0.00024283371024753122	347.5163380099983
20862.1138876999	0.0001934238694421665	347.70189812833166
20901.0840431999	1.9998551216067457e-05	348.3514007199983
20907.1568579999	0.00026135475583176793	348.45261429999834
20912.2178711999	0.00017856316535874592	348.5369645199983
20915.7598020999	0.00030325327166657906	348.595996701665
20939.5467932999	0.00024900277882798747	348.99244655499837
20941.0657448999	3.102262997447871e-05	349.01776241499834
20971.9368941999	0.0002401571153551803	349.5322815699983
21032.1622119999	0.00019005881560928833	350.53603686666503
21035.1983637999	0.00016851774724665786	350.586639396665
21072.6484412999	9.203337300888881e-05	351.21080735499834
21103.0142957999	0.00022012608712891323	351.71690492999835
21118.7027472999	0.00021155055931842257	351.978379121665
21170.3245282999	0.00020601318217394187	352.83874213833167
21173.3619220999	0.0002007160032911448	352.88936536833165
21184.4948186999	0.00020908940926092195	353.07491364499833
21238.1416313999	0.00017305795423298243	353.9690271899983
21258.8905837999	2.180537875700619e-05	354.3148430633317
21287.2316281999	0.00022604105242467638	354.78719380333166
21325.6953433998	0.0002964100277866386	355.42825572333
21358.5915759998	0.0002241301808192146	355.9765262666633
21433.9986047999	6.79577185073382e-05	357.2333100799984
21434.5048880999	6.280771118089108e-05	357.2417481349983
21454.7497867999	0.0001480321087882863	357.5791631133317
21576.7181127999	0.00011156340377084304	359.61196854666497
21586.3338460999	7.902209808047721e-05	359.77223076833167
21590.8874552999	0.00010592732056177823	359.84812425499837
21684.5155037999	6.920151677538341e-05	361.4085917299983
21752.3311557999	9.913956280951671e-05	362.538852596665
21761.4409103999	9.766937008248287e-06	362.6906818399983
21769.5383532999	0.00010052077493785109	362.825639221665
21877.3377859999	0.00010607933416439793	364.62229643333166
21935.5381478998	9.696967607387452e-06	365.59230246499664
21983.1106346998	6.804051997739229e-05	366.38517724499667
22025.6221438998	0.0001245780108799569	367.09370239833
22032.2015766998	0.00010590574672579805	367.20335961166336
22079.2683841998	4.564973978581739e-05	367.98780640333
22135.9501521998	0.00010440253509893423	368.9325025366633
22232.1083974998	8.114731712774092e-05	370.53513995833
22313.0836725998	0.00010512208410231123	371.88472787666336
22318.1440458998	9.40995822850993e-05	371.96906743166335
22384.9479016998	0.00011907205175505623	373.08246502833003
22510.9652320998	7.026503040678808e-05	375.18275386833
22588.3979943998	9.313054000576863e-05	376.4732999066633
22596.4958958998	9.004105872277759e-06	376.6082649316633
22619.7756738998	8.406272504079994e-05	376.9962612316633
22620.2812363998	0.00011324480931331703	377.00468727333
22647.6104960998	9.261679492377637e-06	377.46017493499664
22726.5602754998	9.443710866311471e-06	378.7760045916633
22766.5416707998	0.00012005520105697248	379.4423611799967
22957.8454289998	0.00010165478891015656	382.63075714999667
23011.9970627998	9.61015242128858e-06	383.5332843799967
23074.2468886998	9.745727035446661e-05	384.57078147833
23077.2830040998	0.0001597781572834054	384.62138340166337
23081.8373330998	2.5333535150067133e-05	384.6972888849967
23087.4047457998	9.398757317193648e-06	384.7900790966633
23093.9835786998	0.00015070823331160676	384.89972631166336
23103.0939064998	9.341010398412775e-06	385.05156510832995
23112.7100640998	0.00011645995566714314	385.21183440166334
23127.8931730998	8.705855088881017e-05	385.46488621833004
23152.6908872997	6.543745630782517e-05	385.878181454995
23181.5381063997	0.00016089568254704916	386.358968439995
23291.8660407997	0.00022394226396827647	388.1977673466617
23333.3662276997	5.4839955075108804e-05	388.8894371283283
23390.5542424997	0.0004280774071250858	389.8425707083283
23402.7010499997	0.0004460559685277624	390.045017499995
23592.9914637998	0.0006539865932748378	393.2165243966634
23675.9908482998	0.0006068031973860786	394.59984747166334
23878.4280562997	7.32031077159329e-05	397.97380093832834
23959.9090685998	0.0005180144254382986	399.3318178099967
23972.0561267998	0.0008281735695120211	399.53426877999664
23973.0678893998	0.0004420812628904108	399.5511314899967
23982.6828326998	6.455370437846258e-05	399.71138054499664
24005.9640722997	0.0004291113007436304	400.099401204995
24081.8772478997	0.00042670271973278313	401.36462079832836
24326.3198070997	7.814697883779814e-05	405.4386634516616
24392.1126791997	0.0007403932746793672	406.535211319995
24434.6244174997	0.0006962246201324066	407.2437402916617
24516.1046758997	0.0007484682402453044	408.6017445983283
24553.5554458997	0.0007214751807480753	409.22592409832833
24616.3111601997	0.0005038119865268462	410.271852669995
24650.2201369997	0.00044935320897179656	410.83700228332833
24661.3538950997	0.0004298097327626515	411.0225649183283
24728.1577155997	0.000474030942649721	412.13596192666165
24857.2112971997	0.000721272711725143	414.2868549533284
24990.8201165997	0.0005645480433152253	416.513668609995
25050.5391900997	0.000167342753778924	417.50898650166164
25181.6177970997	0.00013278956795669162	419.6936299516617
25216.0315475997	6.609745882691154e-05	420.26719245999504
25355.2077951997	9.779830996482163e-05	422.5867965866617
25434.1575127997	0.00010987415658346971	423.9026252133283
25583.4546275997	9.102212804690267e-05	426.39091045999504
25610.2776906997	9.138194440426255e-05	426.83796151166166
25679.1061855997	0.00016348127094043747	427.98510309332835
25821.8246521997	9.031309744622658e-06	430.36374420332834
25863.3249940997	0.0001139108456418058	431.0554165683283
25871.4221414997	0.0001043696145934965	431.190369024995
25885.0871059997	8.8037023270777e-05	431.41811843332835
25961.5072117997	5.365528593665582e-05	432.69178686332833
25986.8114164997	6.722765079333675e-05	433.1135236083283
26027.2993052997	8.535623920813625e-05	433.788321754995
26078.4144821997	1.09015697269355e-05	434.640241369995
26123.4571443997	4.4447989700765816e-05	435.3909524066617
26124.4690390997	9.203635967972982e-06	435.4078173183283
26165.4631459997	9.888819976940796e-05	436.09105243332834
26168.4997072997	6.851435142551406e-05	436.14166178832835
26177.6091856997	0.00011168654299470722	436.2934864283283
26202.4073661997	3.8258784034629665e-05	436.70678943666167
26250.9923536996	0.00010261772347741712	437.5165392283267
26317.7968683996	6.225781350969896e-05	438.62994780666
26512.1368305996	0.00012869462476168122	441.86894717666
26560.7218731996	8.991372697616524e-05	442.67869788666
26639.1661279996	9.535274791615749e-05	443.98610213332665
26700.9096900996	8.963147124283795e-06	445.01516150166003
26759.6157629996	6.533450669857965e-05	445.99359604999336
26945.8580284996	0.0001251701659772763	449.09763380832663
26946.8700976996	8.254569338579922e-05	449.11450162832665
