retention_time	intensity	retention_time_min
6.0260234	5.4619140731678007e-05	0.10043372333333332
107.7508659	0.000418277244246586	1.795847765
115.8487206	0.0001862202492612807	1.93081201
116.3540078	0.00017917469532794473	1.9392334633333335
134.0672588	0.00034545073540548447	2.234454313333333
139.1281938	0.0003594557088890602	2.31880323
162.4083702	0.00029257923523370513	2.70680617
181.1337396	0.00024461959687869324	3.01889566
201.3773339	0.0002743142144638404	3.356288898333333
205.9329757	9.912614392934216e-05	3.4322162616666665
219.0912013	0.0004911486472057913	3.651520021666667
335.9985132	0.00043541977710045813	5.59997522
379.5222443	0.0002983619632808	6.3253707383333335
394.1997236	0.00021308563553957326	6.5699953933333335
414.4420687	0.00012753265453049472	6.907367811666666
494.9112124	0.00040431865222077687	8.248520206666667
505.033219700001	0.00041578842138664443	8.41722032833335
509.588620700001	0.00021050328670088034	8.49314367833335
518.191306700001	0.0003469225503909256	8.63652177833335
528.819163100001	0.00015982842106485016	8.81365271833335
563.2340673	0.000185747887622528	9.387234455
639.6536339	0.0005548058327665166	10.660893898333335
653.3190474	4.2577550276990616e-05	10.888650790000002
659.3917563	0.0003896162377951245	10.989862605
660.4038408	0.00032682976058099776	11.00673068
757.573791	4.1430066462112616e-05	12.62622985
773.7678506	0.00033733705415509116	12.896130843333333
888.651250799999	0.00038244744921848474	14.810854179999984
954.443270599998	0.0003602444949086006	15.9073878433333
957.480709899998	0.0003998032570879342	15.958011831666633
962.035512199998	0.00040534619843882104	16.0339252033333
1079.9545713	0.00028428512444242886	17.999242855
1083.4973902	0.00022583202830691066	18.058289836666667
1090.076617	0.00033789974130474617	18.167943616666665
1106.7778363	0.00019724511452275296	18.446297271666666
1137.1430121	0.0002021141628455726	18.952383535000003
1147.7707839	0.0003768413581120399	19.129513065
1157.3862426	0.0003251190935530192	19.289770710000003
1164.472436	0.00038732608299410655	19.407873933333335
1169.5328864	0.000163852412605583	19.492214773333334
1173.0758287	0.0003344817522674641	19.55126381166667
1204.4543713	0.0002854602307962372	20.074239521666666
1279.3557628	0.00023697303848966593	21.322596046666668
1424.6031977	0.0003750333854161335	23.743386628333333
1532.9074474	9.988666705084616e-05	25.548457456666664
1617.4255219	4.1825215213968507e-05	26.957092031666665
1684.7347356	0.0003735469416716924	28.07891226
1757.6128364	0.0002253534100741199	29.293547273333335
1773.8077444	0.0002688412205719269	29.563462406666666
1813.7887845	0.00031349290404575304	30.229813075
1822.8983713	0.0003472118291478344	30.381639521666667
1886.1597535	0.00039896345857413516	31.435995891666668
1917.0315605	0.0002484779570493381	31.950526008333334
1943.3487744	0.0003919432604491785	32.389146239999995
1953.4703104	0.0003664715383466898	32.55783850666667
1963.0866998	0.0003006162633398467	32.71811166333333
1971.6897023	0.0004229481637597941	32.86149503833333
2041.5309759	0.0002807006896133158	34.025516265
2085.560778	0.00043063822772183125	34.7593463
2099.7318782	0.00040571435080884367	34.99553130333334
2105.2992593	0.0003307850912943934	35.08832098833333
2124.530482	0.00033788278625994383	35.40884136666667
2148.8222168	0.000299739730946495	35.81370361333334
2158.4388587	0.00024292451872103086	35.97398097833333
2203.9862598	4.2483410228305847e-05	36.733104329999996
2252.5710923	0.0003469924111474525	37.54285153833334
2296.0952503	4.467002254347138e-05	38.26825417166666
2326.9666916	0.0004389536021438126	38.782778193333336
2373.5273869	0.00021852166193528247	39.55878978166666
2384.1555085	0.00042322422170310405	39.73592514166667
2430.2093292	9.292514415012986e-05	40.50348882
2440.8383833	0.00037759719721668046	40.680639721666665
2445.3932473	0.00012538042586047955	40.75655412166667
2514.2208605	4.2628693657892416e-05	41.903681008333336
2748.0365804	0.0002767148884511702	45.800609673333334
2801.1763709	0.00032579789156713605	46.68627284833334
2815.8530147	0.00025220126807561836	46.93088357833334
2842.6754095	0.00027148368604666196	47.37792349166667
2846.2185425	4.2689636853489165e-05	47.43697570833333
2856.3398505	0.00038144155791214617	47.605664175
2956.0407856	0.00037914291668311457	49.26734642666667
3086.61291239999	0.0003903757721264137	51.44354853999983
3088.63676519999	0.00023861179681390962	51.47727941999983
3125.07554609999	0.000175351716772612	52.084592434999834
3158.47793579999	0.000393892407643127	52.641298929999834
3190.36161159999	0.00032884226335010597	53.1726935266665
3219.71528529999	0.000260113231447593	53.6619214216665
3253.62240679999	0.0003226087553049672	54.22704011333317
3258.17772529999	0.00036823913430152343	54.30296208833317
3260.20234769999	4.846078843764356e-05	54.33670579499983
3276.3969249	0.00044547325102880657	54.606615415
3349.27518309999	0.00039541320680110717	55.8212530516665
3379.13335739999	0.0003898536113848582	56.31888928999983
3446.44377619999	0.00021261550901280365	57.44072960333317
3475.79720139999	0.00037458826391471	57.9299533566665
3494.52249929999	0.0003423071024375744	58.24204165499984
3499.07747499999	0.0002516818658015651	58.3179579166665
3576.00391359999	0.00033818816565478623	59.6000652266665
3577.01550859999	0.00034027568385119417	59.61692514333317
3668.11402289999	0.00021894846441206236	61.13523371499983
3674.69267389999	6.381510975879804e-05	61.244877898333165
3682.79011259999	0.00025585091574187953	61.37983520999983
3686.33202029999	0.0002830529418658603	61.43886700499983
3693.92436959999	0.00021180521953793595	61.56540615999983
3735.92961379999	0.00029773167419807223	62.265493563333166
3750.60675899999	0.0002550739461268635	62.51011264999983
3790.08229539999	0.0002229634395182333	63.1680382566665
3885.22706539999	0.0002199160527343528	64.75378442333316
3891.80659129999	0.00017328547077457155	64.86344318833316
3923.69104039999	0.0001739023893793068	65.39485067333317
4017.31722109999	0.00020830971545176283	66.95528701833317
4023.89626729999	0.00028428919500598647	67.06493778833317
4061.85360639999	0.0002749638205499276	67.6975601066665
4089.18296299999	8.858028113724335e-05	68.15304938333317
4095.76237099999	0.00031944480088390986	68.26270618333317
4168.63874409999	0.00022385523098308592	69.4773124016665
4205.58348839999	0.00032773189382023907	70.09305813999983
4263.78487309999	0.0003427187289641019	71.06308121833317
4290.60801069999	0.0001796297082078047	71.5101335116665
4312.87551339999	0.00016402179162875908	71.88125855666651
4353.8694476	0.00014163584062352956	72.56449079333333
4354.37503819999	0.00010729975773199356	72.57291730333317
4395.3685466	0.00021794556245925264	73.25614244333333
4397.3940599	0.00015873065470145827	73.28990099833332
4439.3986698	0.0002708235790942558	73.98997783
4453.0640059	9.399298401795159e-05	74.21773343166666
4455.5940422	0.00014152381468845253	74.25990070333334
4479.3799607	0.00012926828836390617	74.65633267833333
4528.9777696	0.00015225753904121777	75.48296282666666
4562.886369	0.0002407294678784535	76.04810615
4564.4042265	0.00025069634373870136	76.073403775
4615.0128363	0.00022719240672489525	76.916880605
4803.78564029999	0.0001961106189201009	80.06309400499983
4829.09034959999	8.920006843109727e-05	80.48483915999984
4860.46935539999	0.000115735790286748	81.00782258999983
4877.67604669999	0.00014700427274101145	81.29460077833318
4884.76067349999	0.00017578246953330094	81.4126778916665
4908.04185319999	0.00026270330171767546	81.80069755333317
4963.71157989999	0.0004542617379846037	82.7285263316665
4964.21781619999	0.00021072579986209644	82.73696360333317
4975.85728809999	0.00015815335501886545	82.9309548016665
4999.13766709999	0.00014954878838191484	83.31896111833316
5019.38119139999	0.00026643995541707005	83.65635318999983
5034.05778279999	0.00023371936777207523	83.90096304666649
5063.41221759999	0.0003245808583756958	84.3902036266665
5080.11229969999	0.0003390001266145051	84.66853832833317
5083.15012009999	0.00035332153294619783	84.71916866833317
5113.00937489999	2.894903426021708e-05	85.21682291499982
5119.08246109999	0.0001582337145066551	85.31804101833316
5134.26495379999	0.0001501447971742612	85.57108256333316
5176.77624469999	0.0002765821855410247	86.27960407833316
5177.78938649999	0.00018653676126415063	86.29648977499983
5191.95937759999	0.0002535245203885346	86.53265629333318
5196.51473539999	3.156359749258782e-05	86.60857892333317
5231.94104199999	0.00015896739130434782	87.19901736666651
5258.25811969999	0.00024072632944228275	87.63763532833316
5283.56222109999	0.00024112511933232947	88.0593703516665
5352.898462	0.00028092976454621184	89.21497436666667
5383.76981909999	0.00026887384958936873	89.72949698499983
5462.21428769999	3.236155188743358e-05	91.03690479499983
5521.42629419999	0.0002704601553125214	92.02377156999982
5541.16455989999	0.00026562543502749186	92.35274266499984
5550.78069619999	0.000664860942888445	92.51301160333317
5586.71302499999	0.00027588000171235866	93.11188374999983
5604.93192629999	3.7212043901280915e-05	93.41553210499983
5610.49956709999	3.5385537223226124e-05	93.50832611833316
5698.5590654	0.00017522193503168533	94.97598442333333
5705.1386388	0.0003139336038315675	95.08564398
5713.2355254	0.0003618565714426989	95.22059209000001
5760.3030926	0.0004165596688266986	96.00505154333334
5761.8209136	0.0001542675392361337	96.03034856
5772.44908120001	0.00019020663490680977	96.20748468666685
5784.08967690001	0.00025199535948168197	96.40149461500017
5920.7354093	0.0002386309402059044	98.67892348833334
5949.0762269	0.00018862892284381293	99.15127044833334
6013.8566706	0.0002439680313309704	100.23094451
6084.7086422	0.00031981955444086285	101.41181070333333
6090.2763776	3.493883762369319e-05	101.50460629333334
6093.819418	0.00042308898728544644	101.56365696666667
6142.4034122	0.00011299674963712118	102.37339020333334
6149.4893615	0.0002935260696709894	102.49148935833334
6173.7814357	0.00023883685624583173	102.89635726166667
6188.9638781	2.9447621515610185e-05	103.14939796833333
6286.1336338	0.0004252023395708625	104.76889389666667
6310.9332574	0.00030909101794973116	105.18222095666667
6352.93783069999	0.0004240902013254775	105.88229717833316
6364.07201709999	0.00029495120481155184	106.0678669516665
6408.10271359999	0.00027879456296840173	106.80171189333318
6411.13896469999	0.0003283783295441512	106.85231607833316
6435.4317458	7.027941177410152e-05	107.25719576333333
6515.9004053	0.000337637830237549	108.59834008833333
6539.1812105	0.00015438312799316258	108.98635350833334
6589.7905188	0.0002701020427410076	109.82984198000001
6755.7879736	0.0002737961152881205	112.59646622666668
6786.1533147	0.00036486974229005807	113.102555245
6790.2027984	0.00017630704550077982	113.17004664
6802.8555516	0.00020731969104468718	113.38092585999999
6814.4942497	0.00030089148552696836	113.57490416166667
6851.43950329999	0.00032228223568380533	114.19065838833316
6908.12192259999	3.3069050381800556e-05	115.1353653766665
6961.76746639999	8.97449722912398e-05	116.02945777333316
6995.17068319999	0.0003676366159577015	116.58617805333317
7025.02960559999	7.619524948017908e-05	117.08382675999982
7052.86490839999	3.960845719778087e-05	117.54774847333316
7090.31605219999	0.00035961995557922354	118.17193420333317
7097.90791739999	7.578105002222911e-05	118.29846528999983
7124.72945649999	0.00040424988889820935	118.7454909416665
7127.76675009999	0.00037100555235270263	118.7961125016665
7156.10738049999	0.0003535918362572889	119.2684563416665
7233.03396129999	0.00018313915565322978	120.5505660216665
7264.41190039999	0.00015970908376127177	121.07353167333318
7265.92924269999	4.0249295190119785e-05	121.0988207116665
7363.60532779999	0.0002345277344892502	122.72675546333316
7391.44045439998	0.00034514890145164535	123.19067423999967
7395.99500389998	0.00017124063386215582	123.266583398333
7432.43379029999	0.00037227435310315925	123.87389650499982
7438.00169039999	0.0006274357819006883	123.96669483999985
7476.97050499999	0.00028830031057367904	124.61617508333318
7561.99316009999	0.0004506824620139068	126.03321933499983
7570.09052919999	0.00037772708397037304	126.1681754866665
7584.76735319999	0.0003289656455796454	126.41278921999984
7628.79814719999	0.00016898447606727038	127.14663578666651
7669.79140489999	0.00027944915123911094	127.82985674833317
7684.46797299999	0.00022430509998470221	128.0744662166665
7721.41224499999	0.00024224616899405326	128.69020408333319
7767.97317449999	0.0002268046683505471	129.46621957499983
7798.84468909999	0.00033962980351416957	129.98074481833316
7836.80220249999	0.00033067522462422265	130.6133700416665
7859.07033839998	0.000321646284389774	130.98450563999967
7890.95393729999	0.00017272809634163584	131.51589895499984
7899.55694719999	4.261779321278496e-05	131.65928245333316
7934.98406949998	0.00023613646274473304	132.24973449166635
7950.16708489998	0.00037784929699144617	132.502784748333
7997.23346789998	0.0002766230173727047	133.28722446499967
7998.24539939998	0.00028536727459441315	133.30408998999965
8000.26961119998	4.364432012817852e-05	133.337826853333
8021.01932179999	0.0004256127683830515	133.68365536333317
8044.80539609998	0.0002918391429494494	134.08008993499965
8093.39058389999	0.00018368620419929513	134.88984306499984
8104.01868919999	0.0001572588937348615	135.06697815333317
8140.45763049999	0.00023517344750106963	135.6742938416665
8206.25006409999	0.0006316132691502312	136.7708344016665
8210.80412229999	0.00029132320323103916	136.84673537166648
8236.10888209998	0.0005124067213626485	137.268481368333
8259.38944129998	0.00045026358598123436	137.656490688333
8278.11411949999	0.000132397218324918	137.96856865833314
8342.89407749999	0.00023861511106197544	139.04823462499982
8361.11336549999	0.00030999142593689585	139.35188942499983
8373.25988949999	0.0004230290789148611	139.5543314916665
8380.34531719999	0.00035011681098118063	139.67242195333316
8419.82029209999	0.0002662907128664726	140.3303382016665
8462.3327422	0.00034583663497388844	141.03887903666666
8528.1237349	0.0003910995959268824	142.13539558166667
8553.935636	0.0002685834143346805	142.56559393333333
8607.0744804	0.0002755719523991632	143.45124134
8624.787735	0.00016670180046764706	143.74646225
8670.8423228	0.0001727827698017036	144.51403871333332
8707.7874877	0.0003041299529398915	145.12979146166666
8722.969611	0.00019134751570122605	145.38282685000001
8733.0918928	0.00027731183986501757	145.55153154666667
8778.64038540001	0.00042477341330453115	146.31067309000017
8859.10931830002	0.0001770466023108053	147.65182197166698
8902.12614770002	0.0003263293388205007	148.36876912833367
8903.13932930002	0.0004025536152300093	148.38565548833367
8961.84564270002	0.0003346065962962323	149.36409404500034
8963.86962370002	0.00016357074105765335	149.39782706166702
8967.41286480002	0.00035663631826126204	149.45688108000033
8988.16193440002	0.0003677526755644723	149.802698906667
9031.68649350003	0.00016027621232389763	150.5281082250005
9229.56932600001	0.0002146142739570369	153.8261554333335
9270.05591820001	0.00022796027319396233	154.50093197000018
9278.15396740001	0.0003106156947656213	154.63589945666683
9411.76194600001	0.00029297894708029754	156.86269910000016
9460.34666540003	0.0004099872215048379	157.67244442333381
9530.18726950003	0.00039550589644561017	158.83645449166715
9567.63898910002	0.00029119046021082624	159.46064981833368
9628.87618530002	0.00025226476310840143	160.48126975500034
9732.1186488	4.328958519919462e-05	162.20197748
9752.86832390001	0.00037427150724482706	162.54780539833348
9782.7283239	0.00035064479682082053	163.045472065
9856.1122066	0.00033795629762986627	164.26853677666668
9989.7205806	0.00048668333696947323	166.49534301
9992.7566797	0.00036345524788994034	166.54594466166665
10154.706481	4.668025580780183e-05	169.24510801666665
10271.1084794	0.0002991516912754546	171.18514132333334
10273.6388728	0.00017503394519262537	171.22731454666666
10356.1321731	4.076360190809891e-05	172.60220288500003
10476.5814537	0.0002515586999372939	174.609690895
10577.8004952	0.00032345921287701133	176.29667492
10588.9336982	3.541929359760849e-05	176.48222830333333
10604.6226579	0.00021210304994544773	176.743710965
10607.6598883	2.7448078908957163e-05	176.79433147166668
10665.3539865	0.00018249953720995494	177.75589977500002
10681.5489945	0.0002072056544120804	178.02581657500002
10713.4334981	0.00015628588951534797	178.55722496833332
10771.1273905	0.00019716402966211852	179.51878984166666
10816.6756978	0.00017542540661103176	180.27792829666666
10847.0415129	0.00012612321670936235	180.78402521499999
10852.608595	0.0002565124342272776	180.87680991666667
10974.5766127	0.00017867997247994442	182.9096102116667
11050.4902541	0.00013017443374121324	184.17483756833332
11073.2654632	0.0001893006150843101	184.55442438666665
11088.9540348	0.00014778872942663825	184.81590057999998
11109.7044342	0.00019624417414605948	185.16174057
11134.5025735	6.589643027096258e-05	185.57504289166667
11166.8916635	0.00012932568936618362	186.11486105833333
11236.2266373	4.795916100748567e-05	187.270443955
11407.7928858	6.925418227999715e-05	190.12988142999998
11468.0174484	0.0002028470175522331	191.13362414
11479.6577647	0.00017258265425466163	191.32762941166666
11488.7671949	0.00010510568074666386	191.47945324833333
11493.828418	0.0002722926517638804	191.56380696666665
11502.4310612	0.00010522436683879351	191.70718435333336
11528.2419547	0.00014433754141057896	192.13736591166668
11531.2790215001	0.00014525528616543575	192.18798369166834
11598.0825556	0.00016963544951931748	193.30137592666668
11606.6871128	0.0001440081585030205	193.44478521333335
11680.0705236	0.00018016217346179095	194.66784206
11688.6742	0.00019935981278809356	194.81123666666664
11738.7765786001	0.0001398957919101078	195.64627631000167
11801.5318539	0.00014516345939574133	196.692197565
11821.2703525	0.00011740366553282225	197.02117254166666
11835.4398735	0.00022303041276658145	197.257331225
11844.5503645	0.00015494681314503418	197.40917274166668
11918.9458294	0.00014688459166776368	198.64909715666667
11949.311308	0.00013158821251276273	199.15518846666666
11958.9269327	0.00011371990491494047	199.31544887833334
11993.3413624	0.0001862326877753071	199.88902270666668
12082.4135315001	0.0001613122951936313	201.373558858335
12082.9200273001	1.830307699128326e-05	201.38200045500167
12094.0540118001	0.00023647849734806256	201.567566863335
12197.8026677001	0.00017000143732993662	203.296711128335
12218.5524464001	0.00014938108594962204	203.64254077333499
12237.7841821001	0.00014461006710110789	203.96306970166833
12250.4359839001	0.00014984661280411895	204.17393306500168
12264.1011077001	0.00013935090074490645	204.401685128335
12297.5029359	0.0001280344262956107	204.958382265
12313.1910387001	0.00020917977392493665	205.21985064500169
12397.2028226	0.0001329683288982236	206.62004704333333
12400.2391143	0.00015274947153610252	206.670651905
12428.0746312	1.944314823456214e-05	207.13457718666666
12440.726639	0.0001331222033843422	207.34544398333335
12453.8852607	0.0002806599976906655	207.564754345
12461.4769397	0.00019571123448688488	207.69128232833333
12481.214543	0.00013308728352945924	208.02024238333334
12512.5922207	5.100945335659997e-05	208.54320367833333
12547.006627	0.0003059751999833037	209.11677711666667
12556.6223924	0.00014365500907534819	209.27703987333334
12639.6218236	9.641273679967756e-05	210.66036372666667
12746.9135701	9.737292363519064e-05	212.44855950166667
12758.0466231	0.00016364358281552438	212.63411038499999
12786.3878507	0.0001511655324123134	213.10646417833334
12893.679338	0.00013785451179461477	214.89465563333334
12898.7415083	9.223030008791021e-05	214.97902513833333
13047.5327268	8.932570826484486e-05	217.45887878
13051.5810084	9.035157186637389e-05	217.52635014
13065.7510183	0.00014847299213093142	217.76251697166666
13114.33613	8.412092496640847e-05	218.57226883333334
13193.2871368	9.364694090878028e-05	219.88811894666665
13207.4577441	9.532461923650816e-05	220.124295735
13256.0421469	3.3224148290215386e-05	220.93403578166667
13287.4193163	7.63697667082061e-05	221.456988605
13315.7610832	0.00020963387559660564	221.92935138666664
13346.1264502	0.00010781651389604507	222.43544083666666
13379.5287151	9.351153893427308e-05	222.99214525166664
13414.448497	0.00016611144561770713	223.57414161666665
13430.643513	0.00017840681751064516	223.84405855000003
13467.0823442	0.00012815555432801193	224.45137240333332
13491.8817657	0.0001621633812174711	224.864696095
13506.0517346	0.00015316473304109146	225.10086224333332
13521.2341276	0.00013515535455166535	225.35390212666667
13558.1792239	6.243552512355332e-05	225.96965373166668
13574.374864	4.412831693572967e-05	226.23958106666666
13586.5208963	0.0002002136266310295	226.44201493833333
13604.7397265	0.0001404664861468745	226.74566210833333
13651.8072186	0.00016300597249612326	227.53012031
13742.9027453	0.00012956125008097577	229.04837908833332
13755.0490328	0.00012351017811864772	229.25081721333333
13790.4754893	0.0001206331136279843	229.84125815500002
13801.6093389	8.248005750038294e-05	230.026822315
13834.5061008	0.00015268790267824689	230.57510168
13867.9077395	4.44461968034582e-05	231.13179565833335
13869.933038	0.00014054594290711475	231.1655506333333
13919.023933	8.067201860007157e-05	231.98373221666668
13989.8770373	0.00012968018460041123	233.16461728833335
14051.1133269	7.063418461190142e-05	234.18522211500002
14082.4919378	0.0001381337419433851	234.70819896333333
14112.8577105	0.0001274584917201138	235.21429517500002
14150.3088315	0.0001211848302583901	235.838480525
14170.5526804	0.00014328260446837038	236.17587800666666
14259.6242342	0.00012246832573333753	237.66040390333333
14260.130883	0.00010561029623688095	237.66884805
14287.9664382	8.955361386026718e-05	238.13277397
14294.0392299	9.100001750000336e-05	238.233987165
14308.7154515	8.135188008622192e-05	238.47859085833335
14356.288314	8.649795495976157e-05	239.2714719
14374.5079979	0.00010621153123672356	239.57513329833333
14389.1840487	0.000118729195589599	239.819734145
14393.2337597	3.4827312158650014e-05	239.88722932833335
14516.2139943	8.729002938678238e-05	241.936899905
14521.7814637	5.9531181316563966e-05	242.02969106166665
14533.4209771	1.3485928659437392e-05	242.2236829516667
14561.2563752	5.920800773435016e-05	242.68760625333334
14570.3651996	0.0001929485913270686	242.83941999333334
14627.5549988	0.00013894394123344802	243.79258331333332
14705.4937633	8.74748307373596e-05	245.0915627216667
14883.1320647	0.00018672385363743157	248.05220107833333
14964.1068378	8.044317612932227e-05	249.40178063
14966.6374995	8.046225985913257e-05	249.443958325
15041.5388693	8.370234926321201e-05	250.69231448833335
15091.1358519	0.00011041846075657318	251.51893086500002
15143.7700983	9.29384934047307e-05	252.396168305
15169.5800998	1.1078114741204161e-05	252.82633499666665
15191.3428685	8.501901445372108e-05	253.18904780833333
15195.390962	9.866427124585668e-05	253.25651603333333
15224.2386243	6.711746800777215e-05	253.737310405
15230.8171968	0.00012068667624251833	253.84695328
15256.6281439	2.5813805024359296e-05	254.27713573166665
15273.8358739	8.481898152015992e-05	254.56393123166666
15301.1637708	9.352350890686487e-05	255.01939618
15348.230631	0.00010006379402203335	255.80384385
15350.255863	8.566732437881685e-05	255.83759771666666
15373.0296788	6.140568138724426e-05	256.21716131333335
15375.054422	0.0001141901091993897	256.2509070333333
15404.913625	8.275848148278976e-05	256.74856041666663
15448.4374697	0.00011912752567059925	257.4739578283333
15459.0657005	6.601931739952609e-05	257.6510950083333
15470.198956	0.0001138278192561444	257.83664926666665
15518.2788597	0.00014948317576084168	258.637980995
15561.2958636	0.00012600191328665896	259.35493106
15594.6981159	8.205912999738103e-05	259.91163526500003
15634.6793481	7.753722850741308e-05	260.577989135
15675.1679056	9.85640161551116e-05	261.25279842666663
15680.7340295	1.0909685982871793e-05	261.3455671583333
15701.4843256	3.5608191903706944e-05	261.6914054266667
15717.6792629	6.359701661031478e-05	261.96132104833333
15721.2222695	3.2411606491731116e-05	262.0203711583333
15738.9355983	7.287520443477843e-05	262.315593305
15793.5924565	0.0001123890994978465	263.22654094166666
15804.7273197	7.351250499380076e-05	263.412121995
15842.6835962	8.08651187077754e-05	264.04472660333334
15861.4088078	3.867824516558424e-05	264.35681346333337
15909.4876198	0.0001404869005620683	265.1581269966667
15932.2627479	2.453068506598877e-05	265.537712465
15942.3838802	1.1546413760861969e-05	265.70639800333333
15976.7991263	0.00014168119682977253	266.2799854383333
16015.7680533	0.00012179965611455787	266.92946755500003
16033.9874233	0.0001288866784199964	267.23312372166663
16064.3527985	0.00022024006166721728	267.7392133083333
16077.0044093	0.00013428077356361672	267.9500734883333
16112.4320263	0.00022629200663726765	268.5405337716667
16123.5653544	0.00018421118007181894	268.72608924
16178.7298673	0.0001757466060069103	269.64549778833333
16202.5159523	0.0002099825607703767	270.04193253833336
16218.710584	0.00017864629250869172	270.31184306666665
16240.472315	0.00030601310399470147	270.67453858333334
16292.0941554	0.0002508917453531044	271.53490259
16349.7888748	0.00024088617773857472	272.4964812466667
16356.8738944	0.0002667230452743647	272.61456490666666
16372.5629401	0.00015596931358673953	272.8760490016667
16434.30673	0.00017045934689442868	273.9051121666667
16453.0322533	0.00020878315654825652	274.2172042216667
16460.6233904	0.0001890288309129075	274.34372317333333
16487.4456048	0.00020007419837105418	274.79076008
16490.4829732	0.0002921658353258461	274.8413828866667
16525.4029077	0.0002816127639831125	275.423381795
16537.0427718	0.00010911864486706443	275.61737953
16539.5737568	0.0002063741526753539	275.6595626133333
16543.116209	0.00013972142754069673	275.7186034833333
16563.3600396	0.00022805505951760697	276.05600066
16573.9875435	0.00030929734919846793	276.233125725
16586.6405309	0.00025489460271571683	276.44400884833334
16670.6522525	2.7330734686589354e-05	277.84420420833334
16673.1817522	2.7461948419137683e-05	277.88636253666664
16801.2243866	0.00018358321048093237	280.02040644333334
16801.7296219	2.740703837107181e-05	280.0288270316667
16814.8886991	2.8653222150341547e-05	280.248144985
16871.5709739999	0.00026115029382458877	281.192849566665
16947.4851957	0.0001832564495438788	282.458086595
16951.533968	0.00026809044318777897	282.5255661333333
17045.666704	0.00023407410333064796	284.09444506666665
17050.2217826	0.00017221159187704463	284.17036304333334
17126.6411343	0.0002856597592969267	285.444018905
17251.1401592	0.00022266847550440595	287.51900265333336
17270.8773561	0.00012146253910931086	287.847955935
17280.9997722	0.0003226187607732656	288.01666287
17285.0489285	0.0001710852235440741	288.08414880833334
17331.1036279	0.00019375689299007645	288.8517271316667
17404.9931269	0.00021331404232428835	290.0832187816667
17433.3332669	2.7086633889833244e-05	290.55555444833334
17469.7731045	0.00024842509803276125	291.162885075
17601.8632092	0.00018642459771048444	293.36438682
17627.6731153	0.00022605850773439474	293.79455192166665
17670.6915866	0.00014491593662989803	294.51152644333337
17685.8747345	0.0001580471124074167	294.76457890833336
17689.4167998	0.00023666824818498392	294.82361333
17711.6843599	0.0002526626642829965	295.19473933166665
17744.0746937	6.93016995447069e-05	295.73457822833336
17748.6301703	2.7653592662580082e-05	295.8105028383333
17764.8249484	0.0003022220829694266	296.0804158066667
17789.622902	0.0003328276366415	296.49371503333333
17901.9758814	0.00031398759043844694	298.36626469000004
17916.1457117	0.00023024837064035674	298.6024285283333
18012.3040661	0.0003070538856991911	300.2050677683334
18061.3946186	0.0003872425012194205	301.02324364333333
18091.2548152	0.0003667494819560083	301.5209135866667
18200.5706166	9.294913358664471e-05	303.34284361000005
18313.4291639	0.00034893338751798526	305.2238193983333
18336.2031675	0.0003141985319115157	305.603386125
18341.2641402	0.00010814536350965601	305.68773567
18370.616986	3.022724845387624e-05	306.17694976666667
18449.061301	4.050058725851525e-05	307.4843550166667
18520.4216208	0.00026325956367291537	308.67369368
18579.6342908	0.00035311000885793057	309.66057151333337
18624.676621	0.00025075604204650477	310.41127701666665
18670.7315454	0.0002671883954862552	311.17885909
18691.4816313	0.00031982053324335514	311.524693855
18737.5365327	0.0002637081550066076	312.292275545
19016.8995893	0.00028437920765154176	316.9483264883333
19296.7701686999	0.00013222073306952149	321.6128361449983
19339.2809017999	3.692844006883461e-05	322.32134836333165
19342.3181496999	3.226757130595466e-05	322.371969161665
19348.3905116999	0.00032197112715619003	322.47317519499836
19389.8902895999	3.6560427480767184e-05	323.16483815999834
19411.6527144999	0.00019891567463347439	323.52754524166505
19491.1092992999	0.0004553703814409631	324.85182165499833
19562.4676067999	3.19251051222767e-05	326.0411267799983
19698.1005114999	0.0002332164927154702	328.30167519166497
19755.2891923999	0.0001689278532346176	329.2548198733317
19796.7884565999	6.934161257275278e-05	329.946474276665
19838.7943073999	2.1603290613226205e-05	330.64657178999835
19848.4097973999	0.00026709228480645833	330.806829956665
19864.0994795999	0.00020146453058764372	331.0683246599983
20045.2802090999	0.00019689812230790635	334.0880034849983
20143.4620435999	0.0001484835334898336	335.72436739333165
20161.6818352999	0.00020839945684945435	336.02803058833166
20257.8390632999	0.00020617189097763062	337.63065105499834
20273.5282831999	0.0002640523519941041	337.8921380533317
20385.3744497999	0.00016098910083537144	339.7562408299983
20401.0637943999	0.0001703305107134415	340.017729906665
20465.8442782999	0.00017892115379965668	341.0974046383317
20592.3667558999	8.345762353126413e-05	343.2061125983317
20638.4207911998	0.0001146319495619422	343.97367985333
20691.0553015999	0.00026230897335151565	344.85092169333166
20692.5728084999	0.00017790130170046792	344.87621347499834
20742.1703561999	0.00012448338007943596	345.7028392699983
20756.8473090999	0.00020693468130479425	345.947455151665
20937.0164203999	0.00012115813903311379	348.9502736733317
20975.9848912999	0.00017845786907141005	349.59974818833166
21111.6183010999	0.00013551187633008123	351.8603050183317
21129.8373889999	8.533894517544631e-05	352.1639564833316
21288.2445119999	0.0001746117726176305	354.8040751999983
21317.5982022998	1.9052627166760023e-05	355.29330337166334
21326.2012302998	0.00012549968125933226	355.4366871716633
21353.5298380998	4.856118803078779e-05	355.89216396833
21401.6092997998	0.0001191494233955081	356.6934883299966
21508.3946812999	1.1835788689615121e-05	358.47324468833165
21544.8335100998	3.9941991937862554e-05	359.08055850166335
21624.7961606999	9.866242257466388e-06	360.41326934499835
21764.9835632999	0.00012408471112225757	362.7497260549983
21817.1117949998	8.796567762432181e-05	363.61852991666336
22045.3603522998	9.59531646206609e-06	367.42267253832995
22046.8784087998	1.0577584786217492e-05	367.4479734799967
22169.8584844998	9.445471085523912e-06	369.49764140833
22219.4562426998	9.565710371972213e-06	370.32427071166336
22250.3279386998	8.141598346986221e-05	370.83879897833
22426.9538188998	9.625763162589408e-06	373.78256364833004
22427.9666311998	8.062158627586737e-05	373.79944385333
22437.5815945998	6.371691688348993e-05	373.95969324333
22441.6306914998	4.615353550504949e-05	374.0271781916633
23019.0825263998	9.700116041344521e-05	383.6513754399967
23071.7163236998	6.346613391906137e-05	384.52860539499665
23118.7831770998	9.801216091331652e-06	385.3130529516633
23142.0634647997	9.718605341259108e-06	385.70105774666166
23179.0072820997	0.0001315949798952114	386.316788034995
23179.5131585997	1.3162105071037344e-05	386.325219309995
23216.9645921997	2.3992859724945857e-05	386.949409869995
23429.5235431997	0.00023152646223431305	390.4920590533283
23654.2295045998	0.0004192801541237121	394.23715840999665
23777.2090189998	0.00028464255275293516	396.28681698333
23796.4415183998	0.0005543831535232248	396.6073586399967
23811.6234646998	7.702617349375318e-05	396.86039107833
23873.3670735997	0.00043138193359866994	397.88945122666166
23888.5507214997	0.0004537762837391773	398.142512024995
23891.0799948998	0.00046059750969138256	398.1846665816633
24070.7435377997	0.0007258038532044749	401.1790589633283
24145.6457752997	0.00039651799028148186	402.4274295883284
24225.6081579997	0.0004708520532456509	403.76013596666166
24439.1790848997	0.0006242752391165982	407.319651414995
26099.6709439997	6.012535029551911e-05	434.99451573332834
26319.3155950996	8.93695869337692e-06	438.6552599183267
26374.9846334996	8.004819576729771e-05	439.58307722499336
26552.6243263996	9.00083707784824e-06	442.54373877332665
26787.4507361996	6.845826401019329e-05	446.45751226999334
26813.7682828996	7.527629686820733e-05	446.8961380483267
