retention_time	intensity	retention_time_min
7.5444667	0.000280307176858901	0.12574111166666666
34.8737844	0.0003948353860247075	0.5812297399999999
128.5002314	0.00038867588571987857	2.141670523333333
136.0922172	0.0002431850867742196	2.26820362
139.6346697	0.00025206444674773606	2.327244495
150.2626846	0.00045209943062812525	2.504378076666667
156.3351077	0.00021346507888420218	2.6055851283333333
245.4085912	0.00031529212780821416	4.090143186666666
271.2181229	0.0004340775362425347	4.520302048333334
292.9803845	0.0003809991049130617	4.883006408333333
301.0785178	0.00035748807707363056	5.017975296666666
330.9377997	0.00024937369639639357	5.515629995
351.1805667	0.00044934283610220053	5.853009445
379.5222443	0.00010733153134523827	6.3253707383333335
438.734431100001	0.00018065552146359648	7.3122405183333505
453.411343800001	0.00017801857585139318	7.556855730000017
483.2711652	0.00023615275550287055	8.05451942
497.442446600001	0.0004457546733679101	8.29070744333335
538.941571100001	0.00030754113719762424	8.98235951833335
548.557971500001	0.00011480136951280807	9.14263285833335
563.7400845	0.00044785272513063175	9.395668075
575.885700700001	0.00026396008242366445	9.598095011666684
624.470986	0.0002984037512648346	10.407849766666667
639.6536339	0.0003879692033402865	10.660893898333335
651.8000527	0.00032958648906791403	10.863334211666666
681.6597841	0.0003133825828075258	11.360996401666666
719.110902	0.0002488738219331827	11.9851817
724.6776642	4.225050606717267e-05	12.077961069999999
749.982172	0.0004186013687201336	12.499702866666667
788.9516084	0.00029530018399473	13.149193473333334
808.689246799999	0.00037091305623642367	13.478154113333316
858.792433499999	0.00018644289270131848	14.313207224999983
864.865745999999	0.0004736805074525403	14.414429099999984
897.761567799999	0.0003892779839844618	14.962692796666651
924.583818199999	0.00036046284153401395	15.409730303333316
930.150612799998	0.0004540585852000186	15.5025102133333
938.754597199998	0.0003059863569996042	15.6459099533333
991.894546399998	0.0002114294973610306	16.5315757733333
1015.1752762	0.00024043035139747777	16.919587936666666
1023.2730457	0.00033010994022287523	17.05455076166667
1063.2539914	0.0004391658890827214	17.720899856666666
1095.1377059	0.0003199445297409737	18.25229509833333
1132.0822028	0.0001677092286560384	18.868036713333332
1136.1315772	0.0003041215317131175	18.93552628666667
1150.8079983	0.0004969730713131852	19.180133305000002
1164.9777698	0.00024106955844751203	19.416296163333335
1201.9230651	0.00027268501781748696	20.032051085
1217.1057377	0.00038867744917330237	20.285095628333334
1275.8129647	0.00030724011814000827	21.263549411666666
1282.3918416	0.0003750001177764189	21.37319736
1287.9583524	4.159172454078115e-05	21.46597254
1319.3364124	0.00027366275833401574	21.988940206666665
1348.6897681	0.00022026635760757798	22.478162801666667
1349.196311	0.00019301096077588363	22.48660518333333
1386.1405654	0.0003779775098027878	23.102342756666665
1388.6715225	0.00034517768455194877	23.144525375
1428.1457104	0.0003916387928530605	23.80242850666667
1510.6392404	0.0004930589205410046	25.177320673333334
1570.8641462	0.00010489782044519038	26.181069103333336
1594.145063	0.00028997116774977526	26.569084383333333
1613.8828455	0.0004094792701119506	26.898047425
1660.4434541	0.000475375197000263	27.674057568333335
1744.4543549	0.0003062458239205829	29.074239248333335
1776.3384964	0.000470922416938948	29.605641606666666
1801.6422471	0.00025400876813657763	30.027370785000002
1849.7210836	0.00024780883628427834	30.828684726666665
1909.9461837	0.00032428110699133294	31.832436395
2007.1159925	0.0004691757313084427	33.45193320833333
2032.4207696	0.0002784312935760297	33.873679493333334
2049.1220047	4.1552858005573624e-05	34.15203341166667
2064.3056063	0.0002032703195342777	34.40509343833333
2066.8358476	0.0004079363172291624	34.44726412666667
2087.5849885	0.00022559145164748767	34.79308314166666
2163.4991248	0.00032412161257198985	36.05831874666667
2191.3343666	0.0003185039831302718	36.52223944333333
2195.889846	0.0003091129565164077	36.5981641
2221.1943277	0.00018622217896793609	37.01990546166667
2234.3525495	0.000351670530582913	37.23920915833333
2249.0293293	0.0004756910465641854	37.483822155
2249.5352827	0.0002888261457247058	37.49225471166667
2254.0897728	0.00020151549772220035	37.56816288
2261.1745174	0.000382262659471065	37.68624195666666
2283.9499586	0.0002482866753143417	38.06583264333334
2296.0952503	0.0002670274680931956	38.26825417166666
2303.6871235	0.00011548859986274304	38.394785391666666
2317.3520212	0.00038062762084696555	38.622533686666664
2317.8575551	0.00019306891042529962	38.63095925166667
2460.0694595	0.00043430974280322406	41.001157658333334
2476.264361	0.00011942828524097546	41.27107268333334
2528.8974556	0.00025347094544662653	42.14829092666666
2542.5622974	0.0002811027007258091	42.37603829
2560.782024	4.748247896526182e-05	42.6797004
2565.3367076	0.00034735934129801783	42.75561179333333
2665.5428269	0.00025029738302934177	44.425713781666666
2740.4442514	0.00024165827046888365	45.67407085666667
2748.0365804	0.000439371668759385	45.800609673333334
2791.0540969	0.00035720955176426084	46.51756828166666
2794.5972369	0.00024908708142070036	46.576620615
2805.7301865	0.0003311043303252613	46.762169775
2810.7916287	0.0002448351845402099	46.846527144999996
2812.8156004	0.00028401571329538054	46.88026000666667
2842.6754095	0.0003351992450167969	47.37792349166667
2921.1205637	8.777497197952817e-05	48.68534272833333
2937.3149334	0.00037751455043518513	48.95524889
2943.8938946	0.0003891923879684914	49.06489824333333
2952.4982096	0.0004093042005396097	49.20830349333333
2979.3211089	0.00030782302974181023	49.655351815
2982.8639325	0.00017891151571495216	49.714398875
2995.0095369	0.0002898053691207867	49.916825615
3046.6306004	0.0003965320998301678	50.77717667333333
3063.83790739999	4.3882146207509896e-05	51.06396512333317
3138.73973459999	0.00047703601621922455	52.31232890999983
3150.37966119999	0.0002579724731645112	52.5063276866665
3194.91588239999	0.0004199503909070928	53.248598039999834
3202.50709979999	0.00021723836411331298	53.375118329999836
3210.09958249999	0.0003418497326246734	53.501659708333165
3229.83609249999	0.00023380919253420418	53.8306015416665
3241.47643679999	0.0003928595103196297	54.024607279999834
3265.26333899999	0.00035428813523261376	54.421055649999836
3269.81794829999	0.00023767706464052538	54.49696580499983
3277.4087593	0.0004925199063624846	54.623479321666665
3288.54361909999	0.00031523707114431977	54.80906031833317
3342.18908229999	0.0002741971904750158	55.7031513716665
3374.07256369999	0.0003000662375316904	56.23454272833317
3394.31620559999	0.00045022473842840153	56.571936759999836
3424.17592379999	0.00022239339930234651	57.06959872999983
3452.01176559999	0.0002030597103736049	57.533529426666504
3455.55443579999	0.0002823614177464151	57.59257392999984
3498.06545649999	0.0002542364594639522	58.3010909416665
3527.41886289999	0.000204707219624686	58.7903143816665
3573.97938769999	0.0002151435129553811	59.56632312833317
3606.87511909999	0.00034242452615668596	60.11458531833317
3615.98577529999	0.00018538609264865812	60.26642958833317
3678.74078379999	0.0003146912006706083	61.3123463966665
3694.93690099999	0.00010704184474047381	61.582281683333164
3713.66169429999	0.00012850204752463395	61.8943615716665
3722.26472929999	0.00024052567434242343	62.037745488333165
3723.27690249999	0.00017678601656737528	62.054615041666494
3774.89936869999	0.000344222277078362	62.91498947833317
3801.21598809999	0.00019937909533216031	63.353599801666505
3811.33825189999	0.0001995661085208136	63.52230419833317
3848.28243439999	0.00023357350495990228	64.13804057333317
3868.01997869999	0.0002612607940253611	64.46699964499983
3871.05675179999	0.0002736142524896979	64.51761252999982
3873.08095109999	0.00017989650859345256	64.55134918499984
3936.34236929999	0.0001732705476949798	65.60570615499984
3980.37307789999	0.00031822901473441134	66.33955129833318
3981.89069979999	0.00030218775360910767	66.3648449966665
3989.98930269999	0.0001753252051102379	66.4998217116665
4003.14729019999	0.0002026913125031775	66.71912150333317
4013.26878609999	0.0002087077782124237	66.8878131016665
4028.95744379999	0.00020238031835739863	67.14929072999983
4030.47598119999	0.00023711760401781047	67.1745996866665
4069.44506069999	8.180498927942179e-05	67.82408434499983
4087.15865989999	5.60473712381705e-05	68.11931099833318
4111.95656379999	0.00015365229536173623	68.5326093966665
4170.66354899999	0.0002729920470727479	69.51105914999984
4213.17529459999	0.00011668760113763705	70.21958824333316
4238.48105079999	0.00023114767141951966	70.6413508466665
4264.79701099999	0.0003011546397037151	71.07995018333317
4267.83391279999	0.00021788650094087353	71.13056521333316
4311.86324119999	3.3495563512612756e-05	71.86438735333316
4361.46067019999	0.0002409587564616879	72.69101116999984
4384.2345104	0.00024626503605306745	73.07057517333332
4386.2588508	0.0002932044428795493	73.10431418
4410.5521054	2.700114484854158e-05	73.50920175666667
4421.6862167	0.00042371928801535194	73.69477027833334
4453.5695969	0.00030325301763237523	74.22615994833333
4460.14945519999	0.0005719757812481573	74.33582425333317
4482.9230806	0.00013368679577269507	74.71538467666666
4490.5144955	8.360244896848188e-05	74.84190825833333
4520.3737546	0.0001490110103152743	75.33956257666667
4562.3791159	0.00013929871050102376	76.03965193166667
4672.7085961	0.00013058621283883098	77.87847660166668
4673.2141185	0.0002829654782116582	77.886901975
4693.45813459999	0.00029041855010275813	78.22430224333317
4787.08562079999	0.0003452484913761409	79.78476034666649
4810.87217699999	0.0002171947826291135	80.18120294999984
4814.92040509999	0.00032516335666199036	80.24867341833315
4831.62134489999	0.00019337208804385064	80.52702241499983
4945.49185749999	4.393370201594861e-05	82.42486429166651
4976.86928309999	0.00012646647847904815	82.94782138499983
4977.37566369999	3.082172781126692e-05	82.9562610616665
4977.88282919999	2.523097556408051e-05	82.96471381999983
4993.57088219999	0.0001707550547304863	83.22618136999982
5006.22314779999	0.00022593865457175375	83.43705246333317
5198.03286359999	0.0002624102107329834	86.63388105999984
5201.57473539999	0.00012820301628035062	86.69291225666649
5205.11792549999	0.0002611056837185267	86.75196542499982
5207.64864429999	0.00021440423588194716	86.79414407166651
5218.78208079999	0.0003141188362568311	86.97970134666649
5235.98993939999	0.00022723699818496233	87.26649898999985
5283.05580249999	0.0002583026079121528	88.0509300416665
5285.58623069999	0.00038622556768434986	88.09310384499983
5305.82968399999	0.00025178765862453735	88.43049473333318
5308.36123379999	3.3493481796292647e-05	88.47268722999983
5329.1113642	0.0003565390814653123	88.81852273666667
5436.40383349999	0.0001886052714430828	90.60673055833315
5454.11614329999	0.00032232351010302504	90.90193572166649
5481.44493109999	0.0002755549533445727	91.35741551833317
5551.79263809999	0.00025324717514958565	92.5298773016665
5563.43295229999	0.00025496355858687405	92.72388253833316
5645.4204426	0.00012179381495360695	94.09034070999999
5656.04728	0.00034416608102718	94.26745466666667
5676.7974079	0.00023184488446278782	94.61329013166666
5677.3032354	0.0002635878322070579	94.62172059
5715.2607885	0.0002813275550444222	95.25434647499999
5731.4558663	0.00021964272356977228	95.52426443833333
5749.6751921	0.0002470923265849857	95.82791986833332
5763.3387529	0.00025336260498549695	96.05564588166666
5819.51596440001	0.0004054304172701606	96.99193274000017
5827.10655340001	0.00018639858531095996	97.11844255666684
5854.4361769	0.00018483777325776577	97.57393628166666
5857.4726624	0.00023443585595302294	97.62454437333334
5862.0272149	0.000318356448837799	97.70045358166666
5902.0081579	0.0003625403307156607	98.36680263166666
5914.1565641	0.00022703987834089538	98.56927606833332
5924.7836106	0.00023673029274443304	98.74639351
5966.7894975	0.00033427049802531403	99.446491625
5975.8989709	0.00015597492162073616	99.59831618166666
6020.435175	0.00035301539202811866	100.34058624999999
6065.4780749	0.00038819095283093276	101.09130124833334
6125.1962337	0.00020816246053892087	102.08660389500001
6208.1955225	0.00020911297872069326	103.469925375
6245.6466969	0.00020769099694893566	104.094111615
6280.0611631	0.00028631240170684367	104.66768605166666
6280.5668695	0.00023485260602516757	104.67611449166667
6314.9812709	0.0001584644586362784	105.24968784833332
6353.95061569999	0.00018747938856119735	105.89917692833316
6359.51708589999	0.00021361260203178143	105.9919514316665
6400.00518479999	8.419977619156264e-05	106.66675307999984
6402.53552469999	0.00031915129513654606	106.7089254116665
6407.08987119999	0.0001598430585102627	106.7848311866665
6442.5173062	0.00023346483597563798	107.37528843666668
6443.0229014	0.00024176307542037666	107.38371502333332
6450.1078435	0.00014556343446526233	107.50179739166667
6456.1813439	0.00016793641421248174	107.60302239833332
6495.6571442	7.457299129187994e-05	108.26095240333333
6497.6815867	0.0001107995338983366	108.29469311166666
6545.2540791	0.00021169458566519617	109.087567985
6609.0211644	0.00012271417617398982	110.15035274
6653.55701540001	0.0002999306543309845	110.89261692333349
6656.08827990001	0.00020948593525167502	110.93480466500017
6677.34406010001	0.0005914473318467364	111.2890676683335
6686.95974930001	0.00015769739278337307	111.44932915500017
6702.64863130001	0.0001640076439276902	111.71081052166683
6734.02622790001	3.45330366050188e-05	112.23377046500016
6739.59323000001	0.0002607906359227247	112.3265538333335
6752.7520351	0.00018012516960627697	112.54586725166668
6767.9340029	0.00017823560461858724	112.79890004833334
6778.5622972	0.0003859385937786376	112.97603828666666
6858.01911699999	0.00039950753931209895	114.3003186166665
6868.14098749999	0.00024621247991328657	114.46901645833317
6928.36588839999	0.0002766269199676637	115.47276480666649
6979.98778539999	3.4372818280839676e-05	116.3331297566665
6991.62779839999	0.00040819365108309336	116.52712997333316
7052.35812679999	0.00018702950390424089	117.53930211333316
7056.40798169999	0.0003444898510587997	117.60679969499984
7068.55363229999	0.00018490019426631765	117.80922720499983
7071.59070449999	0.0002610519643534794	117.85984507499984
7089.30324829999	0.0003168116996989048	118.15505413833316
7175.33905109998	0.0001531380090298619	119.58898418499966
7177.86957569999	0.00018187153307390078	119.63115959499983
7187.99084429999	0.00036759637917566513	119.79984740499984
7232.52771199999	0.00021273415130572773	120.54212853333317
7261.37440889999	0.0002441599350740905	121.02290681499984
7301.35667989999	0.0006022362818165515	121.68927799833317
7307.93577739999	0.00026453618386297503	121.79892962333317
7370.18541489999	0.0004583577052461616	122.8364235816665
7376.76357469999	9.981421136288338e-05	122.94605957833318
7456.72617769999	0.0002721161813519516	124.27876962833317
7496.20122799999	0.0003396421716972045	124.93668713333317
7511.89070729999	0.00030480462734301894	125.19817845499983
7526.56781589999	0.00028708458722647855	125.44279693166649
7596.40757549999	0.00039196481187952104	126.60679292499984
7649.54782679999	0.00020508338117119625	127.49246377999982
7655.11475439999	0.0002743386357980494	127.58524590666649
7758.35690719999	0.0002765546064222655	129.30594845333317
7772.52762459999	0.0001114270984050957	129.5421270766665
7778.09566119999	0.0003627951287599607	129.6349276866665
7786.69840239999	0.0005775798497962816	129.7783067066665
7811.49762649999	0.0003868630731773772	130.19162710833317
7813.01594899999	0.00018380656165345642	130.21693248333315
7821.11318389999	0.00019880394221558908	130.35188639833316
7919.80111759999	0.0002446980571520057	131.99668529333317
7933.46557769998	0.00037878050377807004	132.22442629499966
7961.30104319998	0.00022071324547283887	132.68835071999968
8091.87299689999	0.00028057211204301135	134.86454994833315
8098.45160549999	0.00018714575981178483	134.97419342499984
8110.09148879999	0.00011198619276117486	135.16819147999982
8211.81638749999	0.00027722540953951816	136.86360645833318
8232.06029789998	0.0003816855885266936	137.20100496499967
8249.77310999999	0.00022132242989328287	137.49621849999983
8254.83419109999	0.00020055401953168446	137.5805698516665
8309.99906679999	0.0002514326320725136	138.4999844466665
8330.74766559999	0.00010943090837833573	138.84579442666652
8371.23598359999	0.0001959440476850866	139.52059972666652
8392.49180489999	0.00010032268931075551	139.87486341499982
8424.37547329999	0.0001771899860257382	140.40625788833316
8505.85586549999	0.00040091778728756515	141.76426442499985
8567.59966409999	0.0003110902264419219	142.79332773499982
8578.7331296	0.000292530746102939	142.9788854933333
8628.8367745	0.00019175278214804702	143.81394624166666
8637.4403012	0.0003436063020557308	143.95733835333334
8660.7205592	0.0002537985951904785	144.34534265333332
8788.76264820002	0.0003438779773154214	146.47937747000032
8824.69469330001	0.0003091944006220624	147.0782448883335
8833.29834750001	0.00026335587118405366	147.22163912500017
8908.70587170002	0.0001824277187459607	148.47843119500033
8961.84564270002	0.00021276615090575643	149.36409404500034
8968.42502470002	0.000363484432890205	149.473750411667
8969.43722630002	0.0003171201735341636	149.49062043833368
9094.94790190002	0.0003399158580142423	151.582465031667
9146.06304390002	0.0004397647162749432	152.43438406500033
9194.14249720002	0.00038094359636581655	153.235708286667
9252.84946360001	0.0005049773237416564	154.21415772666685
9301.43340530001	0.00022024504227426603	155.0238900883335
9353.05582710001	0.0004248179005460559	155.88426378500017
9412.26752880002	0.0006264469303146918	156.87112548000033
9412.77475110002	0.0004031748573214336	156.87957918500032
9414.29304150002	0.00026003539227583317	156.9048840250003
9442.63356090002	0.0002754194920646463	157.37722601500033
9468.95033730002	0.00020578509833990623	157.81583895500034
9489.19457140002	7.018085606608229e-05	158.153242856667
9522.59616480003	0.00011509173882204944	158.70993608000052
9525.12715100003	0.0003596125024610353	158.75211918333383
9557.01135980003	0.00038072918314706864	159.28352266333383
9596.48607390002	0.00025342671063029675	159.94143456500032
9605.59550660002	0.00010196702095208064	160.09325844333367
9678.47219610001	0.000179895118681492	161.30786993500018
9777.6671829	0.0002664962566036205	162.96111971500002
9785.2578216	0.0005329721081366388	163.08763036
9807.0196113	0.000409406721495057	163.45032685500001
9886.4779686	0.0003723424422747693	164.77463281
9901.1539958	0.0003244951281211633	165.01923326333332
9940.1231117	0.00038164385159476994	165.66871852833336
9943.666458	0.00043355076116050674	165.7277743
9969.9826658	4.48654037886341e-05	166.16637776333334
9994.7814977	0.0003649430413619103	166.57969162833334
10031.2203792	0.00037222766994491393	167.18700632
10033.7507174	0.0003712626143732558	167.22917862333333
10056.5253686	0.00031225635657712044	167.60875614333332
10063.6101776	0.00028007662296909323	167.72683629333332
10071.7072835	0.00023214745519756864	167.86178805833333
10083.8546041	0.0005477294726395359	168.0642434016667
10086.8902886	0.00038382414761592404	168.11483814333332
10125.8604301	4.195326965137765e-05	168.76434050166665
10194.1823972	0.0003696072802018847	169.90303995333335
10212.9079563	0.0005379735094423626	170.21513260499998
10223.0290828	0.0003618015193723859	170.38381804666668
10249.346059	0.00027078256160303275	170.82243431666666
10249.853089	0.0005793055387808718	170.83088481666667
10326.7777139	0.0003683291213733146	172.11296189833334
10378.3996471	6.227865129352759e-05	172.97332745166665
10434.5757221	0.00023582997349626324	173.90959536833333
10446.7225033	0.0003714045127183025	174.11204172166666
10455.3253017	0.0004107290208331402	174.25542169500002
10466.4595221	0.0003451193781009177	174.440992035
10486.1974294	0.0003119585126065215	174.76995715666666
10493.2830865	0.00048706824041218886	174.88805144166665
10496.3194456	0.0004062604446390909	174.93865742666668
10559.5812894	0.0003975723136629302	175.99302149
10611.2019636	0.0002888890534980362	176.85336606
10631.4459574	9.16766807501395e-05	177.19076595666667
10709.3845752	0.0002363301139788075	178.48974292
10917.8952529	0.00017673316540794823	181.96492088166667
10930.546907	0.00011794933010464806	182.17578178333332
10970.0222728	0.00020254468911544952	182.83370454666667
10982.1689091	0.00019526465814027555	183.036148485
11020.6318984	8.46270766820876e-05	183.67719830666667
11039.8623322	0.000273342438204734	183.99770553666667
11046.4428021	5.8730196319890115e-05	184.107380035
11050.9976777	7.961076337520833e-05	184.18329462833333
11110.2098991	0.00014496657396141974	185.170164985
11146.1419583	0.00013787717458470792	185.76903263833336
11186.6291537	0.00010279781383315915	186.44381922833333
11224.5863944	0.00020009226476653123	187.07643990666665
11254.9526243	0.0001868819247198174	187.58254373833333
11259.0014797	0.0001426779980820971	187.65002466166666
11345.5430326	0.00017320768221400454	189.09238387666667
11354.6518291	0.00011786454562010035	189.24419715166667
11419.4328251	0.00011520898211118715	190.32388041833335
11457.3890986	0.00015765767806483354	190.95648497666667
11498.8886935	8.845841155139183e-05	191.64814489166665
11509.5176803	0.00014485154567706065	191.82529467166665
11562.1506706	0.00016336323331604647	192.70251117666666
11576.321594	0.00014389807435497316	192.9386932333333
11665.8999763	0.00013733809311997932	194.43166627166664
11679.5645937	0.0001788388363241755	194.659409895
11713.9780912	0.00011865831890507718	195.23296818666668
11741.8128858001	0.0001489555674011488	195.69688143000167
11894.1471085	0.0002140781297196163	198.23578514166667
11952.8538759	2.060248063023446e-05	199.214231265
11977.1463207	0.0002011235664659347	199.619105345
11980.688451	9.411782074799677e-05	199.67814085
11985.2433382	0.00016401141485630614	199.75405563666666
11991.3169398	0.00015993852392130091	199.85528233
12016.6215159001	0.00018711158675732833	200.27702526500167
12017.1276211001	0.00014091568559132818	200.28546035166835
12071.2788805001	0.00041494455839489227	201.18798134166835
12104.6814090001	0.00026266485612072115	201.74469015000167
12143.6502732001	0.0001803589556252719	202.39417122000168
12210.4543326001	0.00014707856096277713	203.50757221000168
12243.3512549001	0.00019085215236878416	204.055854248335
12244.8685882001	2.0345815566538277e-05	204.08114313666832
12277.258599	0.00019917357262116235	204.62097665000002
12280.2950326	0.000150681540435	204.67158387666666
12299.5265732	0.00016038207405350027	204.99210955333334
12315.2164163001	0.0001352005994550194	205.253606938335
12321.2892010001	0.00014601955247280828	205.35482001666833
12365.3194779	0.00020410691958502766	206.088657965
12466.031508	1.7438872875267107e-05	207.7671918
12552.0675029	4.4328809332069834e-05	209.20112504833332
12616.3411201	6.507849878709518e-05	210.27235200166666
12692.255298	0.00022963003188444025	211.5375883
12716.5480527	0.00011826721041591219	211.942467545
12898.7415083	1.5428860609501708e-05	214.97902513833333
12921.0085132	0.000125133043753416	215.35014188666668
12922.0207153	0.00011781974381683444	215.36701192166666
12932.6485979	0.0001269663609097507	215.54414329833335
12941.2520636	0.00012867703186641516	215.68753439333335
12988.3195999	8.140823299513152e-05	216.47199333166665
13021.721353	9.750296285411771e-05	217.0286892166667
13050.5689258	0.00016938839802871594	217.50948209666666
13163.4267282	0.00013263343512285734	219.39044547
13262.6220744	0.00016257690018792086	221.04370124
13277.8048067	1.721327418852322e-05	221.29674677833333
13316.2678094	0.00014576858451201643	221.93779682333334
13503.016018	0.00010259856263675028	225.05026696666667
13524.2709498	6.313169165071034e-05	225.40451583
13731.2637001	0.00015192465379248494	228.85439500166666
13731.7690793	0.00012150231159844776	228.86281798833335
13782.3782367	8.978034892326888e-05	229.706303945
13804.6460474	0.00013095861707700367	230.07743412333332
13895.2373462	6.335755181194433e-05	231.58728910333332
13938.2554417	0.0001328466361933789	232.30425736166666
14018.2181076	0.00017740420937367138	233.63696846
14066.8027204	0.00021494804222443455	234.44671200666667
14070.8509722	1.5128659160386311e-05	234.51418286999998
14389.1840487	9.594819869317481e-05	239.819734145
14415.500823	9.116074363740025e-05	240.25834705
14462.0618583	7.92799322928786e-05	241.034364305
14490.4036671	8.614401519121704e-05	241.50672778499998
14497.4889095	1.2788234006267258e-05	241.62481515833332
14507.6103072	7.379423786025275e-05	241.79350512000002
14521.2746949	0.0001067613502711183	242.02124491499998
14567.8357517	0.00013815009748411014	242.79726252833333
14771.2856246	9.46587026458908e-05	246.18809374333333
14884.1448596	6.802861273520458e-05	248.06908099333333
14922.6074059	0.0001277569483274801	248.71012343166666
14940.8258679	0.00012595573430257303	249.01376446499998
14941.8381086	0.00010542696153247327	249.03063514333334
15018.2587876	2.9534501509734225e-05	250.30431312666667
15067.8555445	0.0001251857905918774	251.13092574166666
15137.6967348	8.441263634351837e-05	252.29494558
15161.4823569	8.428753744214407e-05	252.691372615
15162.49561	1.1211664516103314e-05	252.70826016666666
15215.6343749	0.0001318165833044326	253.59390624833335
15324.4442766	5.362982053111154e-05	255.40740461
15710.5932462	8.752045157659776e-05	261.84322077
16016.7797801	0.00015483910642827544	266.9463296683333
16058.7862838	0.00017458531655177104	267.64643806333333
16059.2924514	0.00012904859531821436	267.65487419
16068.9072379	8.519037817459712e-05	267.8151206316667
16152.9188445	0.0001393283863281224	269.215314075
16204.0344344	0.00017245354990502842	270.0672405733333
16370.0330708	0.00016386539074847719	272.8338845133333
16433.29402	0.00010489785059029947	273.8882336666667
16476.3129454	0.00017809998742823619	274.60521575666667
16491.4945943	0.0002444495741368799	274.85824323833333
16500.0985194	0.00019402789424075273	275.00164199
16547.164628	2.6211510581004343e-05	275.7860771333333
16562.348462	0.00023084980676809153	276.03914103333335
16653.4448056	0.00019949842083424573	277.55741342666664
16654.9635908	0.00012074460834868055	277.5827265133333
16675.2061754	7.157097127579874e-05	277.92010292333333
16743.0234399	0.00027021706841323526	279.050390665
16766.3027249	0.00028036790926833576	279.4383787483333
16779.9678168	0.0001514085882858594	279.66613028
16829.0590568	0.00011103773873113827	280.48431761333336
16976.8379965	0.0001871645872053661	282.94729994166664
17013.78282	0.00029992898233291887	283.563047
17027.9538819	2.7518105384559406e-05	283.799231365
17033.0144849	0.0002547816643292291	283.88357474833333
17089.1905395	0.0002278675093565949	284.81984232499997
17293.1462327	2.649853639750631e-05	288.2191038783333
17318.9573187	0.0002940718842383694	288.64928864499996
17354.3831194	0.0001559702890091677	289.2397186566667
17357.419138	0.0002972024388685328	289.2903189666667
17377.6641584	0.00013802180840089557	289.6277359733333
17427.2606372	0.00020922386954040824	290.45434395333336
17492.5461212	0.00018765681224692225	291.54243535333336
17607.4302739	0.0002987208987060226	293.4571712316667
17618.056935	0.0001704781882629128	293.63428225
17655.0017416	0.00022621277401405348	294.2500290266667
17677.7760401	2.8707474660869032e-05	294.62960066833335
17711.6843599	0.00018994498165955767	295.19473933166665
17777.477441	3.141056469913216e-05	296.29129068333333
17785.574525	8.17386668423438e-05	296.4262420833333
17800.2507241	0.0001699269662256226	296.67084540166667
17824.5431169	6.652125354050619e-05	297.075718615
17876.1640701	0.00018562244540763493	297.936067835
17877.1775249	0.00023886620211133303	297.9529587483333
17905.5184987	0.00011477963107913577	298.42530831166664
17932.8478459	0.00022978059256964443	298.8807974316667
17959.6697835	0.0002020482544278992	299.327829725
18014.8337417	0.0004225070417840297	300.2472290283333
18023.4375255	0.0002533350384211319	300.390625425
18104.9185504	0.00026558800254592813	301.74864250666667
18186.3996776	0.00020097679377608236	303.10666129333333
18244.599877	0.00032142377523231675	304.0766646166667
18277.4966548	3.787005353984014e-05	304.6249442466667
18279.0151128	0.0003417560565371735	304.65025188
18298.7524569	0.0002962879467969904	304.979207615
18338.7337584	0.0003171170319421547	305.64556264000004
18466.7750227	0.00027794192766498734	307.77958371166665
18471.8354967	0.0002732802070236997	307.863924945
18524.4714155	0.00035094936841707563	308.74119025833335
18541.6773613	3.849865511364803e-05	309.0279560216667
18665.6703206	0.00014132183581245839	311.0945053433333
18673.7675577	0.000203563103200366	311.229459295
18703.1209635	0.00016624879091788424	311.718682725
18720.8343783	0.00017473367403678062	312.013906305
18958.6983194	0.0002752607066923155	315.9783053233333
19027.5265836	0.0003603606568436849	317.12544306
19095.850409	0.00021378496190862912	318.2641734833333
19162.1486386	0.0003455375870432608	319.36914397666663
19163.6665992	0.0002871912693854107	319.39444332000005
19173.7889671	3.772210604575623e-05	319.5631494516667
19174.8017749	0.00034718515224447215	319.5800295816667
19221.8678386	0.0003546680774244865	320.3644639766666
19233.5084890999	0.00034081447231934563	320.55847481833166
19258.8128169999	0.0002713117854902737	320.980213616665
19313.9767168999	0.00034304372085333846	321.89961194833165
19320.0497959999	0.0002840899814198621	322.00082993333166
19433.9201244999	0.0003192258377699569	323.89866874166495
19484.5294702999	0.00026292795934235944	324.7421578383317
19492.6272852999	0.00020587781151886356	324.877121421665
19544.2481372999	0.00031470359188811485	325.7374689549983
19594.8572867999	0.0003109003822798869	326.5809547799983
19654.0701897999	2.6643125984685533e-05	327.567836496665
19663.6860120999	0.0001608735698570401	327.72810020166503
19691.0148425999	2.9178243404906484e-05	328.18358070999835
19724.9242391999	0.0001869350887314573	328.7487373199983
19751.7471281999	0.00013845055669607038	329.1957854699983
19778.5700321999	0.00010213884859836255	329.6428338699983
19843.3498590999	0.00016990056249874402	330.72249765166504
19922.8065579999	0.00016474154673501066	332.046775966665
19990.6220280999	0.00012489337705146917	333.177033801665
20022.0004917999	0.0001508344815778102	333.700008196665
20140.4259194999	0.00015378893181549062	335.6737653249983
20284.6624960999	0.0002599373539625974	338.07770826833166
20358.0453680999	0.00026329729224441466	339.3007561349984
20376.2655486999	0.0001634322364107092	339.604425811665
20420.8017608999	0.00015388352612520252	340.3466960149983
20433.4541008999	0.00024600068413734277	340.5575683483317
20483.0507205999	0.00015564893273609448	341.384178676665
20484.5691255999	0.00010276430825161248	341.409485426665
20765.4508571999	0.00016941483702086075	346.0908476199983
20889.9489099998	0.00022119221103834014	348.1658151666633
20923.3515120999	0.00019682318135123483	348.722525201665
20966.8751839999	2.3540501956738834e-05	349.4479197333316
21076.6971061999	2.2723657599927283e-05	351.27828510333165
21258.3852333999	8.849251274242746e-05	354.306420556665
21752.8370367999	5.945522522463876e-05	362.547283946665
21951.7335756998	9.900619778798153e-06	365.86222626166335
22049.9146147998	9.348229009174975e-06	367.49857691333
22053.4578420998	6.864759294327482e-05	367.55763070166336
22171.3770630998	8.738460998137119e-05	369.52295105166337
22223.5044486998	2.7065893491303035e-05	370.39174081166334
22242.2309620998	9.723855469798353e-06	370.70384936833
22246.7850141998	8.356382503352403e-05	370.7797502366633
22254.3770938998	0.0001026336910071425	370.90628489833
22311.5645728998	9.778087556506064e-05	371.85940954833
22319.1561153998	1.0351373223523206e-05	371.98593525666337
22386.4663804998	8.987514860845679e-05	373.10777300833
22494.7708787998	5.3134084699496416e-05	374.9128479799967
22554.9950924998	7.976663988340324e-05	375.91658487499666
22611.6778526998	4.2777263700135066e-05	376.86129754499666
22783.2432955998	9.409584142383318e-06	379.72072159333004
22866.2418878998	9.730445048933328e-06	381.10403146499664
22909.7657806998	9.322419611221956e-06	381.82942967833
22948.2291596998	9.836747158218394e-06	382.4704859949967
23131.9408926997	4.983822165037639e-05	385.53234821166166
23149.1477978997	4.740804640039302e-05	385.819129964995
23151.6789615997	1.0654740933525781e-05	385.86131602666165
23272.1280632997	0.0002345213944657595	387.868801054995
23273.1407366997	0.00022214454682910556	387.885678944995
23396.6269788997	0.0003850004797130578	389.9437829816617
23477.0969609997	0.00046570329464413655	391.28494934999503
23511.5110773998	6.574103292310929e-05	391.8585179566633
23522.1390178998	7.071057845967219e-05	392.03565029833004
23614.2479641998	6.878788110396906e-05	393.57079940333
23642.0824721998	6.483365125834914e-05	394.0347078699967
23866.7874235998	7.123600806075007e-05	397.77979039332996
23876.4033317997	0.0002121355298084857	397.940055529995
23993.3107704998	0.0004902582705630452	399.8885128416633
24056.5732625998	0.0005963941626399918	400.9428877099966
24095.0364120997	0.0006166209507021603	401.5839402016617
24286.3392501997	0.00021614611477358694	404.77232083666166
24430.0692647997	9.264011353972315e-05	407.16782107999495
24520.6597387997	0.0007971062197415454	408.6776623133283
24585.9462263997	0.0008011530543249954	409.76577043999504
24632.0007821997	0.0005901741570531379	410.533346369995
24710.9505687997	0.00043010914254267756	411.8491761466617
24773.7061450997	0.0007111803129521867	412.8951024183283
24882.0101665997	0.00038002748146328836	414.7001694433283
25421.5053286997	0.00013536196376695372	423.69175547832833
25657.3443483997	2.428709716328746e-05	427.6224058066617
26335.0042616996	9.138943006098924e-06	438.91673769499334
26785.4263083996	9.113610265570603e-06	446.42377180666
26988.8766458996	3.9226570304658384e-05	449.81461076499335
