retention_time	intensity	retention_time_min
19.1805681	4.661399152820585e-05	0.319676135
83.4536516	0.0001016664137990538	1.3908941933333334
162.4043212	7.856334807080643e-05	2.7067386866666667
196.3125777	5.82639875626902e-05	3.2718762949999998
207.9522471	5.188246538122071e-05	3.465870785
209.4707687	5.962523842617289e-05	3.4911794783333336
278.300328	9.314434828037938e-06	4.6383388
367.371814	5.01100264207168e-05	6.122863566666666
392.675985	7.294826434610862e-05	6.544599750000001
410.8954702	8.052348936337171e-05	6.848257836666666
434.6825454	7.337400805519001e-05	7.24470909
444.2976462	1.0008558429519287e-05	7.40496077
477.193574999999	7.085439562204138e-05	7.953226249999983
498.449182299999	6.096777003123043e-05	8.30748637166665
508.571967999999	9.109681240272929e-05	8.47619946666665
567.784327599999	7.83890321086361e-05	9.463072126666649
635.094858899999	5.581611143468778e-05	10.584914314999985
681.149330499999	6.192102310696397e-05	11.35248884166665
716.069823599999	6.799144626674659e-05	11.934497059999984
768.703525699999	9.853219638514954e-05	12.811725428333316
785.910154299998	9.681518905532256e-06	13.098502571666634
794.514431799998	6.841028668840593e-05	13.241907196666633
832.977282099998	6.103975202712125e-05	13.882954701666632
859.800882999998	5.693628642872277e-05	14.330014716666632
938.244290999998	5.470134358559985e-05	15.637404849999967
940.269143699998	6.435196585405893e-05	15.671152394999968
964.561986199999	7.517885663698891e-05	16.076033103333316
996.445919099999	4.728991455459123e-05	16.607431984999984
1104.2432776	3.809121336326009e-05	18.404054626666667
1132.5856876	0.00010783104068637987	18.876428126666667
1207.486154	6.526389255165837e-05	20.124769233333332
1304.149726	5.566026071813598e-05	21.735828766666668
1324.8999873	6.429304589210449e-05	22.081666455
1332.4913876	1.0711758249422576e-05	22.208189793333336
1345.143977	3.2683875458824295e-05	22.419066283333333
1356.2775276	3.0339166981567596e-05	22.60462546
1389.6794035	8.16984901737915e-05	23.161323391666667
1411.9479519	0.00011972418455789743	23.532465865
1429.15539329999	8.86322829124876e-05	23.819256554999832
1503.0444269	6.529778481360758e-05	25.050740448333332
1556.6900377	8.958471671055862e-05	25.944833961666667
1583.0079446	1.0971959572473938e-05	26.383465743333332
1607.2992956	7.661121671035577e-05	26.788321593333333
1624.0008295	6.325464292419977e-05	27.066680491666666
1642.2205961	4.808640265621729e-05	27.370343268333333
1651.8355854	7.209585055409397e-05	27.53059309
1661.4516765	8.187186083134123e-05	27.690861275
1748.49999259999	5.568990236381278e-05	29.141666543333166
1788.4808852	5.294653733814827e-05	29.808014753333335
1823.40113649999	5.7614704129218e-05	30.390018941666497
1868.94962749999	7.13809841058342e-05	31.149160458333164
1954.98534329999	9.086591583150794e-06	32.58308905499983
1961.0580446	6.199620654521484e-05	32.68430074333333
1962.070144	6.421750022253589e-05	32.701169066666665
2046.58848259999	8.733008018815445e-05	34.10980804333317
2060.75806949999	7.02485628314854e-05	34.34596782499984
2067.84361919999	3.5602647445602125e-05	34.46406031999983
2096.18512099999	5.7964353147413354e-05	34.936418683333166
2103.27037899999	5.6661824474835665e-05	35.0545063166665
2118.45354629999	9.666383047827759e-06	35.30755910499984
2165.01402279999	4.889257339482147e-05	36.0835670466665
2167.54457849999	2.3531752797698346e-05	36.12574297499984
2178.67754979999	7.198188042320381e-05	36.3112924966665
2218.65886709999	0.00011192321944378457	36.97764778499983
2329.49415559999	7.029220125171551e-05	38.824902593333164
2331.51806949999	2.1097739742339797e-05	38.8586344916665
2418.05954329999	6.66279301687374e-05	40.300992388333164
2501.56573879999	7.403916092535715e-05	41.69276231333317
2593.16779489999	2.8228860217636087e-05	43.21946324833316
2636.18592579999	6.371673360716358e-05	43.9364320966665
2655.41801739999	6.238189466776577e-05	44.256966956666496
2690.33825529999	5.655209707146823e-05	44.8389709216665
2753.09364659999	5.442676147368703e-05	45.88489410999983
2756.63536999999	5.5970751401209375e-05	45.94392283333317
2901.37824219999	5.027504893740958e-05	48.3563040366665
2932.75595929999	4.84882303763263e-05	48.87926598833317
2954.01252029999	5.271070391583545e-05	49.233542004999826
2997.03013999999	9.285689081701064e-06	49.95050233333316
3051.18210069999	0.00010073588804774881	50.8530350116665
3063.32711239999	5.778993569287813e-05	51.05545187333316
3072.94366299999	4.473723366117337e-05	51.2157277166665
3092.68050779999	4.312650204289649e-05	51.54467512999984
3123.55252909999	6.688992757587748e-05	52.05920881833317
3150.37598879999	8.912588094140808e-05	52.50626647999983
3206.55181879998	9.32685786863473e-06	53.442530313333
3247.03992229998	6.600074331324939e-05	54.117332038333
3329.53217859999	9.112750236121485e-06	55.4922029766665
3346.23406049999	6.034868214545051e-05	55.77056767499983
3435.30518949999	8.88830662761105e-05	57.255086491666496
3466.17777859999	7.918151612925141e-05	57.76962964333316
3475.79247579999	8.809427697714725e-05	57.9298745966665
3575.49364089999	7.814299762627959e-05	59.5915606816665
3588.14546289999	9.592288583023216e-05	59.8024243816665
3634.70568929999	1.1624945169008619e-05	60.578428154999834
3657.98597109999	8.309619367805141e-05	60.9664328516665
3708.59594269999	7.53490158311253e-05	61.809932378333166
3711.63174169999	9.45663158332408e-05	61.86052902833317
3718.21185549999	0.00010043383274142948	61.970197591666505
3738.96131479999	1.224674080208532e-05	62.31602191333317
3753.63786359999	0.00013112606203621012	62.560631059999835
3863.96550359999	6.15269857597098e-05	64.39942505999983
3872.06382999999	7.397316497500556e-05	64.5343971666665
3901.92254349999	0.00012588294993743496	65.0320423916665
3906.98337709999	2.5974927905904046e-05	65.11638961833316
4038.06106299999	7.243285417384342e-05	67.30101771666651
4083.10388559999	0.0001500836994293402	68.0517314266665
4197.98716459999	0.00013535010170704481	69.96645274333316
4221.77361069999	5.169286126915034e-05	70.3628935116665
4238.47464879999	4.844982222433946e-05	70.6412441466665
4304.2659051	0.00012819760262176556	71.737765085
4345.76650629999	1.2982876451485588e-05	72.4294417716665
4358.9245024	5.953396598803261e-05	72.64874170666667
4434.3323307	9.199126372275337e-05	73.905538845
4451.5392598	7.980544843197223e-05	74.19232099666667
4499.6183603	8.960783830966981e-05	74.99363933833334
4603.36694610001	0.00013856095044503236	76.72278243500017
4610.45258290001	0.00011675898456897444	76.84087638166685
4616.0187296	6.64637512089859e-05	76.93364549333334
4658.5305389	5.1969729161285e-05	77.64217564833332
4681.3049377	0.00010254042617656122	78.02174896166666
4693.9577447	5.846902061071275e-05	78.23262907833333
4736.46892880001	0.00014082602417788388	78.9411488133335
4772.90728510001	9.894820652769684e-05	79.54845475166684
4774.42637580001	7.272359920350923e-05	79.57377293000016
4821.4932686	8.281847445955513e-05	80.35822114333334
4842.748184	0.000129768156963049	80.71246973333334
4878.6813708	0.00013424848985104867	81.31135618
4900.4439332	9.84149285693809e-05	81.67406555333334
4924.7355665	2.8851985276254873e-05	82.07892610833332
4929.7964059	6.0931398960973304e-05	82.16327343166667
4939.9178126	7.719518803294129e-05	82.33196354333333
4950.0404557	1.4102065106414183e-05	82.50067426166667
4953.5828121	8.448370463770117e-05	82.559713535
5040.63042910001	0.00011264932931550725	84.01050715166683
5076.56344610001	9.613285895067287e-05	84.6093907683335
5115.02768340001	8.886973924848116e-05	85.25046139000015
5116.54524450001	9.764685118367345e-05	85.27575407500017
5143.36888650001	8.235859323679076e-05	85.72281477500017
5144.38033450001	9.573981875222133e-05	85.73967224166682
5169.17917480001	7.33678747910049e-05	86.15298624666683
5202.07478160001	9.996741586853031e-05	86.70124636000017
5262.80586030002	9.217233923127768e-05	87.71343100500033
5316.45158160002	6.124753280074461e-05	88.60752636000034
5332.64754830002	0.00011762219482478455	88.87745913833368
5341.25068950002	4.030065914568012e-05	89.02084482500032
5369.08632700003	7.559350543797566e-05	89.48477211666717
5393.88422270003	1.1541767218970151e-05	89.89807037833383
5460.68899680003	8.121264107361926e-05	91.01148328000049
5463.72552680003	9.215678582924181e-05	91.06209211333383
5507.75466690002	8.009361091101071e-05	91.79591111500034
5530.02237300002	7.008663486810085e-05	92.16703955000033
5547.73601550002	0.00010971837653116144	92.46226692500032
5548.74877720002	7.443436961944463e-05	92.479146286667
5550.26704700002	2.9079832932978426e-05	92.50445078333367
5595.30934180003	0.00010293800659340777	93.25515569666716
5602.90007820003	5.5431318151311196e-05	93.3816679700005
5640.35133960003	2.7279072671699863e-05	94.00585566000049
5660.08823590003	7.722874133180236e-05	94.33480393166717
5676.28446760003	0.00011905737089779942	94.60474112666718
5771.93493780003	0.00011381305286616306	96.1989156300005
5805.33794210003	7.263041420828772e-05	96.75563236833383
5888.84305250003	9.062172979620899e-05	98.14738420833383
5892.89187990002	0.00010257134783837242	98.21486466500033
5966.27414930003	3.034100091235922e-05	99.43790248833383
6058.88905400003	7.975645995474012e-05	100.98148423333383
6178.32733760003	1.295279741565786e-05	102.97212229333383
6268.41266950003	0.00011950887662919276	104.47354449166716
6319.52771230003	0.00014395359059189003	105.32546187166716
6470.34288800004	7.447717827876554e-05	107.839048133334
6471.86177130004	6.674282193785216e-05	107.86436285500068
6487.55030710004	0.00012943893591020443	108.12583845166733
6502.22683530004	6.413780902383208e-05	108.37044725500067
6582.69628740004	0.0001035281089080512	109.71160479000066
6603.44579090003	9.90691920870511e-05	110.05742984833384
6650.00569280003	6.105646769254252e-05	110.83342821333385
6679.86505890003	4.191158180297093e-05	111.3310843150005
6735.02943260004	2.96162333911348e-05	112.25049054333401
6759.32187070003	9.97569068159935e-05	112.65536451166716
6776.52846920003	9.447946427348507e-05	112.94214115333382
6795.25426780003	7.626493324452459e-05	113.25423779666717
6798.79667350003	7.334091189422907e-05	113.31327789166717
6905.07670380004	0.00011869743815682056	115.08461173000067
6918.23501130004	1.2865108196989392e-05	115.30391685500067
6947.08234150004	6.858924052428624e-05	115.78470569166733
6955.17968640004	6.775538322189605e-05	115.91966144000067
7030.08142690004	9.801722630676389e-05	117.16802378166734
7168.24425860004	0.00016632561010271107	119.47073764333399
7173.81162650004	0.00013588017000986283	119.563527108334
7209.74397020004	0.00011638166862217387	120.162399503334
7277.05394740004	0.00016995878650636104	121.28423245666733
7278.06630370004	9.9597647314553e-05	121.30110506166734
7302.86524010004	0.00010401001516898539	121.714420668334
7391.43237080004	0.00016336463980005388	123.190539513334
7420.78513030004	9.689252669123246e-05	123.67975217166733
7434.45028190004	0.00011084409664700378	123.907504698334
7454.69438420004	3.604807662306465e-05	124.244906403334
7482.02339470004	3.9346780489033265e-05	124.70038991166733
7499.73613420004	0.00010105149907457112	124.99560223666734
7507.83310840004	7.08285604649767e-05	125.13055180666734
7532.63153260004	8.158512359163271e-05	125.54385887666734
7557.93651470004	0.00017562332711996352	125.965608578334
7591.33924680004	9.487103468722206e-05	126.52232078000067
7606.52174670004	1.6355315968349194e-05	126.77536244500067
7623.22291760004	0.00015873532715757942	127.05371529333401
7646.50255130004	0.0001435146198874815	127.441709188334
7651.05746510004	0.0001367987570855785	127.517624418334
7657.63730710004	4.8972466810292906e-05	127.62728845166733
7664.21660440004	0.00010385875826623053	127.73694340666732
7681.42328170004	0.00012446973807160046	128.02372136166733
7701.66691730004	0.0001274986439913771	128.361115288334
7756.32477190004	0.000109930268556675	129.27207953166734
7773.53251580004	9.93150337440507e-05	129.558875263334
7805.92185970004	1.4730770615713476e-05	130.09869766166733
7858.55611760005	0.00012815575496619651	130.97593529333417
7869.68945240005	0.00013840139257483662	131.16149087333417
7903.09172430005	3.3089543340016006e-05	131.71819540500084
7936.49327520005	0.00013439678543066783	132.27488792000085
7973.94416240005	4.667441649931226e-05	132.89906937333416
8013.92637070005	0.00010188907752948319	133.5654395116675
8056.94413100005	0.00012045372417915332	134.28240218333417
8062.00443330005	0.0001010427688873914	134.36674055500083
8080.73015230005	0.00013375091726597132	134.6788358716675
8201.17981330005	8.160487881514857e-05	136.6863302216675
8213.83206570005	0.0001137174075192275	136.89720109500084
8253.81372770005	9.650413761490024e-05	137.56356212833415
8277.60018780005	0.0001033567225768498	137.96000313000084
8294.80682840005	1.624626742006024e-05	138.24678047333416
8304.92858560005	0.00014366056359618208	138.41547642666748
8315.55710430005	1.7801125822313117e-05	138.59261840500082
8348.45357630005	8.9290805091082e-05	139.14089293833416
8433.47632610004	7.586849978795728e-05	140.55793876833403
8448.65946360004	5.9375584042552764e-05	140.81099106000067
8483.57977660003	0.00011708002419653834	141.39299627666716
8500.78633230003	0.00010129084059045148	141.6797722050005
8555.44432070003	9.257432299113718e-05	142.59073867833382
8596.43819630002	0.00011889561802904591	143.27396993833366
8620.72999680002	9.488388943439138e-05	143.67883328000033
8632.37013090001	0.00019954105557218397	143.87283551500016
8637.43132830001	0.00012134458045197247	143.95718880500016
8656.15650950001	1.6888531936213893e-05	144.2692751583335
8664.76022570001	0.00011200916537281224	144.4126704283335
8672.85757730001	0.00013748234143289497	144.5476262883335
8674.88194980001	0.00011331801863779672	144.58136583000018
8689.05366390001	0.00019488040168942584	144.81756106500015
8705.75347160001	9.117844635044631e-05	145.0958911933335
8725.9972891	1.5697709829717522e-05	145.43328815166666
8738.6496918	0.0001767529130239704	145.64416153
8772.0523417	9.910578605173857e-05	146.20087236166668
8776.6064668	9.290807769895222e-05	146.27677444666668
8778.6319899	1.8185168661377612e-05	146.31053316499998
8807.98510890001	9.130889049219982e-05	146.79975181500015
8918.31265340002	0.0001529892102346466	148.63854422333367
8921.34924020002	0.00014748300910302902	148.68915400333364
8932.99006460001	0.0001724726533050739	148.8831677433335
8934.50869960002	0.00019441599963780033	148.908478326667
9009.41007360002	0.00018033454022115214	150.15683456000033
9022.06262750003	5.0541083436276506e-05	150.36771045833385
9029.14662290002	0.00019346349728329985	150.48577704833366
9040.28057460002	0.00018468695814983352	150.67134291000033
9088.36035870002	0.00015408032969991655	151.47267264500033
9149.09116210002	0.00010971740503808295	152.484852701667
9163.76838620002	0.00015379283638899504	152.72947310333365
9179.96282230001	8.101671207971091e-05	152.99938037166686
9213.36429650001	0.000112523817192719	153.55607160833353
9216.90688850001	0.00018987132895786357	153.61511480833352
9242.21239260001	2.153220284483464e-05	154.03687321000015
9273.08413050001	0.00021168873835467495	154.55140217500016
9302.94310270001	0.00022059377935731303	155.04905171166683
9377.33842700001	0.00015256741377995108	156.2889737833335
9401.12547550001	2.3587291586622756e-05	156.68542459166684
9416.30728310002	0.00020197198097791162	156.93845471833367
9435.03289950002	0.00012886219503161725	157.25054832500032
9458.31385160002	0.0002276515474686771	157.63856419333368
9501.33191920002	9.611770391451431e-05	158.355531986667
9507.91035140002	0.00012879862688098024	158.46517252333368
9510.44140870002	0.00013431401579719516	158.507356811667
9513.98373870002	0.00026240062934746605	158.56639564500034
9560.54395850002	0.0001788017384039287	159.34239930833368
9562.56856470002	9.774545571803359e-05	159.37614274500032
9573.70291010002	0.00011837982237321592	159.56171516833368
9578.76374670002	0.00021342229071544467	159.64606244500035
9664.79949500003	0.0002459380422782866	161.07999158333385
9689.59747770002	0.00014212766186537173	161.49329129500032
9741.21864730003	0.00020498001166380827	162.35364412166714
9752.35257040003	0.00013846997273931285	162.53920950666716
9782.71921610003	1.9880996771326126e-05	163.04532026833382
9796.88891570003	0.00015466493397110203	163.28148192833385
9800.43202750003	9.972388416857769e-05	163.34053379166716
9811.05984820003	1.910523801942366e-05	163.51766413666715
9812.57855730003	2.1900250684869507e-05	163.54297595500051
9829.28010520004	0.00013403743680558394	163.82133508666732
9830.79820390004	0.000168372315860574	163.84663673166733
9862.68226330004	0.00014103253841446986	164.3780377216673
9920.88147740004	0.00017668087660350105	165.348024623334
9939.10133110003	0.00012825699207472924	165.65168885166716
9985.15635740003	0.00017185425501704395	166.41927262333382
10054.996553	9.229011643845341e-05	167.58327588333336
10112.6910199	0.00016327821181849164	168.54485033166665
10140.0197403	0.00010918695942006574	169.000329005
10148.117901	0.00018550101280044695	169.13529835
10164.3128926	0.000159484897307052	169.4052148766667
10221.50127	9.091869532180138e-05	170.35835450000002
10246.2994232	0.00017520267878854396	170.77165705333334
10272.1107065	0.000160463572319258	171.20184510833332
10361.6890598	0.00040825707344920384	172.69481766333334
10403.6946438	0.00016593217778301296	173.39491073
10438.1082534	9.902083816412381e-05	173.96847089
10480.1152961	0.00022738798446986263	174.66858826833334
10492.2602264	0.00012835494553091868	174.87100377333334
10507.4430302	0.00013419452486338558	175.12405050333334
10521.1081693	2.4450874118749746e-05	175.35180282166667
10532.748358	0.00010326739669397968	175.54580596666668
10615.7475086	0.000186693591184579	176.92912514333332
10637.5087615	0.00019612452623530782	177.29181269166665
10651.6803171	0.00014321382634918233	177.52800528499998
10657.2473396	2.5229405376554483e-05	177.62078899333335
10677.4906741	0.00013798015134434242	177.95817790166666
10713.9292519	0.00014892494803139835	178.56548753166666
10738.2213086	0.00017675753353741622	178.9703551433333
10765.0441775	0.0002035971946067984	179.41740295833333
10774.1537622	0.00016535205332410163	179.56922937
10781.2390276	2.4770146798898885e-05	179.68731712666667
10824.257333	0.00023763283399815406	180.40428888333332
10825.7754566	0.00025072464107713183	180.42959094333335
10827.7996181	0.00027264354129005833	180.46332696833332
10836.9096076	0.00011610026772469345	180.61516012666667
10842.477356	7.415129481246265e-05	180.70795593333332
10877.9026204	0.0001753212048267323	181.29837700666667
10949.2617546	7.42009254296714e-05	182.48769591
10962.4210857	9.438680447957322e-05	182.707018095
10967.4811262	0.00013854465651997399	182.79135210333334
10999.36539	0.00015824942189679182	183.32275650000003
11023.1512705	0.00022385781187598806	183.71918784166667
11031.7546713	0.00021433851683055048	183.86257785499998
11042.3836565	0.0003540617683845932	184.03972760833332
11074.2665159	0.00015314259497884518	184.57110859833335
11080.8457652	0.0001723887213213185	184.68076275333334
11085.9068984	0.00020242480716011748	184.76511497333334
11086.919221	0.0002869094979852293	184.78198701666668
11103.620533	0.00015669451563773311	185.06034221666667
11116.2721245	0.00015867712955607412	185.271202075
11141.0713919	2.25252057051841e-05	185.68452319833335
11201.2956427	0.00017536203694092014	186.6882607116667
11208.8870575	0.00015198476845533872	186.81478429166665
11211.9235758	0.0001836119327990729	186.86539292999998
11229.6373253	9.224785087070508e-05	187.16062208833333
11232.167462	0.00012084182636116488	187.2027910333333
11280.2463503	0.00029702433747452484	188.00410583833334
11337.4345517	9.871598705410342e-05	188.95724252833332
11387.0338473	0.00024362504630645552	189.783897455
11409.8066808	0.0001796656514027363	190.16344468
11442.7029309	0.00031681087472865176	190.711715515
11499.8911603	0.0002026359782811074	191.66485267166667
11573.2752005	0.0001991890003160317	192.88792000833334
11587.9519192	0.00020124784310760743	193.1325319866667
11609.7136847	0.0002186867151055584	193.49522807833333
11655.261502	0.00018037711797648206	194.25435836666665
11665.890421	0.00017627411232308006	194.43150701666667
11666.3956263	0.00033643954154141177	194.439927105
11677.0245522	0.00021966670030931445	194.61707587
11677.5303578	3.013567078989611e-05	194.62550596333332
11693.7246197	4.268758402065816e-05	194.89541032833333
11706.8836516	0.00011859003820982379	195.11472752666666
11766.6028003	0.0001911413028875161	196.11004667166665
11772.1690648	2.4161437057845703e-05	196.20281774666668
11812.1504529	0.0001611726638216563	196.869174215
11826.3209328	0.00012877316417757818	197.10534887999998
11841.5051642	0.00016459789200825475	197.35841940333333
11857.6994645	0.00018424002223204014	197.62832440833333
11870.8582509	0.00012682537957024314	197.847637515
11882.4985902	0.00035585470398789734	198.04164317000001
11935.6385329	0.00023492589890231186	198.92730888166668
11951.3273203	2.369539724806922e-05	199.18878867166669
11968.028407	0.00019383412984682566	199.46714011666666
11980.1742127	3.023516914561459e-05	199.66957021166667
11998.395028	0.00024237648108617162	199.97325046666668
12015.0959771	0.00017241476053987245	200.25159961833333
12031.7970535	0.0002178171840097331	200.5299508916667
12068.2347846	0.00011569612438192251	201.13724641
12070.2602058	0.00012234200708079437	201.17100342999998
12076.3327244	0.00017776097822725387	201.27221207333332
12081.3943622	8.20107249684513e-05	201.35657270333334
12103.6624441	0.0001675542444095373	201.72770740166666
12173.5034571	0.00022297962584261153	202.89172428499998
12198.3007753	0.00014197579467696168	203.30501292166667
12202.8557265	0.0003141765147391709	203.380928775
12260.5500119	6.767189800803864e-05	204.34250019833334
12262.5743633	0.00023928003573581735	204.37623938833335
12313.1841167	0.0003455577368007416	205.21973527833333
12338.4892874	0.0003239945783629135	205.64148812333332
12349.6222832	0.00023628884592284693	205.82703805333333
12365.8183283	0.00026284182138543383	206.09697213833334
12374.4210925	0.00021203449094386021	206.24035154166668
12384.0375451	2.3622431651118734e-05	206.40062575166667
12392.135259	0.00011017229251591142	206.53558765
12400.7388881	0.0003024894316580554	206.67898146833335
12413.8968677	0.0002918168843460367	206.8982811283333
12429.0793474	0.0002459779635398669	207.15132245666666
12439.7074185	0.00019833182330695134	207.328456975
12460.4568514	0.00017165210098607896	207.67428085666668
12475.6404726	0.0004487496695385742	207.92734121
12477.6641754	0.00026707579412771473	207.96106959
12489.8099273	0.00013963206949687572	208.16349878833336
12513.091013	0.00016299750595637726	208.55151688333333
12521.1885986	0.00021976243245262346	208.68647664333332
12543.4556498	0.00015474039783133488	209.05759416333333
12545.9865359	0.00018573344765096238	209.09977559833334
12553.5783735	0.0001716671367836088	209.226306225
12589.0044177	0.00023936955592135929	209.816740295
12597.1025622	0.00024959247162229133	209.95170937
12608.7419514	0.00023178842014102177	210.14569919
12612.7907823	0.00018802928089565094	210.21317970500002
12640.1205288	0.00021701883892966047	210.66867548
12650.7493217	0.00011165573604833508	210.84582202833332
12657.8338372	0.0002634984653420721	210.96389728666665
12720.0833801	0.0002679001208953432	212.00138966833336
12743.8707949	0.00016221599692000277	212.39784658166667
12749.438396	0.00018616388111265112	212.4906399333333
12752.9811778	0.00015230978609482622	212.54968629666666
12790.9379276	0.0002557639513857267	213.18229879333333
12801.0590189	0.00029786363384589997	213.3509836483333
12806.6269356	0.0003381096846248797	213.44378225999998
12827.8817355	0.0001610840841282206	213.79802892499998
12857.7415124	0.00021535220773419018	214.29569187333334
12867.3579386	2.697796439867916e-05	214.45596564333334
12877.9852915	0.00022949223659703233	214.63308819166664
12960.9849503	2.846915651583075e-05	216.01641583833333
12967.0572609	0.00018846714872622973	216.117621015
12993.3744899	0.00015709984171000796	216.55624149833332
13059.672575	0.0002146232944675701	217.66120958333335
13063.7213466	0.0001906584661191378	217.72868910999998
13067.770567	0.0005611394328040232	217.79617611666666
13083.9656643	0.0002409942040288418	218.066094405
13087.0019073	0.0002749064998241877	218.116698455
13089.0265951	0.0001313833405924129	218.15044325166667
13090.5440916	0.00026591515221035454	218.17573486
13097.6299018	0.0002405583819673139	218.29383169666667
13102.6911578	0.00021536779102511027	218.37818596333332
13123.9464167	0.0003536416819124844	218.73244027833334
13134.0679136	0.0002424388480539824	218.90113189333334
13163.4216088	0.00034693172164059296	219.39036014666667
13168.4826499	0.00019499779344602154	219.47471083166664
13247.4334186	0.00017949478758649633	220.79055697666666
13269.1946227	0.0001385864759314722	221.15324371166668
13286.9081383	0.00014496727756692512	221.44846897166664
13290.9567465	0.00016653326098985222	221.515945775
13327.9017977	2.747165535648441e-05	222.13169662833334
13328.4079544	0.00026054760419222985	222.14013257333332
13357.2556147	0.0001615148837538576	222.62092691166666
13357.7613817	0.00018091159887823944	222.62935636166668
13368.3897883	2.3290623505518326e-05	222.8064964716667
13373.9558905	0.00013616193695640145	222.89926484166665
13382.5590634	9.549080352218378e-05	223.04265105666667
13393.1879392	0.0002497437312020504	223.21979898666666
13395.2119622	0.0002567254145851687	223.25353270333332
13466.0644747	0.0002914469070549318	224.43440791166668
13468.0890438	0.00011237725460583232	224.46815073000002
13476.1867202	0.00028029228618866746	224.60311200333334
13558.1731029	0.00012335555752581793	225.969551715
13576.3928326	0.0002040550436993097	226.2732138766667
13594.1064221	0.0002493598057043048	226.56844036833334
13605.2402058	0.0001315036707344726	226.75400343
13609.794588	7.832913434615633e-05	226.82990980000002
13610.3013648	0.00024431133190493034	226.83835607999998
13610.8075071	0.00014863914242573193	226.846791785
13614.8561819	0.0002842199211945207	226.91426969833336
13622.4473736	0.00016528167858625048	227.04078956
13630.0382606	0.0002053866388506492	227.16730434333334
13634.5935954	2.6369530886045537e-05	227.24322659
13645.22123	0.0002948865966189827	227.4203538333333
13671.5378439	0.00022900583403587984	227.85896406499998
13707.4705505	0.00016717868885169813	228.45784250833333
13713.0379912	0.00022993872396295003	228.5506331866667
13722.1477817	9.293571654021954e-05	228.7024630283333
13761.6226811	0.00022054536936868762	229.36037801833334
13772.7570097	0.0001513906181922649	229.54595016166667
13793.5064727	0.00010462482767675441	229.891774545
13795.5311725	9.003515658495221e-05	229.92551954166666
13845.6345564	0.0002635585214246602	230.76057594
13847.1522472	0.0002241890769072539	230.78587078666666
13880.5548654	0.00026112542627388605	231.34258108999998
13896.7497763	8.904065631058306e-05	231.61249627166666
13899.2794892	8.263967104079335e-05	231.65465815333334
13920.5355001	0.00020353153153153153	232.00892500166668
13926.6082472	9.013064651809575e-05	232.11013745333332
13974.6876621	0.00047853484116471554	232.91146103499997
13987.8465771	0.00022068461695048104	233.130776285
14005.0529873	0.00016984414302169772	233.41754978833333
14008.5957608	0.00022061047695075384	233.47659601333334
14012.1387946	7.799675315841503e-05	233.53564657666666
14015.6815655	0.00018623446216014408	233.5946927583333
14033.9010705	0.0003063708828013538	233.898351175
14037.9493828	2.7281639274890404e-05	233.96582304666666
14038.456155	0.00014673794284307263	233.97426925
14054.1441229	0.00014775175416189117	234.23573538166664
14078.9427375	0.00019276277489279386	234.64904562499999
14102.7290068	0.00018064660424322898	235.04548344666668
14176.6190584	0.00016837983742263977	236.27698430666666
14195.3440059	0.00030593309594262503	236.589066765
14212.5518211	0.00022122158794962702	236.87586368499998
14263.6671416	0.00018364276455202195	237.72778569333335
14269.2335318	0.0002032352826364573	237.82055886333333
14273.7892704	0.00020587082402506143	237.89648784000002
14276.3184976	0.00021958265986585495	237.93864162666665
14292.0073528	2.3201042706417098e-05	238.20012254666665
14293.0195785	0.0001375226507895418	238.21699297499998
14317.3128263	0.0002259148023041953	238.62188043833333
14337.050074	0.0003061395660925967	238.95083456666669
14343.1239685	0.0003431637289867616	239.05206614166667
14409.4216213	0.00024860679502091977	240.15702702166666
14409.9276158	0.00023898125704141203	240.16546026333333
14436.2438132	0.00046151375001791007	240.60406355333333
14444.8480861	0.00027545039375741665	240.74746810166667
14449.4032499	0.00022502609770127187	240.82338749833335
14478.2492922	0.00025944345922937126	241.30415487
14504.060927	0.00027068735252731044	241.73434878333333
14522.7856289	0.0002592837158808705	242.04642714833332
14548.5970931	0.0003296807366050289	242.47661821833333
14551.6338525	0.000264848562256259	242.527230875
14595.1577063	0.00014157710067155306	243.25262843833335
14601.2303715	0.00024860255802936995	243.35383952499998
14636.1503631	0.00022376933486220312	243.93583938499998
14644.2480562	0.0003016698172652804	244.07080093666667
14649.3092755	0.00024421612404445023	244.15515459166667
14664.4916677	0.00014963544296532353	244.40819446166668
14677.6497728	0.00017336983615506087	244.62749621333333
14706.4980599	0.00036487051596983554	245.1083009983333
14722.1880653	0.00020983139032474229	245.36980108833333
14729.7792768	0.00017568415352127865	245.49632128
14755.5897434	0.00026857334278205494	245.92649572333332
14757.1073134	0.00017596862246250066	245.95178855666666
14770.2655886	0.00020183421996222817	246.1710931433333
14772.7963577	0.00023768854221679024	246.21327262833333
14776.3386741999	0.0002925548424760574	246.272311236665
14800.1251100999	0.00016408009506156375	246.66875183499832
14802.6558532999	0.00030312826128537566	246.7109308883317
14805.1868651999	3.2271667197356306e-05	246.75311441999833
14809.2349677999	0.00021139744879008457	246.82058279666498
14815.3086008999	2.9413437234666283e-05	246.92181001499833
14830.9968600999	0.00014715238258306587	247.183281001665
14850.7349661999	3.154295519638644e-05	247.512249436665
14858.3258849999	0.00024392384221697027	247.63876474999833
14877.0518913999	0.0003891403741647096	247.950864856665
14893.7522798999	0.00015414522769067562	248.22920466499832
14939.3008822999	0.00028453635708707416	248.98834803833168
14959.5446900999	0.0002252133950883333	249.32574483499832
14964.6057903999	0.00022545983191530323	249.410096506665
14978.7760156999	0.00020650232225794926	249.64626692833164
14986.3673758	0.00018712488745665067	249.77278959666668
14995.9837801999	0.00019460809063555508	249.93306300333168
14996.4896222	0.00019315839064079155	249.94149370333335
14999.5256374999	0.00012043943682749845	249.99209395833168
15002.5624215	0.0004626142536429043	250.042707025
15006.6119602	0.00024072600058548435	250.11019933666665
15027.3616461	0.000298412264516276	250.456027435
15070.3793435	0.00016123931718555636	251.17298905833334
15072.404616	0.0003622398916333688	251.2067436
15078.477983	0.00029712311311507546	251.30796638333334
15081.0080487	0.00012040319945788308	251.350134145
15132.6300301	0.00032714221166905543	252.21050050166664
15148.3180277	0.00034092902287535007	252.47196712833332
15149.330382	0.0003212489009381584	252.4888397
15160.9713185	0.00026315259324919164	252.68285530833333
15190.8307872	0.00018466436219702212	253.18051312
15213.6052192	0.00018334899599163805	253.56008698666668
15233.3422737	0.0005161569045384214	253.889037895
15239.4152699	0.00020257870778617223	253.99025449833334
15261.1777141	0.0003358945907036405	254.35296190166667
15262.6947517	0.00037017542844913846	254.37824586166667
15263.7077361	0.00019812182605427804	254.39512893499997
15270.2868551	3.9232945973380086e-05	254.50478091833332
15297.1099566	3.215221113971229e-05	254.95183261
15314.3172989	0.0003808376455736727	255.23862164833332
15328.4873365	0.00029716086610672386	255.47478894166667
15333.5488689	0.00025990933613067587	255.559147815
15366.950965	0.0003394408243939918	256.11584941666666
15386.1820404	0.00018061806336003977	256.43636734
15429.7062862	0.00018912434710908392	257.1617714366667
15496.5109913	0.00025685217777210375	258.2751831883333
15516.2486151	0.00029665660844349927	258.604143585
15530.9250576	0.0002189067522257326	258.84875096
15553.1932473	0.000164795506048139	259.219887455
15553.6998218	0.00021658607307348897	259.2283303633333
15555.2180489	0.0003087767861922469	259.25363414833333
15561.2912615	0.0002560511457513799	259.35485435833334
15596.7180943	0.00021845061441695335	259.9453015716667
15602.7906554	0.0005363557027121171	260.04651092333336
15631.1315466	0.00018805694877978228	260.51885911
15645.3020507	0.00010648083788588212	260.75503417833335
15647.8325363	0.00022801012897551054	260.7972089383333
15672.6310693	0.0002499562769979864	261.21051782166666
15674.6562102	0.00015373927686504062	261.24427017
15688.3201543	0.00030833465117258553	261.4720025716667
15689.332928	0.00022693348305726353	261.48888213333333
15697.9365115	0.00021825866681670662	261.6322751916667
15698.4421121	0.00019478003975250625	261.64070186833334
15723.2410732	0.00035263294185745403	262.05401788666666
15727.7957483	0.00019517841492519542	262.1299291383333
15740.4487314	0.00014413698146885457	262.34081219
15747.532969	3.0680192131635205e-05	262.4588828166667
15769.295564	0.00020492660578431935	262.8215927333333
15774.8622973	0.0002351245549428067	262.91437162166665
15781.9475158	0.0002331870637055138	263.0324585966667
15793.0818037	0.00027104990195261924	263.2180300616667
15804.2157494	0.00015391897679301118	263.4035958233333
15806.2398722	0.00026343194194618577	263.4373312033333
15812.8196867	0.00020833348889896124	263.5469947783333
15815.3500181	0.00038326190725061846	263.58916696833336
15835.593498	0.0002780170220937548	263.9265583
15840.1484629	0.0002803774729571405	264.0024743816667
15875.5751638	0.00015265521252808616	264.5929193966667
15885.1908146	0.00018456799742209946	264.75318024333336
15894.80581	0.00010346776183313037	264.91343016666667
15899.8672212	0.00015827690653206624	264.99778702
15912.0130311	0.00023838527708540264	265.200217185
15919.60445	0.00023154823548757832	265.32674083333336
15933.7760991	0.00022163983338712129	265.56293498499997
15941.8737708	0.00023603020870912	265.69789618
15942.3788206	0.00016163755073230987	265.7063136766667
15967.6839223	0.00014576003922270146	266.12806537166665
15970.2141497	0.00022396432102754553	266.1702358283333
15973.2514541	0.00022489191616959953	266.2208575683333
15994.0010574	0.0002125581524180447	266.56668429
16028.92065	0.00030525991150609575	267.1486775
16048.1528234	0.00011554049694417893	267.4692137233333
16050.6832314	0.0001266155525186173	267.51138719
16058.7800245	0.00021512771302301865	267.64633374166664
16059.792614	0.0003290446201823105	267.66321023333336
16090.664315	0.0001842127278928638	268.17773858333334
16139.7552133	0.00026574201494177765	268.99592022166667
16147.3472436	0.00024634043188157293	269.12245406
16149.3708035	0.00010277622010699545	269.15618005833335
16162.023187	0.00035122562353863434	269.3670531166667
16166.5784644	0.00029194904480935637	269.4429744066667
16176.6996825	0.00022445385286153563	269.611661375
16190.8701662	0.00019317379421868882	269.84783610333335
16193.9075699	0.0003388373971110705	269.89845949833335
16220.7297911	0.0004539908140785856	270.34549651833333
16221.7426383	0.0003462517092116879	270.362377305
16243.5040844	0.00037873580065007667	270.7250680733333
16257.6743784	0.0003917809139903815	270.96123964
16258.1804343	0.00024930187510055707	270.969673905
16260.7110267	0.0003341700029216539	271.011850445
16277.9186779	0.0002624197779765131	271.29864463166666
16279.4366556	0.00015533085070863696	271.32394426
16282.4727563	0.00034158661808545874	271.3745459383333
16295.6320399	0.00020662555012233833	271.5938673316667
16296.6432146	9.411986164380338e-05	271.61072024333333
16334.600502	0.00031869856465097985	272.2433417
16335.1066981	0.00038995822746576767	272.25177830166666
16342.1917585	0.0004064941787949011	272.36986264166666
16343.710332	0.00022912610112552873	272.3951722
16365.9789061	0.00030388819708721416	272.76631510166663
16401.405298	0.0002342988133081726	273.3567549666667
16408.4901249	0.00034611961454361655	273.474835415
16410.5145689	0.0001879794441473587	273.5085761483333
16412.0333792	0.0005484421375621927	273.5338896533333
16420.636374	0.00032085017115038875	273.67727290000005
16421.1421502	0.0002618509143609239	273.68570250333335
16432.2763976	0.00012912086723056659	273.87127329333333
16433.2888219	0.00010813292381940663	273.8881470316667
16438.8551977	0.0001677006729322241	273.98091996166664
16444.4223581	3.298779231765631e-05	274.07370596833334
16448.4710909	0.0004166028706430283	274.1411848483333
16479.3434484999	0.0002871739197051214	274.655724141665
16527.4225625999	0.00023692599293529768	275.4570427099983
16528.4346119	0.0003402539302479443	275.47391019833333
16533.495669	0.00027078502063497436	275.55826115
16557.7884496	0.00037613201269204435	275.9631408266667
16568.9221616	0.0003393729936571777	276.14870269333335
16574.9941772	0.00039138393546846693	276.24990295333333
16595.2380565	0.00016776421581950622	276.5873009416666
16617.0006769	0.00025285823289489733	276.95001128166666
16637.2435698	0.00037524562834068863	277.28739283
16656.4754038	4.1102609467666406e-05	277.60792339666665
16660.0181718	0.0003608829603095574	277.66696952999996
16667.1040017999	0.00032821271201786685	277.785066696665
16675.2007411	3.488564099264378e-05	277.9200123516667
16684.3108542999	3.9112069115371915e-05	278.071847571665
16714.1703979999	0.00017736116502779727	278.5695066333317
16716.1940076999	0.0003520256179060634	278.603233461665
16726.3171740999	0.0003552161268121573	278.771952901665
16759.7192062	0.000341376079555469	279.3286534366667
16784.5173986999	0.0003165913153596979	279.7419566449983
16935.8382048	0.0001488397266761383	282.26397008
16944.4420235	0.00012738632654768733	282.4073670583333
16945.4544924	0.00033554634134649956	282.42424154
16969.2405625	0.00026285298209729487	282.8206760416667
16972.7827526	0.00043208318762070434	282.8797125433333
16987.460432	0.00021952037391060854	283.12434053333334
17014.2832499	0.00032243618450515004	283.5713874983333
17017.3201161	0.00038396921687360237	283.622001935
17036.5508772	0.0001260243440987714	283.94251462
17045.1550321	0.00019560417574722582	284.08591720166663
17051.7344056	4.0263484240872265e-05	284.19557342666667
17059.8311382	0.00018777507477845683	284.33051897
17090.7028766	0.0004361823657700696	284.8450479433333
17091.2089592	0.00027004231247402594	284.85348265333334
17138.7816311	0.0003104473710009477	285.6463605183333
17151.4336586	0.00026327236098074676	285.8572276433333
17153.458277	0.00033861683086895526	285.8909712833334
17168.6413473	0.0003098755317291438	286.14402245499997
17177.2448453	0.00027412141117363003	286.2874140883333
17196.4760783	0.00024231346047634607	286.6079346383333
17210.6473815	0.0003207938092103467	286.844123025
17211.6589204	0.00022954155499780207	286.8609820066667
17223.8055269	0.0003849086348450973	287.0634254483333
17250.6287705	0.00045574590412975904	287.51047950833333
17257.7141052	0.00016022328869202807	287.62856842
17280.9937901	0.0004061889718807259	288.01656316833333
17287.5730154	0.0004037337445885226	288.12621692333335
17309.3351559999	0.0003804483938004118	288.488919266665
17316.9260713999	0.00011383495649571615	288.61543452333166
17326.5423192	0.00015532402982221371	288.77570532000004
17350.8342195	0.00024752003960320634	289.180570325
17360.4496801	0.00036562640058500226	289.34082800166664
17400.4314005999	0.0003140744618203232	290.00719000999834
17406.5045871	0.0002811781276496468	290.108409785
17412.0710786	0.00043526778369729427	290.20118464333336
17429.7851224	0.0003411861019259178	290.4964187066667
17435.351705	0.00034600857537792415	290.5891950833333
17445.4736083	0.00027416311472066196	290.75789347166665
17451.5463236	0.0002922841448122911	290.8591053933333
17476.3456952	0.0003413357606098532	291.2724282533334
17483.9371637	0.0003555558654081616	291.3989527283333
17494.5649775	0.0002739501751092761	291.5760829583333
17496.0829126	3.611035323949991e-05	291.60138187666666
17522.3994564	0.0002635830980398557	292.03999094
17547.1987248	0.00024787151227755906	292.45331208
17550.2343081999	0.00022721478506286424	292.50390513666497
17564.4054107999	0.0003981724499823327	292.74009017999833
17610.459937	0.0002455856212814092	293.50766561666666
17667.1425763	0.00031933414640958563	294.45237627166665
17670.6842773	0.0002048509435032072	294.51140462166666
17684.855618	0.000161097000531445	294.74759363333334
17721.8005427999	0.0003538007355143934	295.36334237999836
17725.8490872999	0.0001642716675745666	295.43081812166497
17733.4401762	0.0002739028754370419	295.55733627
17735.4640528999	0.00036113796591844563	295.5910675483317
17744.0676410999	0.00011884208198122956	295.73446068499834
17745.5866122999	0.0002729721373439811	295.759776871665
17773.421176	0.00024630794651012426	296.2236862666667
17778.9887679	0.00045902773553920076	296.316479465
17797.2078734	0.00031407112439922624	296.6201312233333
17823.0191473	0.00043241042193170717	297.0503191216667
17864.0124113	0.00021159577527384905	297.7335401883333
17864.5176914	0.00024491915620026357	297.7419615233333
17878.1831549	3.81457115319572e-05	297.9697192483334
17882.737552	0.0002706536625968879	298.0456258666666
17917.65763	0.00020797953612375274	298.6276271666667
17940.9378988	0.000297160065136425	299.01563164666663
18001.6691937	0.0002003232426745742	300.027819895
18005.2123663	0.00022446029132507588	300.08687277166666
18024.4428075	0.0002571359482867253	300.407380125
18032.0350986	0.0003154412829097802	300.53391831000005
18041.6508242	0.00041765194093622754	300.69418040333335
18048.2294123	0.0002815804497840441	300.80382353833335
18067.4614711	0.0002284239694831415	301.1243578516667
18090.2361131	0.00016848585857205957	301.5039352183333
18104.4057734	0.0002700985646364766	301.74009622333335
18139.8327193	0.00015611727726551369	302.33054532166665
18140.3393225	0.00043687461998663854	302.3389887083333
18168.679628	0.0003646790365983981	302.81132713333335
18184.3692128	3.360716450975885e-05	303.07282021333333
18267.3675698	0.0001374538149307738	304.45612616333335
18394.9036153	0.00020017141614150075	306.5817269216667
18431.3412792	0.00030615832077545747	307.18902132000005
18432.3534596	0.00016627303671940956	307.2058909933333
18456.6469724	0.00024300612329580495	307.61078287333333
18461.2007783	0.0003227496023692864	307.6866796383334
18479.926718	0.00027492487319687143	307.9987786333333
18499.1581098	0.0002470072358590269	308.31930183
18503.7130265	0.00021432085945683247	308.3952171083334
18544.2004287	0.00017049364414758314	309.07000714500003
18553.3107362	0.0002863703037638385	309.22184560333335
18553.8160148	0.00033992472130675165	309.2302669133333
18566.9751531	6.949575344369747e-05	309.449585885
18574.0601404	0.00018449574354395437	309.5676690066667
18575.5787928	0.0002944810862829583	309.59297988
18595.3162512	0.0001474158961008211	309.92193752000003
18632.2607604	0.0003085082823679508	310.53767934
18647.4433201001	0.0003565994131348974	310.79072200166837
18647.9487316	0.0003217892686286289	310.7991455266667
18683.882504	0.0001891499959467858	311.39804173333334
18700.0775808001	0.00015793661550030384	311.6679596800017
18707.1622516001	0.00018368687280030638	311.78603752666834
18732.9726022001	0.00014180040915474842	312.2162100366684
18763.3387322001	0.00021583532069024744	312.722312203335
18764.8572818001	0.0003433004053105996	312.74762136333504
18774.9788180001	0.00029781703109344496	312.91631363333505
18779.0272960001	8.604968320700661e-05	312.9837882666683
18782.0642567001	0.00015860680887256186	313.03440427833505
18783.0754210001	0.0001855611231152315	313.05125701666833
18787.1249919001	0.00020493288448033268	313.11874986500163
18819.0084668001	0.000255616044678748	313.650141113335
18827.6115409001	0.00021637355504168515	313.7935256816683
18860.0027976001	0.0003297946536864927	314.33337996000165
18881.7641910001	0.0003336533734436573	314.69606985000166
18890.3680258001	0.00021209584907897947	314.83946709666833
18891.8856007001	0.0003250663919081687	314.86476001166835
18902.5136314001	0.00036839183521622493	315.0418938566683
18941.4828036001	0.0002491125831777938	315.6913800600017
18957.1723886001	0.00030366536429271226	315.95287314333495
18958.6896755001	6.947763931656236e-05	315.978161258335
18994.6226427001	0.0004462654307989713	316.5770440450016
19032.5800701001	0.00010204602275626308	317.20966783500165
19046.7494860001	0.00017800768323760982	317.4458247666683
19047.2564439001	0.00018384114421592462	317.45427406500164
19051.8115135	0.00023470747919738898	317.5301918916667
19069.0185451001	0.00013390916311664712	317.81697575166834
19095.3354365	0.0002485030432486657	318.25559060833336
19125.6998859	0.00017331690032352487	318.76166476500003
19146.4503928	0.00015872555698899792	319.1075065466667
19168.212957	0.0002338372870748159	319.47021595
19192.5051171	0.00032118845732733684	319.875085285
19204.1461879	0.0001528573963392574	320.0691031316667
19267.9136145	0.00015986299959924754	321.131893575
19286.1323236	0.00032847864888782227	321.43553872666666
19302.3282961	0.0002851949013247412	321.70547160166666
19307.389348	0.00024609022337420273	321.7898224666667
19309.4139063	0.00015086764055898357	321.823565105
19330.6694684	7.719218074085967e-05	322.1778244733333
19339.7793884	0.00024710187840031354	322.32965647333333
19347.3702555	0.0001297500276672853	322.45617092500004
19352.4310664	0.0002558437765842634	322.54051777333336
19353.9493347	0.0003898313177795151	322.565822245
19355.9739975	0.00017799716871393177	322.599566625
19356.4795915	0.00029639793971136726	322.60799319166665
19365.0832834	0.0002177692719967399	322.75138805666666
19388.8701072	0.00022263369388494228	323.14783512
19392.4121846	3.26203255073548e-05	323.20686974333336
19421.2597012	0.00028132195676390753	323.6876616866667
19425.3081118	0.00021826010792193011	323.7551351966667
19445.5525152	0.0002385523897450355	324.09254192000003
19457.1921998	8.501029908947243e-05	324.2865366633333
19458.7105062	0.0002379082152763656	324.31184177
19504.7647544	0.00017566937640137823	325.07941257333334
19544.2399451	0.00033976023231802114	325.7373324183333
19550.8191712	0.00040633066061267724	325.8469861866667
19609.5262511	0.00022034935973414175	326.82543751833333
19619.6475344	0.00022891086657159907	326.9941255733333
19635.843474	0.00022393908856790953	327.2640579
19644.4466574	3.419032003659124e-05	327.40744429
19655.0749697	3.374342846730599e-05	327.58458282833334
19686.4527367	0.00016551074607950748	328.1075456116667
19703.6594703	0.0002653503475068974	328.39432450500004
19725.4206407	0.00027862606239149656	328.7570106783333
19731.9999368001	0.00017772034199526005	328.866665613335
19743.1341849001	0.00048191224919341523	329.0522364150017
19766.9206446001	0.00025857673011667735	329.44867741000166
19785.6455605	0.00023559190031152648	329.7607593416667
19806.9025138	0.00011533046818867534	330.11504189666664
19822.0852508001	0.00035815567833484953	330.368087513335
19835.2435336001	0.00022304619982598493	330.5873922266683
19847.3890314001	0.00010817767458148065	330.78981719000166
19858.5230206001	0.00022320331857009497	330.97538367666834
19863.0785440001	0.00026664164026012744	331.0513090666683
19871.1752034001	0.0003040498300730856	331.1862533900017
19882.8159875001	0.0001542820918207578	331.38026645833503
19915.2065166001	3.214638176400055e-05	331.9201086100017
19929.3763706001	0.0002450065173121744	332.156272843335
19945.5708574001	0.0002718298029018191	332.42618095666836
19948.1026047001	0.00017268951762466786	332.46837674500165
19954.6810460001	0.00022445396835344797	332.578017433335
20053.8749875001	0.00018605414322067046	334.23124979166835
20054.8870275001	0.0001196996686122873	334.24811712500167
20055.9000735001	0.0001485560916527114	334.26500122500164
20073.1068301001	0.0005363907836937201	334.5517805016683
20086.2645132001	0.00028433111106122844	334.7710752200017
20135.8617221001	0.0002661565455080034	335.597695368335
20150.0331751001	0.00027031990303742607	335.83388625166833
20150.5388849001	0.00018711349851211265	335.842314748335
20188.4957065001	8.389746742451695e-05	336.47492844166834
20234.0437838001	7.905803624938475e-05	337.23406306333504
20270.4835706001	0.0003152270127033672	337.841392843335
20282.6287045001	0.0002186335403726708	338.0438117416683
20285.6657157001	0.0001818615051628092	338.09442859500166
20286.6772386001	0.00020180463634869003	338.11128731000167
20299.3306033001	0.0002543196160458302	338.3221767216683
20301.8609061001	0.0004080510118906892	338.36434843500166
20306.4158906001	0.00013144104151814978	338.440264843335
20311.9827248001	0.00019951995379285635	338.53304541333495
20314.0072527001	0.0002416718769741126	338.56678754500166
20314.5122365001	0.00020354010012266864	338.57520394166835
20344.8779775001	7.507062837559557e-05	339.08129962500163
20351.9633052001	0.00027870328743832465	339.1993884200017
20357.5312368001	0.00021772970317732691	339.29218728000166
20390.9327695001	0.0003446995280216714	339.84887949166836
20407.1281443001	0.000188474054895476	340.11880240500165
20411.6821485001	0.0002518602066348739	340.19470247500163
20521.5039666001	0.00017390618504781774	342.02506611000166
20582.2361953001	0.00020638655702232047	343.0372699216683
20609.5661224001	0.00021701553028297544	343.49276870666836
20643.4737473001	7.54464702054554e-05	344.05789578833503
20643.9798339001	0.0003152957611324536	344.06633056500164
20654.6083582	3.122408834335395e-05	344.24347263666664
20665.7417799	0.000337791235595929	344.429029665
20676.3696564	0.0003202950865488516	344.60616094
20711.2907381	0.00020979445899573694	345.1881789683333
20817.5696368	0.0001845134506112008	346.95949394666667
20833.2581678	0.00019035740240227979	347.2209694633333
20847.9355891	0.0001641627273714801	347.46559315166667
20900.5691444	0.0004375198789900623	348.3428190733333
20903.6057364	0.00022065759881445502	348.39342894000004
20931.4398574	0.00035222558922125307	348.85733095666666
20934.9832308	0.0002913228410464978	348.91638718
20935.4897924	6.217814627965243e-05	348.92482987333335
20938.0200939	9.344805698568305e-05	348.967001565
20959.7810221	0.00014826589665623946	349.3296837016667
20960.7941095	5.5868699330549464e-05	349.34656849166663
20962.3120515	2.512318736203183e-05	349.371867525
20972.9401299	0.00023550114703259678	349.549002165
20987.6168323	2.6014733588894368e-05	349.79361387166665
21022.5370546	0.00025307222234627726	350.3756175766667
21024.0552423	0.0004582183407301687	350.40092070500003
21039.744286	0.00024371846296704762	350.66240476666667
21078.7130849	0.00014107054912970807	351.3118847483333
21084.7861587	0.00014341132887815846	351.41310264500004
21090.3534445	0.00018186837439233166	351.5058907416667
21092.8835557	0.0002351341542582284	351.54805926166665
21105.0296019	2.9542659929189528e-05	351.750493365
21130.8408089	0.00018615833333806298	352.18068014833335
21152.6023611	0.0003541486313197013	352.54337268499995
21154.1210712	0.0002349638525042632	352.56868452
21154.6271408	0.00030278209701331397	352.57711901333334
21165.7608157	0.0003877099567177997	352.7626802616667
21208.2723422	0.00011159340425458482	353.47120570333334
21229.5286747	2.7937296290547883e-05	353.82547791166667
21231.0467884	0.00018769551616266945	353.85077980666665
21236.6145567	0.000352552861543876	353.94357594499996
21240.6629528	0.0001020852011966161	354.01104921333337
21245.2170308	0.0001724605188597896	354.0869505133333
21251.2901215	0.00014027334346117704	354.18816869166665
21255.8458566	0.00020636697053897802	354.26409761
21299.3703151	0.00015525789950176328	354.9895052516667
21321.1319803	0.00022473822104735052	355.35219967166665
21340.3624948	0.00017401823604843109	355.6727082466667
21345.4240974	0.00016452004787132125	355.75706828999995
21403.6243584	2.5380467305164024e-05	356.72707264
21411.7217099	0.00011063422697587848	356.86202849833336
21412.7340638	0.00016625308342904362	356.87890106333333
21413.7458566	0.00014261466922435697	356.8957642766666
21414.2533071	0.00010941967261005708	356.904221785
21429.9418389	0.00014939855035213078	357.165697315
21433.9899654	8.385287579220487e-05	357.23316609
21455.247666	4.232395773021694e-05	357.5874611
21496.2400044	0.00034918349259980414	358.27066673999997
21509.9052947	0.00017109316942501103	358.4984215783333
21521.5455468	0.00015228387120371783	358.69242578
21598.9765439	0.00012044812535470952	359.98294239833336
21642.5012618	5.976839297207795e-05	360.70835436333334
21727.5252384	0.00013684713542947604	362.12542064
21757.3837325	0.00013375981389938935	362.6230622083333
21797.872303	7.112793665839502e-05	363.2978717166667
21818.6217086	9.116747592656587e-05	363.64369514333333
21924.3946875	1.1768102479774554e-05	365.406578125
21940.0829823	8.021184511656068e-05	365.668049705
22009.9243991	0.00010534018446594135	366.83207331833336
22154.1613733	0.00014705373949893506	369.23602288833337
22158.2100057	0.00015750119963885004	369.303500095
22160.2340201	0.0001303255200335428	369.33723366833334
22310.0378081	6.734602584710977e-05	371.83396346833337
22392.0248126	1.1698858893303548e-05	373.20041354333335
22461.3604747	8.188502415608213e-05	374.35600791166667
22504.3782876	7.766620568015554e-05	375.07297146
22508.4270651	9.253903990746097e-05	375.140451085
22661.2676124	6.146840180019351e-05	377.68779354
22700.2373325	5.186718220383657e-05	378.337288875
22760.9682013	8.269670308008812e-05	379.34947002166666
22773.1136941	8.514716461098736e-05	379.5518949016667
22841.9426033	7.41756060460432e-05	380.69904338833334
22869.7774046	0.00015370638473996142	381.1629567433334
22919.3750865	9.57159088541962e-05	381.989584775
22939.6179689	4.7186022624481714e-05	382.3269661483333
22970.48987	9.45014558410255e-05	382.84149783333334
22980.6113207	0.00011673983707858935	383.01018867833335
23001.8675104999	0.00010803412141974198	383.36445850833167
23032.2327511999	1.3515928115806635e-05	383.87054585333163
23085.8787477	0.00019328736105501284	384.76464579500004
23110.678292	0.0001320198372234074	385.17797153333333
23123.3295916999	9.673191366690406e-05	385.38882652833166
23212.4027132	9.000339064497516e-05	386.87337855333334
23310.5842002	8.667949752410942e-05	388.50973667
23346.5176576	9.127687819630682e-05	389.1086276266667
23355.6268191	1.1310406051117506e-05	389.26044698500004
23380.425424	1.1722962939806493e-05	389.67375706666667
23394.0892302	0.00011863721941867763	389.90148717
23424.4555456	5.598272562252663e-05	390.40759242666667
23457.3517522	0.00011374812068322349	390.95586253666664
23461.3996586	3.3626365312162424e-05	391.02332764333335
23586.4049559	8.131973882074427e-05	393.106749265
23734.1843	6.981139945511983e-05	395.56973833333336
23777.7082984	7.493726920812051e-05	396.2951383066667
23799.9759085	7.320922626404762e-05	396.66626514166666
23816.1709284	8.570684235872547e-05	396.93618213999997
23873.8650935	0.00010098725433260996	397.89775155833337
23981.6632483	0.00010173069679949384	399.69438747166663
23988.7491305	7.661469376012408e-05	399.81248550833334
24106.6686314	6.576780675824003e-05	401.77781052333336
24118.8141412	5.978090299053967e-05	401.9802356866667
24159.3021457	5.395724559806659e-05	402.6550357616667
24272.6670961	0.00010929387528104606	404.5444516016667
24274.6906222	6.386482878409201e-05	404.57817703666666
24315.1778334	5.7264992576469685e-05	405.25296389
24335.9279429	0.00015360574946067174	405.5987990483334
24386.5369184	6.571030409294213e-05	406.44228197333337
24452.8354376	6.488180145979318e-05	407.5472572933333
24453.8474537	9.662722441996503e-05	407.56412422833336
24536.3409762	5.5059491265737945e-05	408.93901627
24545.4498617	5.908247146675078e-05	409.0908310283333
24624.9080547	0.0001626612985111751	410.41513424500005
24640.0908941	6.478515172489865e-05	410.66818156833335
24720.0536493	4.533487092205432e-05	412.000894155
24758.5160349	0.00010254930354078525	412.641933915
24805.0763935	9.593028228838982e-05	413.41793989166666
24853.1561672	7.539933193346649e-05	414.2192694533333
24895.1612952	8.43339901385782e-05	414.91935492
24952.3501753	7.140452253696953e-05	415.87250292166664
24958.9291327	5.5773517688048255e-05	415.98215221166663
24970.56964	0.00011401907458016292	416.1761606666667
24976.1367455	9.527899158605137e-05	416.26894575833336
25001.9468656	7.124847972470283e-05	416.69911442666665
25031.8063255	2.394856855834449e-05	417.1967720916667
25047.4949399	3.5859352405557816e-05	417.4582489983333
25051.5441212	5.3232342438819605e-05	417.52573535333335
25140.6156305	9.23435500184995e-06	419.0102605083333
25142.6401864	5.126667558930938e-05	419.04400310666665
25151.2442489	7.209703764045455e-05	419.1874041483333
25175.5368934	6.943397760161493e-05	419.59228155666665
25176.0429973	5.0521548627962125e-05	419.60071662166666
25184.6457117	5.8250555328797724e-05	419.744095195
25196.2866285	8.042913363160395e-05	419.938110475
25209.4448614	7.777605894353973e-05	420.15741435666666
25210.9634821	6.756969717118275e-05	420.18272470166664
25222.097747	8.591059658023361e-05	420.36829578333334
25237.2800125	8.125561405077683e-05	420.6213335416667
25261.0664678	7.335943804326706e-05	421.0177744633333
25267.6454831	8.961804228801648e-05	421.1274247183334
25269.6691956	8.071356199771026e-05	421.16115326
25272.1999311	9.805537467870235e-05	421.203332185
25275.236847	2.6873482473303315e-05	421.25394745
25284.8528017	8.703215959850461e-05	421.41421336166667
25296.4929801	5.526276705608826e-05	421.608216335
25313.1932378	6.664100516249084e-05	421.8865539633333
25313.6994783	6.301053127365936e-05	421.894991305
25318.7607282	8.024453964477754e-05	421.97934547
25319.2662533	0.00015283039719217673	421.98777088833333
25321.7978422	6.0776016225637975e-05	422.0299640366667
25354.1871693	4.391346049314816e-05	422.569786155
25358.7423018	4.4497431787280157e-05	422.64570503
25371.901007	6.724419255928156e-05	422.8650167833333
25374.431078	9.911265174260469e-05	422.9071846333334
25397.2043539	0.000267983203943331	423.2867392316667
25399.7355359	8.322505583721859e-05	423.32892559833334
25403.2785241	0.0001233925861902849	423.38797540166667
25407.8332613	0.00011711007625256312	423.46388768833333
25415.9298632	0.00016826041855790992	423.5988310533333
25419.4724236	8.797717819733891e-05	423.65787372666665
25430.6066852	7.36283530612872e-05	423.84344475333336
25442.7535617	0.00012532076846226732	424.04589269499996
25448.8259622	0.00014057050684175242	424.14709937000003
25460.4662333	9.511971031724585e-05	424.34110388833335
25478.1794307	0.00017041058523821283	424.636323845
25488.3016996	7.952608366853529e-05	424.8050283266667
25503.4850419	0.00010643097009974551	425.0580840316667
25504.4967793	7.762174175995761e-05	425.0749463216667
25507.0268943	0.00010000032070073694	425.117114905
25508.0388438	8.788195962781838e-05	425.13398073
25510.5703311	3.100269837247211e-05	425.176172185
25516.6426574	9.293281672218807e-05	425.27737762333334
25523.2227165	9.523703748951838e-05	425.387045275
25526.2593228	0.00015362025566359016	425.43765538
25526.7644787	0.00010130903384767857	425.446074645
25543.9714643	0.00010062784468772987	425.73285773833334
25550.0453143	0.00010411247171441542	425.8340885716667
25561.6854067	0.00014009795341839005	426.02809011166664
25564.21615	9.939334243692776e-05	426.07026916666666
25569.78256	0.0001468975112975129	426.1630426666667
25574.843838	0.00027090154247170567	426.2473973
25590.5327931	7.312704458370888e-05	426.508879885
25591.5447812	0.00012713433491421628	426.5257463533333
25594.5810443	8.215647336291196e-05	426.57635073833336
25597.6182872	9.517540266856507e-05	426.62697145333334
25601.1604396	0.0001441375875975513	426.6860073266667
25607.7400049	0.00014560112063562283	426.7956667483333
25616.8487184	0.00011294269672456715	426.94747864
25618.3668219	0.00021705945298989253	426.972780365
25621.9099591	0.0001391357363496656	427.03183265166666
25623.4283709	0.00015107331698789093	427.057139515
25640.1297443	7.498394721392069e-05	427.33549573833335
25641.1420876	0.00010235204286177729	427.3523681266667
25647.7206075	0.00013676990045006918	427.462010125
25660.3732182	0.00010781824619211219	427.67288697
25666.9529666	0.00013441516055706797	427.7825494433334
25679.604674	0.0002030322270053793	427.9934112333333
25680.6174195	0.000122933207219418	428.01029032499997
25687.1964855	3.961154280357296e-05	428.11994142500004
25706.9335768	0.000175916935155488	428.44889294666666
25710.9826897	9.491672443076812e-05	428.51637816166664
25716.5489655	0.00012215027864934322	428.609149425
25731.2262417	0.00016769542573818165	428.853770695
25733.2507338	0.00012911480749098523	428.88751222999997
25734.7692056	0.00013367293073924538	428.9128200933334
25740.8416118	0.00013899082366403343	429.0140268633333
25755.0119641	9.180445800943103e-05	429.25019940166663
25755.518917	0.00013423605693740602	429.2586486166667
25756.0241402	0.00013646426722635813	429.26706900333335
25763.6156077	0.0001282085785369121	429.3935934616667
25766.1468165	0.00010265707500939408	429.435780275
25788.4152144	3.808453090140753e-05	429.80692024
25790.4395225	0.00011976336595513963	429.84065870833336
25801.5732067	0.00011665773877849485	430.02622011166665
25819.2858205	0.00010589509028415984	430.3214303416667
25829.4083308	9.418905837105257e-05	430.4901388466667
25832.950256	0.00010205336185470334	430.54917093333336
25836.9996276	8.39855118108068e-05	430.61666046
25844.0850548	0.00010541865819791849	430.73475091333336
25846.6157657	0.0002605550015687663	430.77692942833335
25850.1575188	0.00015254543615558972	430.83595864666665
25851.6766028	0.00010812231395957725	430.8612767133333
25852.182396	0.00015586867662271142	430.86970660000003
25855.2193254	2.4297685523965415e-05	430.92032209
25858.2550612	8.614857132146502e-05	430.97091768666667
25864.3280761	1.8459879912327876e-05	431.0721346016666
25866.3528951	0.00014294457611593297	431.105881585
25871.4142007	5.057147809418938e-05	431.19023667833335
25874.9568018	0.00015370914426791663	431.24928002999997
25876.9812877	9.959159446942678e-05	431.2830214616667
25879.5114449	0.00019574058556930902	431.32519074833334
25893.1759221	0.0001302667281837511	431.55293203499997
25911.3951862	0.00013196551489901278	431.85658643666665
25927.5901656	0.00011021487675476697	432.12650276
25931.638929	0.00017455482472760578	432.19398215
25951.3760862	0.0001340954356813055	432.52293477
25951.8826219	0.00012085989868561611	432.5313770316667
25953.4011843	0.00017569571034456354	432.556686405
25956.4372603	0.0001704310213216397	432.6072876716667
25957.4499404	0.00011619592420450483	432.6241656733334
25969.595707	0.0001248758721861536	432.8265951166667
25971.6201295	0.0001072552609858796	432.86033549166666
25972.6326773	2.3304660126955315e-05	432.87721128833334
25975.163074	0.00025908952982641776	432.9193845666667
25977.1866239	1.845856918770113e-05	432.95311039833337
25981.7414328	1.9163296410629412e-05	433.02902388
25982.2486237	0.00016230863605643244	433.03747706166666
25982.7537087	0.00012581090581904652	433.045895145
25996.4189174	0.0001223206214981814	433.2736486233333
26011.6009671	0.00013602745929389146	433.526682785
26016.6621104	0.00015087243827339373	433.61103517333333
26025.2659112	0.00015118192168269703	433.75443185333336
26041.9667437	0.00013579730503662666	434.03277906166664
26054.1134519	0.000300599200460616	434.23522419833336
26060.1857427	0.00017659596490894535	434.336429045
26062.7173242	0.00015590023063066728	434.37862207
26065.753294	0.00014774278337897648	434.4292215666666
26074.3566361	8.719119610885299e-05	434.57261060166667
26075.8753071	0.00011154141897372233	434.597921785
26078.9116868	2.3401228096450502e-05	434.6485281133333
26090.5519861	0.00010180377784564696	434.8425331016667
26094.0947601	0.0002215079102154604	434.901579335
26094.6013412	0.00012116111431746557	434.9100223533333
26098.142896	0.00016251885420178394	434.9690482666667
26107.7589392	0.0001607706058501372	435.1293156533333
26111.8085587	0.00013084407394222585	435.19680931166664
26122.9417904	0.00010309596332825881	435.3823631733333
26128.5089468	0.0001518202226388021	435.4751491133333
26133.5695186	0.00012823337752267564	435.55949197666666
26135.5934208	0.00017356471622168897	435.59322368
26142.67898	0.00010623753506650516	435.71131633333334
26148.2466039	0.0001541713996104957	435.804110065
26150.2708654	0.00013829491047344326	435.8378477566667
26156.3434431	0.00010946894613186182	435.93905738499996
26156.8498908	0.00013643760055998737	435.94749818
26161.4057993	0.00014608026354894445	436.0234299883333
26163.9356059	0.00021329570578318492	436.0655934316666
26167.4784617	0.0004680680312673032	436.1246410283333
26178.1060696	0.000153798191832069	436.30176782666666
26182.660773	4.831639526002864e-05	436.37767955
26187.2156013	0.00012515597088796264	436.45359335499995
26197.3376311	0.00014365841498068172	436.62229385166665
26199.3624671	0.00021048484374198875	436.65604111833335
26205.4352377	9.870092580523899e-05	436.75725396166666
26220.1120581	0.00017328682538535894	437.001867635
26221.1232293	0.0002295820953906621	437.0187204883333
26222.6414335	0.00013977364149603608	437.04402389166665
26235.2946227	0.0001105915211933149	437.2549103783333
26237.8247769	0.00015627494166922586	437.29707961500003
26244.9095769	0.00014956492706697246	437.41515961500005
26260.0921775	0.00020946835673283544	437.6682029583333
26263.1298441	0.00011091932573778398	437.718830735
26271.7329522	0.00022238061549815694	437.86221587
26276.2873614	0.00022299851607250967	437.93812268999994
26279.3246882	0.00014056515542887682	437.9887448033333
26282.3611306	8.624368731773241e-05	438.0393521766666
26286.9160439	0.00019704121422106532	438.11526739833334
26287.4224068	0.00019190319363786442	438.12370678
26287.9285939	0.0002343865691592387	438.13214323166665
26288.4344829	0.00021784973177552342	438.140574715
26289.4465899	0.0001414011569185566	438.15744316499996
26300.0739445	0.00014637914331926444	438.33456574166667
26302.604102	0.00021852261347257034	438.3767350333334
26311.2081209	0.0002039346367793948	438.5201353483333
26315.2569013	0.00018729013471511832	438.58761502166664
26316.2689229	0.00015864352845408125	438.6044820483333
26323.3544695	0.00014348596633901746	438.72257449166665
26323.8608976	0.00018098555376145159	438.73101496
26327.4026355	0.0002063122777753391	438.79004392499996
26329.4273485	0.00034718121434011137	438.8237891416667
26329.9341301	0.0001282359473716286	438.8322355016666
26335.5004886	0.000321841465150022	438.9250081433333
26340.0553179	0.00011666383316473582	439.00092196500003
26342.0802627	0.0002158822288509348	439.03467104500004
26346.1283093	0.00018080794929280168	439.1021384883333
26349.6711306	0.00018048877058303992	439.16118551
26354.7316926	0.00011950025330687496	439.24552821
26361.8175401	0.00010982753548333598	439.3636256683333
26364.8539851	0.00019820579764895838	439.414233085
26367.8903078	0.00012679576491534658	439.46483846333336
26368.3971415	0.00019205480100960068	439.4732856916667
26385.6035292	0.00015086075295935944	439.76005882000004
26388.133876	0.0002217519571732249	439.80223126666664
26396.2323224	0.00022907889885225195	439.9372053733333
26397.7508705	0.00022908464530794998	439.96251450833336
26403.8237209	0.0002608586334779056	440.06372868166665
26413.4386542	0.00014182537282679376	440.22397757
26414.4517419	0.00016799895559782403	440.240862365
26423.0551988	6.56937205969675e-05	440.3842533133333
26435.7066035	0.0002343348691837232	440.5951100583333
26441.7797324	0.0001529210142898669	440.6963288733333
26454.432469	0.000175843618825419	440.90720781666664
26460.5050671	0.0001633091957393267	441.008417785
26462.5303809	0.00016720404756139523	441.042173015
26466.0732617	0.000242239372791654	441.1012210283333
26478.7251351	0.00015883988318613284	441.31208558500003
26483.7860624	0.00020908763427723764	441.3964343733333
26487.3280748	0.0003546958444635623	441.45546791333334
26497.450964	0.00019416657848695952	441.6241827333333
26499.4744414	0.00019310880559742012	441.65790735666667
26503.0173018	0.00014324953856607745	441.71695502999995
26507.0662174	4.905410479088801e-05	441.78443695666664
26507.5717043	0.00020179820277445656	441.79286173833333
26513.1396486	0.00014195493707873318	441.88566081000005
26515.6692981	0.00017063767243672776	441.92782163500004
26526.804364	0.00014550479410842853	442.11340606666664
26539.4559376	0.00020616288939755554	442.32426562666666
26548.0597752	0.00015560880641525557	442.46766292
26553.1207044	0.00014188110363515374	442.55201174
26554.1336755	5.299765326391347e-05	442.56889459166666
26565.2671893	0.00014704952248434635	442.754453155
26575.894549	0.00023820371514580356	442.9315758166667
26578.9312998	0.00017715545737778253	442.98218833
26579.4376073	5.739143830495897e-05	442.9906267883333
26587.5347586	0.00021570050607423583	443.12557931
26588.0409546	0.00021609764573017113	443.13401591
26597.1500999	0.0001337624059466944	443.28583499833337
26598.6684492	5.109514785147458e-05	443.31114082
26599.1751689	0.0002531300404133428	443.31958614833337
26603.2232728	0.00026214133725995393	443.3870545466667
26606.7667727	0.0001321843812032895	443.44611287833334
26608.7902869	0.00019066053513438458	443.479838115
26609.2967568	9.894190364222608e-05	443.48827928
26615.876405	0.00014140859176302556	443.5979400833333
26627.009653	0.00015840842921051434	443.78349421666667
26634.0952693	0.0002599015115404901	443.9015878216667
26635.613294	0.00024072081693707464	443.92688823333333
26636.6263647	0.0001299473131180648	443.94377274500005
26640.1689987	0.00018983958325385046	444.002816645
26641.6864501	0.00025145099591082973	444.0281075016666
26646.7474938	0.00025909450084825065	444.11245823
26647.7597387	0.00020230493714916474	444.1293289783333
26650.7959841	0.00027672677276365003	444.17993306833336
26663.9551476	0.00014829245454265914	444.39925246
26681.6683338	0.00019362410864129343	444.69447223000003
26686.2223604	0.0001337395862806839	444.7703726733333
26690.2713754	0.00017532372273089956	444.83785625666667
26693.308747	0.00011796839840250353	444.88847911666664
26697.3563931	2.1915182400063114e-05	444.95593988499996
26698.3692492	0.00011265188942798912	444.97282082000004
26705.4542148	0.0001069457421778656	445.09090358
26710.5152044001	0.00023055399515996348	445.17525340666833
26711.5275047	0.00014892680827607548	445.19212507833333
26713.5525912	0.0002337869042804399	445.22587652000004
26716.5885669	0.00022975448764978094	445.27647611500004
26719.6257092001	0.00021832508857796753	445.327095153335
26722.1558264	0.00013610456804681996	445.36926377333333
26736.3266451	0.00011361763196641389	445.60544408500004
26739.3631094001	9.23781370472519e-05	445.65605182333496
26741.3872492	0.0001489633626175323	445.68978748666666
26745.4361921	0.00012222838194170268	445.75726986833337
26745.9419643	0.0001654158903727952	445.765699405
26747.4597948	8.935662729151077e-05	445.79099658
26753.5334118001	0.00013430857081238873	445.8922235300017
26763.6551734001	2.669946072429229e-05	446.06091955666835
26765.6789017001	0.00020330786553124657	446.0946483616683
26766.691091	0.00020781962314317398	446.1115181833333
26778.3316990001	0.00016622249155035667	446.30552831666836
26783.3924770001	0.00019925862968825372	446.38987461666835
26788.4535725001	0.00025320908792322367	446.474226208335
26796.5504803001	0.0001213109179338948	446.6091746716683
26801.6119885	0.00018788827620738798	446.6935331416667
26806.6723546	0.00014810926064150374	446.77787257666665
26819.8306605001	0.0002407059181943001	446.9971776750017
26820.3375458001	2.9128362869493283e-05	447.005625763335
26832.4837225001	5.3347473970433765e-05	447.2080620416683
26833.4963526001	0.0001481342312917305	447.2249392100017
26846.6540408001	0.00022407414969619104	447.44423401333495
26854.7519568001	0.0002452946487061312	447.57919928000166
26859.3058566001	0.00028360845465066697	447.65509761000163
26867.9095352001	0.0002531857494940137	447.798492253335
26885.6240049001	0.00019705461020040906	448.0937334150016
26886.6349153001	7.735405903540785e-05	448.1105819216683
26894.7325145001	0.00023913950225615228	448.24554190833504
26899.7939346001	0.0001440869706812475	448.32989891000165
26915.9884001	0.00017065026733447452	448.5998066683333
26917.0008107	0.00019887043349803434	448.6166801783333
26920.0370069	0.0001489090480023001	448.6672834483333
26927.1223999	0.00023640125034582715	448.7853733316667
26936.2331849	0.0001129919463690109	448.93721974833335
26937.2441814	0.00016464286770155498	448.95406969000004
26941.7992188001	0.0001554750328854625	449.0299869800017
26955.4649066001	0.00027160693590601667	449.257748443335
26960.5244115001	0.00020931400580781443	449.3420735250017
26965.5856432001	0.0001773474798555825	449.4264273866683
26972.6712027001	0.00016608477007800328	449.54452004500166
26975.2017736001	0.00014950026623667542	449.5866962266683
26984.8181028	6.0962469044167306e-05	449.74696838
26990.8904119	0.00018288293763524556	449.84817353166665
26992.4092488	0.00018336681291959613	449.87348748
27014.6769536001	0.0003992080357754919	450.24461589333504
27016.7006953001	0.00021761192768799854	450.27834492166835
27018.7259726001	0.0002577043063826991	450.31209954333497
27022.2683608001	0.0002501189111350532	450.3711393466683
27026.3167191001	0.0001854025339411837	450.43861198500167
27039.4755242001	0.0001335780382654045	450.657925403335
27048.0788853001	0.0001659367919875705	450.80131475500167
27049.5975707001	0.00017084849529484255	450.826626178335
27051.6218676001	0.00011716594135369638	450.8603644600017
27056.1762668001	0.00021851588966962258	450.936271113335
27065.2859132001	0.0001545011871366726	451.088098553335
27073.3841664001	0.00019325049296086308	451.22306944000167
27075.4075159001	0.00019819441445845465	451.2567919316683
27091.6024375001	0.0001185082451205912	451.52670729166834
27102.2301639001	0.00017538656630941668	451.70383606500167
27106.7860607001	0.00021526563453846444	451.77976767833496
27114.3764493001	0.00016325473921745918	451.90627415500165
27122.9807916001	0.00018066002123128514	452.0496798600017
27126.5235929001	0.0001553610481559686	452.10872654833497
27136.1390007001	0.00022579472704129124	452.26898334500163
27139.1753826001	0.00011609803437097191	452.31958971000165
27142.2120499001	9.037046767648677e-05	452.37020083166834
27143.2240202001	0.00027999820248067545	452.387067003335
27150.3094432001	0.00023857961138833752	452.5051573866684
27162.4563207001	0.00012247249890075913	452.7076053450017
27168.5287535001	0.0001280613078593841	452.80881255833503
27173.5902735001	0.00022359869513132352	452.89317122500165
27184.2178110001	0.00017929485260777695	453.0702968500017
27201.4243888001	0.00014270768502361598	453.3570731466683
27207.4983489001	0.00018558456540864257	453.45830581500167
27209.5232180001	0.0001263340482062751	453.492053633335
27213.0657706001	0.00015793130569818835	453.55109617666835
27213.5707751001	0.0002140658153322345	453.559512918335
27214.5835697001	0.00015313450011553048	453.576392828335
27218.1262922001	0.00014488983590628352	453.635438203335
27220.1511111001	0.00012732062770391125	453.66918518500165
27224.7045679001	0.00010655677708571198	453.7450761316683
27226.2232014001	0.00020010015322101938	453.77038669000166
27234.3215178001	0.00021970454060599333	453.9053586300017
27259.1202923001	0.00015472094010859273	454.318671538335
27259.6260206001	0.00012280449967523387	454.32710034333496
27263.1682901001	0.0001317647340673228	454.386138168335
27264.1802147001	0.00011206799941379816	454.403003578335
27269.2411832001	2.3000455409017097e-05	454.487353053335
27270.2529381001	0.00012646253422952453	454.5042156350017
27275.8208004001	0.00022162769712992132	454.59701334000164
27282.9062031001	0.00017205483407338337	454.71510338500167
27287.4605099001	0.00020696971662967408	454.791008498335
27292.5210060001	0.00011453019140438933	454.8753501000017
27293.5332217001	0.0001260942022977938	454.89222036166836
27301.1250305001	0.0001879446905624916	455.018750508335
27303.6549348001	0.00014222922066313163	455.0609155800017
27304.1612252001	0.0001048376596021722	455.069353753335
27306.1868605001	0.00018441263340251691	455.10311434166834
27308.7160598001	0.0002769076802259424	455.145267663335
27314.2831403001	6.921903737224094e-05	455.238052338335
27316.3082282001	0.0001760505429638134	455.27180380333505
27316.8138714001	0.00020453988302123456	455.28023119000164
27323.8995324001	0.00010425832919293079	455.3983255400017
27326.9357652001	0.0002462804200812822	455.4489294200017
27329.4662133001	0.00016481876617562553	455.49110355500164
27334.0214962001	0.0001685127484906652	455.56702493666836
27361.8557422001	0.00013574890719859656	456.03092903666834
27362.3618496001	0.00014839047754308467	456.03936416000164
27370.4595064001	0.00010940008546297275	456.17432510666833
27372.4836413001	0.00022625830470822964	456.20806068833497
27379.0642439001	0.00011631398014510418	456.317737398335
27380.0758763001	0.00013502452370592054	456.334597938335
27386.6547920001	0.0001376319932242711	456.444246533335
27392.7281370001	0.0002567272974624591	456.5454689500017
27399.8130346001	0.0002570428569081148	456.66355057666834
27401.8371876001	0.00011611565598163218	456.6972864600017
27402.8493881001	0.00028310415768846825	456.71415646833503
27406.8990450001	0.00023762450964148182	456.7816507500017
27439.2889591001	0.00015644486889103206	457.32148265166836
27441.3129130001	0.00017540232107202827	457.35521521666834
27443.3372664001	0.0001951129279418817	457.38895444000167
27454.4707337001	0.0002525736083914836	457.574512228335
27463.0747960001	0.00018864480009736506	457.7179132666683
27465.6058464001	0.00013519453663016665	457.7600974400017
27474.2088738001	0.0004079763478136346	457.90348123000166
27481.2940029001	3.331684766352649e-05	458.02156671500165
27484.8363186001	0.0005610859998597284	458.08060531000166
27488.8856255001	0.0002609712543587145	458.148093758335
27499.0067951001	0.0002674877824186737	458.316779918335
27508.1169895001	0.0002195531119322454	458.46861649166834
27509.1296182001	0.000480237476245255	458.4854936366683
27510.1417109001	0.00034997997050904074	458.502361848335
27510.6473411001	0.0008594060369220291	458.510789018335
27515.7085056001	0.000461767051302149	458.5951417600017
27517.2272737001	0.00023974489152580618	458.62045456166834
27520.7696782001	0.00027023049858864763	458.6794946366683
27528.8669976001	0.0003535441434593163	458.8144499600017
27531.3970359001	0.0005387795384623131	458.85661726500166
27534.4332735001	0.00016418816789106485	458.9072212250017
27547.5922497001	0.0002926424662313971	459.1265374950017
27558.7264856001	0.0002072683156368339	459.312108093335
27563.7869877001	0.00029199640410259203	459.3964497950017
27565.8111935001	0.0003031573461789647	459.430186558335
27573.9089096001	0.0005803113496545538	459.565148493335
27575.9327638001	0.00017269914370007916	459.59887939666834
27580.9947620001	0.0003424014491312944	459.683246033335
27592.1286951001	0.0003181964327105933	459.86881158500165
27595.6711301001	0.0003415098338528916	459.92785216833505
27609.8413075001	0.00021382489798584103	460.16402179166835
27615.9149425001	0.00010752202394398012	460.26524904166837
27618.9518072001	0.00014396580377364323	460.315863453335
27621.4810841001	0.00047574239218177563	460.358018068335
27626.0365180001	0.00038465770465745	460.4339419666683
27632.6152711001	0.0002984139019588339	460.54358785166835
27637.1698762001	0.00023748182904186876	460.6194979366683
27641.2188240001	0.00047278224037837355	460.6869804000017
27641.7251860001	0.00036711575217938556	460.69541976666835
27647.7980224001	0.00024656498796210704	460.79663370666833
27650.8349219001	0.00029285391123171816	460.84724869833497
27651.3404084001	0.00026216357667662696	460.855673473335
27651.8467832001	0.0003822473549580875	460.864113053335
27654.3774735001	0.00022470647716420425	460.90629122500167
27655.3900555001	0.00046927342715660824	460.9231675916683
27668.0423239001	0.0002712063813715594	461.13403873166834
27672.5968402001	0.00044406910801253864	461.20994733666834
27674.6214045001	0.0003729819194987447	461.24369007500167
27690.8156920001	0.0004910746936957217	461.5135948666683
27695.8769112001	0.00037915395898296836	461.59794852000164
27698.4079510001	0.00034991897881496035	461.6401325166683
27702.9632877001	0.00032442454819110717	461.71605479500164
27711.5666561001	0.000389262184452068	461.85944426833504
27720.1691891001	0.00033070562600716005	462.002819818335
27743.9566285001	0.0002557459542160711	462.3992771416683
27744.9689600001	0.00032388963241930963	462.416149333335
27747.4983964001	0.0001144458560501946	462.4583066066683
27773.8149347001	0.00020564975976368973	462.89691557833504
27774.3217286001	0.0005249498587295262	462.905362143335
27775.3331639001	0.00034720326872190717	462.922219398335
27776.3461232001	0.00041607080367795567	462.939102053335
27784.9497658001	0.000378131556213748	463.0824960966683
27797.6013911001	0.0004673383926324609	463.293356518335
27814.8091149001	0.0005012693582919848	463.5801519150017
27821.8942948001	0.0002549822060804574	463.6982382466683
27825.4364882001	0.0002645754437314393	463.757274803335
27830.4976273001	0.00018510973730359768	463.84162712166835
27831.5101790001	0.0004032477091755426	463.858502983335
27832.5221314001	0.00023048499851182914	463.87536885666833
27837.0772139001	0.00020097436679616354	463.95128689833496
27841.6321040001	0.0003523057586948188	464.02720173333495
27845.6801616001	0.00019050060710941143	464.09466936000166
27849.2237673001	0.0004865447015108858	464.15372945500167
27853.7778326001	0.0002009088655977327	464.22963054333496
27859.3452636001	0.0002867547705162829	464.32242106000166
27879.0836928001	0.00014808895151269797	464.6513948800017
27895.2775898001	0.0002231344748140322	464.92129316333495
27899.8330160001	0.00016711791531299642	464.997216933335
27901.8565805001	0.0003047148689973397	465.03094300833504
27905.4001031001	0.00022815403127912488	465.090001718335
27915.5209611001	0.0002640254004244651	465.2586826850017
27937.2840895001	0.0002863919012396286	465.62140149166834
27937.7894136001	0.00022571726419797852	465.6298235600017
27942.3438943001	0.00025267249757045674	465.7057315716683
27951.4545672001	0.0005556029653946506	465.8575761200017
27958.5389295001	0.00030676423034198676	465.97564882500166
27983.8446992001	0.0002969918011753472	466.39741165333504
27992.4475920001	0.0002663618797843805	466.54079320000164
28015.2215607001	0.00039654168103104236	466.9203593450017
28018.2585253001	0.00029773506764755323	466.97097542166836
28034.9595706001	0.0002889350691093363	467.2493261766683
28046.5997563001	0.00029565250425103707	467.44332927166835
28049.1302007001	0.0002509678052694703	467.48550334500163
28066.3373959001	0.00015173117853069793	467.77228993166835
28071.9042532001	0.0005151072311437744	467.8650708866683
28080.5085985001	0.00025041542559021637	468.0084766416683
28092.6547886001	0.00014689863716868122	468.210913143335
28098.2212014001	0.0002223497171533069	468.3036866900017
28116.9461988002	4.176003514524558e-05	468.61576998000334
28132.6358070002	0.00029107726524348206	468.87726345000334
28144.2760292002	0.00021548246425352546	469.07126715333663
28151.3614500001	0.00014925808135360299	469.1893575000016
28157.4341181002	0.0002331699919400294	469.2905686350033
28158.9519456001	0.0005940534429092741	469.31586576000166
28185.2693185001	3.912254223495782e-05	469.75448864166833
28188.3052019001	0.00019596033532271498	469.805086698335
28201.9698505001	0.0005141072087275268	470.03283084166833
28225.7569029001	0.00031783048712688127	470.42928171500165
28226.2629812001	0.0003678041024752827	470.437716353335
28233.8539892001	0.00028444549301348597	470.564233153335
28246.5056809001	0.00034887604476675294	470.77509468166835
28247.5183827001	0.000588624825252005	470.7919730450016
28257.1339978001	0.0004988541278047221	470.95223329666834
28264.7253391001	0.00032323544449447704	471.0787556516683
28265.7379838001	0.00017497993943002096	471.095633063335
28269.2803932001	0.00019106058844639437	471.15467322000165
28278.3896089001	0.00033444954574917736	471.3064934816683
28282.4384292001	0.0003897679200841361	471.3739738200017
28286.4880010001	0.00021475238164819131	471.441466683335
28291.0416550001	0.0006749638724766799	471.51736091666834
28292.0550182001	0.00035007306329699444	471.534250303335
28297.6214439001	0.00044753262934859017	471.6270240650017
28313.8165465001	0.0005584822233836392	471.89694244166833
28332.5416448001	0.0004886151527778571	472.20902741333504
28333.0481319001	0.00017006589197277576	472.2174688650017
28340.1332820001	0.0004420321483984109	472.3355547000017
28347.7245062002	0.0003469612756386298	472.46207510333664
28348.2308191001	0.0006069870707274326	472.47051365166834
28348.7365486002	5.273451919595093e-05	472.47894247667006
28351.7727419001	0.0007321529173214608	472.52954569833497
28354.3044105001	0.0006820085675147817	472.57174017500165
28365.4379548001	0.0004963056853762557	472.75729924666837
28369.4863049001	0.0004012757953275359	472.82477174833497
28372.5225057001	0.0001939998614286704	472.8753750950017
28393.2735034001	0.00036217358820635236	473.22122505666835
28403.3942890001	0.0003672214546895747	473.3899048166684
28421.6140888001	0.0004852870288626627	473.6935681466683
28425.6632638001	0.0003529026240830834	473.7610543966683
28463.1141640001	0.000439793174360795	474.38523606666837
28467.1624042001	8.760172750606642e-05	474.4527067366683
28473.7420986001	0.00028150003003452203	474.5623683100017
28478.2960136001	0.00040676538733160886	474.63826689333496
28491.9603410001	0.0001700934634255064	474.866005683335
28493.4794881001	0.000383456159642654	474.8913248016683
28503.0945671001	0.00032966584335258935	475.051576118335
28512.2046931001	0.00012105710185393093	475.2034115516683
28518.7843060001	0.00024399250877054154	475.3130717666683
28520.3023166001	0.0003033219476321334	475.338371943335
28533.4601508002	0.0001599899960278346	475.55766918000336
28543.0759771002	0.0003454315735722318	475.71793295167004
28554.2103882002	0.00026472034186741293	475.9035064700034
28555.2223773002	0.00034082808755956696	475.92037295500336
28561.8012596002	0.00033493723379827457	476.0300209933367
28564.3315522002	0.000119357715072071	476.07219253667
28588.6260726002	0.00024296367572768823	476.47710121000335
28606.8448399002	0.0002768069657437257	476.78074733167
28624.0516301002	0.00046721680228425217	477.06752716833665
28631.1375952002	0.00029193351214260954	477.18562658667
28646.3199322002	0.00021466189531817528	477.43866553667
28646.8268769002	0.0001995327335902726	477.44711461500333
28676.6857716002	0.00023505403571752914	477.9447628600034
28677.6977322002	0.00024572493422975736	477.9616288700033
28688.3257979001	0.00011387188937978569	478.138763298335
28713.1247306001	0.00039583070945552445	478.552078843335
28733.8743769001	0.00031124243428965213	478.8979062816683
28738.9349187002	0.00034767224794512937	478.9822486450033
28739.4415906001	0.00033017996806927865	478.99069317666834
28748.0455011001	0.0002731227686845237	479.13409168500164
28757.1541360001	0.0002811916276308713	479.2859022666683
28757.6602659001	0.00022746104729565061	479.29433776500167
28770.3126020001	0.00030994922171602126	479.505210033335
28780.4351217001	8.239975852533923e-05	479.67391869500165
28780.9412081001	0.0003256522540340788	479.682353468335
28802.1976034001	0.00042917419427480164	480.036626723335
28803.2089551001	0.0001788728260071916	480.0534825850017
28807.2577705001	0.00030403359613115154	480.1209628416683
28820.4165463001	0.0002629402596792129	480.34027577166836
28851.2876962001	0.00012115803440297162	480.8547949366683
28863.9399016001	0.00017246685085675444	481.06566502666834
28864.4456650001	0.0001584980201590102	481.07409441666834
28868.4949140001	0.0003265587201084339	481.14158190000165
28870.0131226001	0.0002487098604210117	481.16688537666835
28870.5198069001	0.00020638334298800866	481.1753301150017
28902.9092073001	0.0002049085679494447	481.7151534550017
28912.0187219001	0.00025811845673219227	481.866978698335
28933.7807808001	0.00027668396585503463	482.2296796800017
28941.8779368001	0.00032131511637432757	482.3646322800017
28946.4332221001	0.0002021703928241783	482.4405537016683
28986.4145158002	0.0001233239635471374	483.10690859667
29000.0791653001	0.00028503099223973837	483.3346527550017
29009.6952797001	0.00028146661699115957	483.494921328335
29020.8292119002	0.00020531079331303402	483.68048686500333
29023.8658457002	0.0003903709411147274	483.7310974283366
29028.4201302002	0.0003363256802413189	483.80700217000333
29032.9755339002	0.0001871822430470854	483.88292556500335
29040.5668756002	0.00028472718138502346	484.00944792667
29054.2314878002	0.0002997189010491546	484.23719146333667
29061.3167528002	0.00037071093959294203	484.3552792133367
29063.8473969002	0.0004033396800355104	484.39745661500336
29081.5604845002	0.0001829620812786941	484.69267474167003
29114.4561686002	0.00021210111335350304	485.2409361433367
29115.9748288002	0.00018041865028412644	485.26624714667
29136.7244036002	0.00024538494956876294	485.6120733933367
29145.3276606002	0.00023229873481846498	485.75546101000333
29179.2364180002	0.00024188598042549112	486.32060696667
29205.0466636002	7.966111880547454e-05	486.75077772667
29210.1077585002	0.00015993568300747628	486.83512930833666
29211.6255514002	0.0002981769830196055	486.86042585667
29224.2779325002	0.00013550523546130102	487.0712988750034
29226.3024468002	0.0004459798860937497	487.1050407800033
29251.6074631002	0.0003259726335787466	487.52679105167005
29355.3555297002	3.25986089811341e-05	489.2559254950033
29355.8628689002	0.0003142150063178701	489.26438114833667
29391.2884525002	0.00014534560263485848	489.85480754167
29394.8315115002	0.0003891217970778713	489.9138585250033
29395.3369881002	0.00029556874246868106	489.92228313500334
29442.9100897002	0.000334931064700324	490.71516816166996
29494.5317300002	0.0004982718340521442	491.57552883333665
29495.5443131002	0.0002723453418065926	491.59240521833664
29511.7395749002	0.0004019544251300404	491.8623262483367
29514.2701606002	0.00031033060837552557	491.90450267667
29586.6402503002	0.0002873428174366067	493.11067083833666
29592.2075891002	0.00018984992658917197	493.2034598183366
29633.2007010002	0.00020234601017296447	493.88667835000336
29642.3105483002	0.00026708266254613875	494.0385091383367
29660.0235116002	0.0002848617151495665	494.33372519333665
29742.0105758002	0.0003444653273690054	495.70017626333663
29751.6268249002	0.0003105678613896332	495.86044708167
29755.1702716002	2.866632776696951e-05	495.91950452667
29758.2068221002	0.00034964415019804896	495.97011370167
29774.4010279002	0.00016316307661412907	496.24001713167
29808.8155924002	0.00026328495507332443	496.81359320666996
29832.6012468002	0.00018654508473760328	497.21002078000333
29834.6263107002	0.0002027769773423409	497.2437718450034
29835.6387888002	0.00028360520869486974	497.26064648000335
29843.2292293002	0.0002285881214511329	497.38715382167
29844.2415126002	0.0003238253496590593	497.40402521000334
29854.8702148002	0.00021846842861967186	497.58117024667
29855.8820430002	0.00028605146444635	497.5980340500034
29872.5831166002	0.00023280125800528853	497.87638527666996
29912.5646936002	0.00016272720118550767	498.5427448933367
29933.8209314002	0.00021748402057342346	498.8970155233367
29976.3316785002	0.00040556701902309507	499.6055279750033
30002.1433109002	0.00039926562425350977	500.03572184833666
30020.8675767002	0.00030172496806209117	500.34779294500333
30046.1729301002	0.0002520144864878957	500.7695488350034
30051.7405841002	0.00021240973745599917	500.86234306833666
30062.8739884002	0.0002530287100334609	501.04789980667
30086.6604024002	0.00015807378028910658	501.44434004000334
30191.4214847002	0.00010065767844289089	503.19035807833666
30195.4705632002	0.00029229104084550246	503.25784272000334
30206.6041604002	0.00023739981450976593	503.44340267333666
30235.4519470002	0.0001541810327705389	503.92419911667
30298.7130921002	0.00025225871596740504	504.9785515350033
30555.3012459002	0.0003041629772824052	509.2550207650033
31388.3300567002	0.00043786245280815785	523.1388342783367
31462.2190310002	0.0003743542389378322	524.3703171833366
31658.5829621002	0.0002745576571079927	527.6430493683367
32083.1948800002	0.0033605311411491244	534.71991466667
32169.7369571002	0.0003383713061132416	536.1622826183367
32552.8487358002	0.0003370862266567788	542.5474789300033
32586.2513004002	0.0004266737462903088	543.1041883400034
34465.3752245004	0.0004505180958101817	574.42292040834
36031.7330993003	0.00047940681396884923	600.5288849883383
36745.3221776004	0.0004717970224365695	612.4220362933399
36783.2793782004	0.0005656819610307982	613.05465630334
37026.2035042004	0.0005384063173007897	617.1033917366733
37857.7143612004	0.000537505972288581	630.9619060200067
38305.6059985002	0.0006095908967759415	638.42676664167
38992.3741635001	0.0007645259938837921	649.8729027250016
43544.1699045999	0.0006988120195667365	725.736165076665
43776.4660214999	0.0006378907080586859	729.6077670249983
44072.5305744	0.0005847573257098304	734.54217624
44463.7406436	0.000654688295628137	741.06234406
45148.9903883999	0.0005417118093174431	752.4831731399984
45294.2395348999	0.0007606490872210953	754.9039922483316
45621.6813966999	0.0006419858763107211	760.3613566116651
45690.0032437999	0.0006185652036454109	761.5000540633317
46310.9795445001	0.0006381168462847419	771.8496590750017
48293.8504685001	0.0005677158897369583	804.897507808335
48392.5384856001	0.000553063356480059	806.5423080933349
