retention_time	intensity	retention_time_min
146.8727213	0.00018351046952954432	2.447878688333333
302.2437656	0.0001800511471927176	5.037396093333333
321.9815909	0.0001746103953338087	5.3663598483333335
336.1518559	6.946851000426392e-05	5.602530931666666
362.9743232	0.00013090520952385747	6.049572053333334
435.345884	0.00013446612369551208	7.255764733333334
471.7842352	0.00014189540005519178	7.863070586666667
505.6927964	0.0001171133008057308	8.428213273333334
538.5892193	0.00013518106704937737	8.976486988333333
548.2049559	0.00016797600025543458	9.136749264999999
590.2103657	0.00013922380183699015	9.836839428333333
666.6297533	0.00011929885364251184	11.110495888333332
751.148033	0.00012221401103931775	12.519133883333334
928.2802456	0.00017002778919792763	15.471337426666667
932.3283889	0.00019395353380520866	15.538806481666667
959.1512278	0.00013839696507952966	15.985853796666667
1086.1810804	0.00019625932935613265	18.103018006666666
1091.7474162	7.4885888170407e-05	18.19579027
1115.5346115	0.00018342453608877747	18.592243525
1180.8201674	0.00013098330846614468	19.680336123333333
1198.0276924	0.00013860439517365757	19.967128206666665
1212.1979606	0.0001409411631362684	20.203299343333335
1307.8510645	0.00034078738878979414	21.797517741666663
1320.5033478	0.00015277837417593468	22.00838913
1346.313127	0.0002494664664100238	22.438552116666663
1355.9294298	0.0002529105442966599	22.59882383
1447.0263255	0.00018336679195673304	24.117105425
1495.6107113	0.0002049101177807645	24.926845188333335
1522.9400101	0.0001996216459082816	25.38233350166667
1552.7994127	0.00028875174319954505	25.879990211666666
1555.3305054	0.00025276790890726026	25.92217509
1587.719226	8.84339599605347e-05	26.461987099999998
1596.8294434	8.29767603148163e-05	26.613824056666665
1598.3471529	0.00024164833755806956	26.639119215
1603.4082138	0.0001570477270847034	26.72347023
1731.4499603	9.565258979386866e-05	28.857499338333334
1744.1028507	0.00012461631293123802	29.068380845
1749.1632877	7.638134613363232e-05	29.152721461666665
1772.9495166	0.00023818165320751294	29.54915861
1785.6019949	0.00026879532501321746	29.760033248333333
1790.1709125	0.00032561378516485787	29.836181875
1799.2809209	4.026121476137178e-05	29.98801534833333
1809.4022754	0.00013147313913336244	30.15670459
1816.9940336	0.0002672561760278532	30.283233893333332
1878.73792	0.00010908892565589717	31.312298666666667
1919.73003829999	0.0002874247220965938	31.995500638333166
1928.8397625	0.00030048352917248935	32.147329375
1968.82104249999	0.00045919567510919985	32.8136840416665
1992.1013521	0.0002392891374762883	33.20168920166667
2007.2846337	0.0002037760589710195	33.454743895
2026.5165981	0.00018690592379898136	33.775276635
2150.0030018	0.0002541323646505712	35.83338336333334
2158.1003685	0.00018598129678051856	35.968339475
2173.2835732	0.0002947902728422158	36.22139288666666
2179.8625221	0.0001628763971740945	36.331042035
2193.5271501	0.0002218805322156327	36.558785835
2198.0816333	0.00024100603973973683	36.63469388833333
2218.3252336	0.00021758247105562256	36.972087226666666
2263.8733554	0.0001659495056987307	37.73122259
2325.6166319	0.00018238710136722524	38.760277198333334
2358.006573	0.00015933328299510738	39.30010955
2422.2803203	0.00027450088607271314	40.37133867166666
2472.8896389	7.212295825599095e-05	41.214827315
2483.5179645	0.00017767426150836654	41.391966075
2492.6280072	0.0002451030921931229	41.54380012
2546.7793787	0.0003703598974027219	42.446322978333335
2620.1629314	0.00014926706202046428	43.66938219
2644.4550339	0.0002982179387844971	44.07425056500001
2650.0226573	0.0002773426854479738	44.16704428833334
2660.6500846	3.685304479856126e-05	44.34416807666666
2744.1552444	0.0002236093681242564	45.73592074
2766.9303451	0.00020739428811731198	46.11550575166667
2776.545675	0.00029921411709377886	46.275761249999995
2790.7157914	3.220093382708099e-05	46.51192985666667
2796.2835848	0.00017281109909900104	46.60472641333333
2804.8862394	0.00023705077058054264	46.74810399
2825.1299175	0.00022517151007475961	47.085498625
2847.9045211	0.00019551005181016372	47.46507535166666
2853.4717548	0.00022781567864443514	47.55786258
2854.9900163	0.00034400729323950886	47.583166938333335
2893.4527784	3.252880913981468e-05	48.22421297333334
2978.9830989	9.353753368049253e-05	49.649718315
2999.7327315	0.0001464360970744489	49.995545525000004
3004.2879765	0.0002316144731973927	50.071466275
3022.0002795	0.00024071916926984618	50.366671325
3031.6162354	0.0001703589964449507	50.52693725666666
3052.3667564	0.00020407717529888093	50.872779273333336
3095.38426410001	0.00023937523704886912	51.58973773500017
3129.7982456	0.00036357696502811135	52.16330409333333
3180.407971	0.0003784138546772544	53.00679951666667
3189.5173772	0.00014651928348388988	53.15862295333333
3191.0351432	0.0003111286984228791	53.183919053333334
3274.0354615	4.342513116560869e-05	54.56725769166667
3300.85822570001	0.000250463650939113	55.01430376166683
3315.02864150001	0.0003721897862440906	55.2504773583335
3316.04086000001	0.00035429437061012305	55.267347666666836
3322.11330670001	0.00023943330381123365	55.368555111666836
3376.7722319	0.00038998232892572057	56.27953719833333
3433.9597338	0.0001528484570578563	57.232662229999995
3473.4349839	0.0002464333411061412	57.890583065
3540.2396365	0.00024032384418275847	59.003993941666664
3579.2093118	0.00014609525737250536	59.65348853
3634.3733848	0.0003076067943990823	60.57288974666667
3654.1101808	0.0002022271508183569	60.90183634666666
3672.8356079	0.000299051645200684	61.21392679833333
3681.9453413	0.0003657611687145109	61.36575568833334
3685.4886501	0.0002804799817826863	61.424810835
3762.4139668	0.00023120393648337953	62.70689944666666
3790.2492282	0.00026613590271337993	63.170820469999995
3807.4563076	0.00048741630813061793	63.457605126666664
3809.4808407	0.00036890223142753957	63.491347345
3810.9998681	0.0003010981981021431	63.51666446833334
3837.3162545	0.0004184524451680185	63.95527090833333
3866.163424	0.00047960237965211967	64.43605706666666
3868.6943347	0.00045564328805817317	64.47823891166666
3888.4311534	0.00011188502894816383	64.80718589
3891.467722	0.00022262995645085443	64.85779536666666
3902.096441	0.00017060280386437223	65.03494068333333
3974.9739615	0.0002088242328599743	66.249566025
4048.8627942	0.00019351627522577603	67.48104657
4070.6251938	0.0002842576291079812	67.84375323
4085.3021442	0.0003444605330793085	68.08836907
4097.9542259	0.00043473545069191717	68.29923709833334
4156.6603595	0.00037636072703662476	69.27767265833333
4171.8439183	0.00027418567716102287	69.53073197166667
4174.3746593	0.00030314249003680395	69.57291098833333
4176.3982373	0.00036352233719888	69.60663728833333
4188.0383259	4.0595091566288535e-05	69.800638765
4217.89818930001	0.0002446563473404065	70.29830315500017
4218.4037376	0.0002912416602783199	70.30672896
4220.9348819	0.00032755559224334306	70.34891469833333
4296.34253380001	0.0002179192648506728	71.60570889666683
4311.52486480001	0.00037089128688141243	71.85874774666682
4363.14707430001	0.00010176626704493456	72.71911790500016
4366.18374000001	0.0002446578021286952	72.76972900000017
4414.76811280001	0.00027471950204950086	73.57946854666685
4424.38358520001	0.0002919796397612176	73.73972642000017
4565.58351530001	0.00011185038091732337	76.09305858833349
4571.15080740001	0.00033961693183649707	76.18584679000017
4574.69306650001	0.00024174723463691992	76.24488444166683
4583.80347320001	4.798686381415298e-05	76.3967245533335
4593.92468080001	0.00024206715469820235	76.56541134666683
4610.6269227	0.00024352711050282675	76.843782045
4627.3271962	0.0004395779414692415	77.12211993666666
4639.47338	0.00033505622297317933	77.32455633333333
4663.76649160001	0.0002729219113944898	77.72944152666683
4745.24656850001	0.00034700929865848587	79.08744280833349
4813.56980330001	0.0002910391219117181	80.2261633883335
4824.70284870001	0.00032939346342559145	80.41171414500016
4849.50140340001	0.00025579670407230065	80.82502339000015
4889.9898015	0.00030203763072696215	81.499830025
4897.5806648	0.0002847954174805278	81.62634441333333
4958.31208630001	0.0002895510320035839	82.63853477166684
4968.94052000001	0.0002467616872938584	82.8156753333335
4993.23263990001	0.00025440402144050244	83.22054399833351
5027.64659270001	0.000301456496568556	83.7941098783335
5045.86528580001	0.00020520995593136004	84.0977547633335
5046.37133020001	0.00018900771874169037	84.10618883666683
5049.91433820001	0.00034478332522905135	84.16523897000017
5052.95076770001	0.0002808346611618507	84.2158461283335
5115.70706140001	0.0001277199243969003	85.26178435666684
5155.68824310001	0.000298736204441624	85.92813738500017
5168.33993550001	0.00019734191178899112	86.13899892500017
5212.37000950001	0.0003498888795116325	86.87283349166684
5258.42537340002	0.0002583617710699407	87.64042289000034
5301.44273290002	0.00011498434839914328	88.357378881667
5320.16812750002	0.0005654569745107833	88.669468791667
5418.35072830002	0.00023149522680938477	90.305845471667
5466.42869950002	0.00025805305903865526	91.107144991667
5477.56351350001	0.00028528371372705575	91.29272522500017
5522.09969170001	4.832575424420937e-05	92.03499486166683
5564.61089280001	0.0001743920549137209	92.74351488000018
5640.52465500001	7.115776530461216e-05	94.00874425000016
5654.18920270001	0.00024231834366345774	94.23648671166684
5734.15282020001	0.00042484272470748	95.56921367000017
5756.42002380001	0.00047376476971792774	95.94033373000018
5760.97489320001	0.0003797332591259178	96.01624822000016
5764.51826340001	0.00011799499853457825	96.07530439000017
5933.55310680002	0.00030949146076076505	98.89255178000033
5938.10709920002	0.00030162399135145464	98.96845165333366
5966.95467600002	0.00031621208233233183	99.44924460000034
6000.35650550002	0.00022485354405322604	100.00594175833366
6031.22864540002	0.0002703336440393854	100.52047742333366
6061.08805920001	0.0003983239154459861	101.01813432000017
6074.24598450002	0.00047829509985848384	101.23743307500034
6080.31911660002	0.00028297737021565117	101.33865194333366
6146.11120290001	0.0002453543712865284	102.43518671500016
6187.61065900001	0.00039320923968216197	103.12684431666683
6226.58061550001	0.0004042346204494936	103.77634359166683
6238.22045870001	0.000518100540181947	103.9703409783335
6274.65938940001	0.0001613510945733751	104.57765649000017
6475.5779328	0.0005580023926154251	107.92629888
6482.6635796	0.0003986720165879215	108.04439299333333
6502.4008422	0.00040973733571900666	108.37334736999999
6560.0949677	0.0003450114763608586	109.33491612833333
6692.18546370001	0.00037313697675904174	111.53642439500017
6707.87464790001	0.00015422810336487665	111.7979107983335
6721.03271680001	0.0004395887909819798	112.01721194666683
6779.23384720001	0.0002496378323725329	112.98723078666684
6801.50215640001	0.00012622670693361417	113.3583692733335
6878.93393420002	0.00031968967648260096	114.64889890333367
6944.72550990002	0.0001542018502219405	115.74542516500034
7053.53539940002	0.0002360712790939811	117.55892332333366
7115.27920530001	0.0002504211234116889	118.58798675500017
7121.35198850001	0.0003551722090391877	118.6891998083335
7130.96771850001	0.0001582866824703587	118.84946197500017
7148.68089160001	0.0003145148608271741	119.14468152666683
7172.46724460001	0.0003150737200897346	119.54112074333351
7172.97450930001	0.00022413516816945455	119.54957515500017
7175.50381330001	0.0002716301690574433	119.59173022166684
7200.80982470001	0.00046169275111805066	120.0134970783335
7234.21116820001	0.00017352697815464638	120.57018613666683
7245.85140740001	0.0006188055727162812	120.7641901233335
7421.97203010001	0.00039962437198510337	123.69953383500017
7440.19207820001	0.00045376472770448494	124.0032013033335
7526.22750830001	0.0004199506024206644	125.43712513833351
7566.20951650001	0.00042278690668177656	126.10349194166683
7609.73302130001	0.00028764111780860515	126.82888368833349
7625.42232990001	0.0003136223273923405	127.09037216500016
7663.3789173	0.0002583438203962446	127.722981955
7809.63972910001	0.000233168657968643	130.16066215166683
7862.2734984	0.00021701095957262338	131.03789164
7938.69351360001	0.0005330862878485629	132.31155856000018
7987.78408300001	0.0003453120906860994	133.12973471666683
7994.36392990001	0.00038217029421699477	133.23939883166682
8032.3198777	0.0003027157478178803	133.87199796166666
8058.1318956	0.00037959472074516095	134.30219825999998
8071.28952700001	0.00021277638766188997	134.52149211666682
8215.01977970001	0.00019415032658471137	136.91699632833348
8372.92075520001	0.0003714886499113172	139.5486792533335
8387.59795010001	0.00029534737472348857	139.79329916833348
8468.57282130001	0.0003496655889438316	141.14288035500016
8538.91942220001	0.000397307381517563	142.3153237033335
8720.60703610001	0.0003403131870123963	145.34345060166683
8781.84357070001	0.0002704566366650739	146.36405951166682
8832.4536803	0.0003346868463147533	147.2075613383333
8874.4589126	0.0002320844320244404	147.90764854333332
8883.0619071	0.00024585459894359133	148.051031785
8903.8128771	0.0003243834856615071	148.39688128499998
8992.88497789999	8.619921580444512e-05	149.88141629833316
9049.0607925	0.00021599809528952336	150.817679875
9090.5599419	0.0002410297789521438	151.50933236499998
9146.2311613	0.0002831163599985473	152.43718602166666
9206.96228169999	0.0003413132585846664	153.44937136166652
9271.23503989999	0.0002818503621559228	154.52058399833317
9407.37479039999	0.00038180632329389886	156.78957983999985
9439.76470839999	0.0002635080076360038	157.32941180666649
9503.02560179999	0.0001730316300274765	158.38376002999985
9530.86156959999	0.0003263011874739697	158.8476928266665
9551.61129089999	0.0003160538998184226	159.19352151499982
9578.94028129999	0.00021885012496839523	159.64900468833318
9686.7373466	4.2692714915126885e-05	161.44562244333335
9689.2681175	0.0003189777514997099	161.48780195833334
9751.01184710001	0.00023385969926816163	162.5168641183335
9821.3583617	0.0001998521557025768	163.68930602833333
9976.2230168	0.0003299784195711559	166.27038361333334
10031.3877151	0.00020680624091729346	167.18979525166665
10120.965898	0.0003455246460107714	168.68276496666667
10177.6476152	0.0002828237767324961	169.62746025333334
10231.2937358	4.562172141399963e-05	170.52156226333332
10286.9645438	0.0002549281674991214	171.44940906333335
10402.3535191	0.0001883587955671695	173.37255865166665
10496.9930271	0.00012469747755351786	174.949883785
10530.9006783	9.602113853305152e-05	175.515011305
10592.6445967	0.00016556691724475155	176.54407661166667
10613.8999544	0.00012985780062250372	176.89833257333333
10646.2902999	0.00014950110266004666	177.438171665
10695.3815233	8.785808104382185e-05	178.2563587216667
10820.3870702	6.37499114584563e-05	180.33978450333333
10834.0501823	0.00014483272859316834	180.5675030383333
10923.6294253	6.629591077253873e-05	182.06049042166666
10924.641808	8.830541900921319e-05	182.07736346666667
10963.1039586	9.718562614966907e-05	182.71839931000002
10996.5065972	0.00010712576113979236	183.27510995333333
11052.177536	0.00013601057035003315	184.20295893333332
11103.2921715	1.6536496875428916e-05	185.054869525
11226.2728822	0.00016051097655808637	187.10454803666667
11257.6502607	6.22090787741998e-05	187.627504345
11263.2174142	0.0001228245564815144	187.72029023666667
11388.2228513	0.00015845848336947744	189.80371418833332
11424.6609795	0.0002307597603965974	190.41101632500002
11574.4644816	9.064371781011051e-05	192.90774136
11578.0067942	0.0001644946688773223	192.96677990333333
11584.585989	0.0001393459244016307	193.07643314999999
11594.2032664	0.00012327533920119968	193.23672110666666
11766.2744925	9.86331490376953e-05	196.104574875
11796.6388942	8.862257645841314e-05	196.61064823666666
11811.8225043	6.873272399528472e-05	196.863708405
11818.9078219	0.00011844977902036852	196.98179703166667
11870.0232364	0.00013742260767687635	197.83372060666667
12278.4396071001	5.432884657723522e-05	204.64066011833498
12290.0804108	5.186086202181928e-05	204.8346735133333
12486.4436844001	9.09249229543576e-05	208.10739474000167
12490.4927742001	0.0001328845636328588	208.17487957000168
12514.2785055001	2.9698713734337822e-05	208.57130842500166
12570.9608465001	9.034051922854932e-05	209.516014108335
12592.2174925001	1.3927954867855047e-05	209.87029154166834
12635.7409797001	0.0001123027274039272	210.59568299500168
12678.7590919001	7.22334585379948e-05	211.31265153166834
12790.0996729001	7.421772071778338e-05	213.16832788166832
12795.1606659001	1.1468842137810525e-05	213.2526777650017
12858.9282554001	6.599906368110348e-05	214.315470923335
12911.5617024001	6.945725039383149e-05	215.19269504000167
12973.8109162001	7.596447045669708e-05	216.23018193666834
12983.9334532001	7.862524351985146e-05	216.3988908866683
13023.4081376001	6.552444038953713e-05	217.05680229333498
13040.6157686001	9.283522028304945e-05	217.34359614333502
13049.2194319001	0.00011042850515866874	217.4869905316683
13170.6811467	8.769799806183017e-05	219.511352445
13231.4132473	5.394205793100396e-05	220.52355412166668
13353.3808781	7.70408756874719e-05	222.55634796833334
13418.6668529	0.00011107184094140589	223.64444754833332
13484.4589729	8.566322210729318e-05	224.74098288166667
13542.6605039	0.00011418786446168116	225.71100839833335
13584.159997	9.161621786695887e-05	226.40266661666666
13614.5245933	5.856303376804474e-05	226.90874322166667
13617.5612265	8.626504436364141e-05	226.959353775
13662.0975033	9.393869323119269e-05	227.701625055
13744.5916043	6.736763555145591e-05	229.07652673833334
13753.1939564	5.6598267814652734e-05	229.21989927333334
13756.7367689	0.00010801668800738441	229.27894614833335
13895.912714	2.7306711507805475e-05	231.59854523333334
13922.229936	3.910815427492583e-05	232.0371656
13960.1863867	7.427662751837516e-05	232.66977311166664
14019.3990824	9.78111166649286e-05	233.65665137333332
14085.6973026	7.161575371196144e-05	234.76162171
14140.3552204	5.917424128641474e-05	235.67258700666667
14150.9832006	5.484373286133348e-05	235.84972001
14164.1420153	8.400201025500404e-05	236.06903358833333
14226.898114	7.32121299052127e-05	237.11496856666665
14245.6228087	2.8689664363318505e-05	237.42704681166666
14312.9337814	4.8858875190126085e-05	238.54889635666666
14314.4518709	0.00010255103394178702	238.57419784833334
14317.4883304	8.567735581953592e-05	238.62480550666666
14368.6041	7.070974725302419e-05	239.47673500000002
14452.6151666	8.200846623845337e-05	240.87691944333335
14475.8953336	9.014750597136596e-05	241.26492222666667
14478.4253735	0.000120209188370968	241.30708955833333
14479.4376771	7.658927088754781e-05	241.32396128500002
14539.6629851	4.809153455128863e-05	242.32771641833332
14577.6193491	8.86221019851613e-05	242.96032248499998
14601.9121516	9.627005081449993e-05	243.36520252666665
14619.6254676	0.00010849011287189496	243.66042446
14687.4419608	8.70257545888105e-05	244.79069934666668
14760.8256063	2.8100045034019542e-05	246.01376010500002
14762.34404	9.320430658869489e-05	246.03906733333332
14778.5397256	4.080529637348703e-05	246.30899542666666
14783.0944342	5.199920782068086e-05	246.38490723666666
14902.0252134	9.024195103624332e-05	248.36708689
14905.0619859	8.778126580585292e-05	248.417699765
15021.9691638	4.016156704557309e-05	250.36615273
15135.8405844	8.40249496152116e-05	252.26400974
15169.242582	7.242791918347421e-05	252.8207097
15224.4067283	0.00011362593361006034	253.74011213833333
15243.6383033	6.119902380328803e-05	254.06063838833333
15249.7118505	4.608908508045106e-05	254.161864175
15269.4485701	7.618663730195125e-05	254.49080950166666
15317.0213713	0.0001138597852402798	255.28368952166664
15358.5210055	6.748036539045736e-05	255.97535009166668
15376.7402811	7.605526682722778e-05	256.27900468499996
15404.576335	4.5135373882093505e-05	256.7429389166667
15418.7466206	7.035763272340464e-05	256.97911034333333
15421.7829014	9.247673268050875e-05	257.0297150233333
15455.6916352	3.069247213587486e-05	257.5948605866667
15465.3075032	3.891592570190448e-05	257.7551250533333
15576.6486738	6.413215109923478e-05	259.61081123
15581.2035411	1.3407054255667163e-05	259.686725685
15611.5692237999	6.201889574135288e-05	260.192820396665
15662.1778192999	0.00010064369638900764	261.0362969883317
15696.0860928999	8.799632137117398e-05	261.601434881665
15719.8727465999	6.424719838030186e-05	261.99787910999834
15731.5129085999	0.00011770105716291732	262.19188180999834
15734.5499657999	8.500760962374922e-05	262.24249942999836
15839.3110752	7.59354881725847e-05	263.98851792
15888.4023152	0.00011909741243078056	264.80670525333335
15903.0788469	6.75511425258985e-05	265.051314115
15967.3529465	7.950558492464446e-05	266.1225491083333
15970.3899945	0.00014567629601243225	266.173166575
15974.9446246	6.38245189110419e-05	266.24907707666665
16004.8036046	5.515937687728556e-05	266.74672674333334
16015.4324737	8.120063303350651e-05	266.92387456166665
16101.4676437	7.116566118213557e-05	268.35779406166665
16221.9178898	4.890563692455147e-05	270.3652981633333
16267.9721214	9.036425879298969e-05	271.13286869
16330.2222564	8.841821370771116e-05	272.17037094
16336.800931	6.80310061315004e-05	272.28001551666665
16409.6782666	8.316350351569191e-05	273.49463777666665
16463.8305676	5.190256913184227e-05	274.3971761266667
16504.8238207	6.774187304896494e-05	275.08039701166666
16548.3479685	2.92039677551974e-05	275.80579947499996
16555.4328866	6.892085603283497e-05	275.9238814433333
16626.7921477	4.288850073076257e-05	277.1132024616667
16648.5545226	7.560080745350205e-05	277.47590871
16653.6159075999	6.477315388106619e-05	277.560265126665
16690.5598951	4.641966665793059e-05	278.17599825166667
16728.010453	0.0001028983336901088	278.8001742166667
16785.1987927999	7.043749932271636e-05	279.75331321333164
16799.8765358999	4.497410859114432e-05	279.99794226499836
16805.9497228999	5.31269645908781e-05	280.09916204833166
16906.1556254	7.56354158135305e-05	281.7692604233333
16913.7467209	6.214126321791974e-05	281.8957786816666
16958.7894632	7.518932471755619e-05	282.6464910533333
16959.295694	5.921678372841674e-05	282.65492823333335
16978.0202114	0.00012516036862046345	282.9670035233333
17035.2089182	9.646718245054592e-05	283.9201486366667
17049.885394	8.095084009354616e-05	284.16475656666665
17107.0740335	7.880197338732713e-05	285.11790055833336
17113.1478396	0.00011163291215599209	285.21913065999996
17128.836042	8.820910317944812e-05	285.48060069999997
17143.5126744	8.365572282347052e-05	285.72521124
17169.8296435	9.022437469374505e-05	286.1638273916667
17175.9028171	6.030003890893022e-05	286.26504695166665
17180.4580625	9.120509082827575e-05	286.3409677083334
17235.1159257	5.6838537602608664e-05	287.251932095
17251.8169961	8.019954920128747e-05	287.53028326833333
17284.2067818	0.00011485736692263346	288.07011303
17291.7975456	0.00011242866766928497	288.19662575999996
17403.1390017	0.00010744184489977085	290.052316695
17442.6143335	0.00010231794182378005	290.7102388916667
17458.3035811	5.329706802780971e-05	290.9717263516667
17463.8692287	6.598080701961443e-05	291.06448714500004
17523.0828662	8.82278277479513e-05	292.0513811033333
17593.4297783	6.432331435722631e-05	293.2238296383333
17682.5021811	3.701714452540878e-05	294.70836968500004
17769.5501116	6.997984672796871e-05	296.1591685266667
17770.0569471	9.033872208549893e-05	296.167615785
17814.5918188	0.00012037053189819095	296.9098636466667
17815.6047171	8.983620385640296e-05	296.926745285
17849.5120961	0.00010109792811568004	297.49186826833335
17850.5253497	8.976347324799154e-05	297.50875582833334
17869.2505114	9.763929147758342e-05	297.8208418566667
17884.9393461	8.629835533142335e-05	298.082322435
17906.1946971	8.536411390078045e-05	298.436578285
17915.3052321	8.388932202114676e-05	298.588420535
17955.792533	6.589156300715413e-05	299.26320888333333
18013.9926813	6.966283189363481e-05	300.233211355
18014.4991282	7.438561168381695e-05	300.2416521366667
18048.4071865	9.678137480673764e-05	300.8067864416667
18060.5537848	6.569627136151772e-05	301.0092297466666
18122.8028298001	5.5825156544016385e-05	302.0467138300017
18125.8390346001	2.8185770595558513e-05	302.097317243335
18161.7714705001	9.833234698192366e-05	302.6961911750017
18173.9185565001	0.00010249970861489454	302.89864260833497
18178.9788854001	9.032552365541494e-05	302.98298142333505
18188.5950574001	6.429713680393574e-05	303.14325095666834
18224.0214804001	6.756908939390527e-05	303.73369134000166
18284.7531486001	5.519940264546024e-05	304.74588581000165
18313.0932939001	4.499318428605504e-05	305.21822156500167
18322.7097161001	1.3688520008623767e-05	305.37849526833503
18328.2768383001	8.733526869504919e-05	305.471280638335
18389.5131616	3.626556796441139e-05	306.4918860266667
18394.0687272	0.00010321159323094203	306.56781212
18416.8425198	6.841939787671802e-05	306.94737533
18426.4579714	7.409451786061505e-05	307.10763285666667
18457.3307644	8.613289608707024e-05	307.6221794066667
18467.4524081	9.876468666471869e-05	307.79087346833336
18501.8666091	4.419438890267203e-05	308.36444348500004
18502.372171	5.326121370470208e-05	308.37286951666664
18519.0728508	4.7844504466195066e-05	308.65121418
18568.1641946	3.07690861282276e-05	309.4694032433334
18634.4626568	5.1211694412570294e-05	310.5743776133333
18697.723601	5.644686244177581e-05	311.62872668333335
18740.2362433	7.572539707961089e-05	312.3372707216667
18782.2412952	5.1316691838327087e-05	313.03735492000004
18827.7896931	2.294098585798515e-05	313.796494885
18867.7711688	7.688767177140087e-05	314.46285281333337
18869.2901526	6.732318997271077e-05	314.48816920999997
18965.4477297	2.5128624390768626e-05	316.090795495
19013.5267608	7.291049908929595e-05	316.89211267999997
19042.3742826	2.7836225120531977e-05	317.37290471
19120.8181867	1.7025407128560666e-05	318.68030311166666
19145.6173204	5.81500297710191e-05	319.0936220066667
19146.629469	7.864576011349942e-05	319.11049115
19148.1477308	9.610203139508554e-05	319.13579551333333
19166.872604	0.00010462387260924172	319.4478767333333
19193.189507	0.00013545455465940043	319.8864917833333
19220.0133322	6.315111624207528e-05	320.33355553666667
19241.7745755	5.489640249177797e-05	320.696242925
19263.0311139999	0.00012147438210911217	321.050518566665
19322.2432677999	6.43619297446049e-05	322.037387796665
19354.1269339999	7.888531663082115e-05	322.5687822333317
19357.1641340999	0.00012283671574752015	322.61940223499835
19363.7426300999	7.105858000654584e-05	322.7290438349983
19382.9748514999	0.00010936188467732888	323.0495808583317
19394.1092779999	6.516924089809898e-05	323.2351546333317
19399.6763732999	0.00010540957821700732	323.3279395549983
19408.7846097999	8.330898275979394e-05	323.479743496665
19412.8343798999	0.00011783970697374297	323.54723966499836
19446.2366535999	0.00011234567502884175	324.10394422666496
19458.8885817999	0.0001196939489683478	324.314809696665
19478.6261743999	9.317621097554262e-05	324.64376957333167
19479.6378981999	4.805005366036719e-05	324.660631636665
19497.8574555999	8.200392913449702e-05	324.964290926665
19503.4252299999	0.00016579524927911126	325.057087166665
19553.0214171999	9.013424878379054e-05	325.883690286665
19656.7710623999	8.086939500809153e-05	327.61285103999836
19662.3375825999	9.789539384794065e-05	327.705626376665
19665.3748785999	0.00010638301171856948	327.756247976665
19667.3985869999	5.005422541086177e-05	327.78997644999833
19668.9175347999	0.00012716929366584352	327.815292246665
19695.2341542999	0.00012920286003194486	328.253902571665
19744.3252022999	8.73302335970122e-05	329.07208670499836
19749.3857377999	0.00011287339469801767	329.1564289633317
19750.9041673999	0.00011664994105270348	329.1817361233317
19802.5263749999	5.790992916481345e-05	330.0421062499983
19804.5504402999	0.00014779029284283109	330.075840671665
19823.7817840999	9.752433833852725e-05	330.3963630683317
19825.8060814999	0.00016519968072046233	330.4301013583317
19828.3363820999	0.00011041425363561607	330.47227303499835
19837.4470034999	0.0001251981906472173	330.6241167249983
19938.1587983999	0.00013355838545386916	332.3026466399984
19941.1955607999	8.668589955337061e-05	332.353259346665
19972.5735460999	6.650166462848803e-05	332.87622576833166
19980.1648368999	4.918694597015064e-05	333.002747281665
19983.7069054999	6.019499816556584e-05	333.0617817583317
19997.3718262999	5.224622845810599e-05	333.28953043833167
20019.6391116998	0.00015902709294710138	333.6606518616633
20041.4015962998	0.00011314339788013532	334.02335993833
20043.9319956998	0.00016206022747362837	334.06553326166335
20060.1276934998	7.946082433663505e-05	334.33546155833
20065.6942363998	7.559621670010884e-05	334.42823727332996
20105.6758566998	0.00010290192850135577	335.09459761166335
20159.3206210998	0.00013991784199215523	335.98867701833
20200.8213414998	8.263624651143573e-05	336.6803556916633
20206.3873900998	0.00011182254823596807	336.77312316833
20207.9061001998	5.363799715718615e-05	336.79843500333004
20219.0396093998	8.650081263688606e-05	336.98399348999664
20249.4055243998	9.403751813917678e-05	337.49009207333
20254.9733542998	0.00010959536612634206	337.58288923833
20345.5638124998	0.00013190779230112026	339.09273020833
20351.6369966998	0.00020686624605978498	339.19394994499663
20357.7094375999	6.485282802272516e-05	339.29515729333167
20360.2394214999	9.332636414345648e-05	339.337323691665
20382.0024910999	8.800218932275877e-05	339.7000415183317
20455.8913379999	0.0001435323581628663	340.93152229999833
20467.5312712999	9.525325344638748e-05	341.1255211883317
20497.8969489999	0.000112728629836867	341.631615816665
20583.9324524999	6.087427047501256e-05	343.0655408749983
20592.0303065999	9.296322166258081e-05	343.20050510999835
20612.2738262999	0.00012343668922281878	343.53789710499836
20627.9635474999	0.00010169566999093164	343.7993924583317
20647.7009945999	7.9535771865329e-05	344.12834990999835
20716.5310430999	8.504210532638622e-05	345.27551738499835
20754.9934875999	5.937947161306271e-05	345.916558126665
20759.0418301999	0.00011957753068603022	345.98403050333167
20763.0904038999	0.00012755728995943197	346.051506731665
20769.6705313999	0.00011126774421660611	346.1611755233317
20774.7309046999	3.6125566397273156e-05	346.24551507833166
20797.5054025999	9.054125814753839e-05	346.6250900433317
20802.5664031999	0.00013036927169780228	346.70944005333166
20807.6278522999	0.00013265513396095794	346.79379753833166
20811.1694736999	0.00011931065204386395	346.85282456166505
20814.7123928999	8.5397901382275e-05	346.9118732149983
20861.7787757999	7.72559989778437e-05	347.6963129299983
20878.9869165999	9.998964604256956e-05	347.983115276665
20879.9983521999	0.00011380897005425318	347.999972536665
20885.0594254999	9.951375725397016e-05	348.08432375833166
20896.1926829999	1.5184871252032116e-05	348.26987804999834
20909.3512523999	0.00011118268160542958	348.48918753999834
20919.9800078999	3.952065429047252e-05	348.66633346499833
20933.6446675999	0.00011228086763563085	348.89407779333163
20940.7296661999	8.179982660740979e-05	349.01216110333166
20942.7533908999	0.00013951571723089942	349.0458898483317
20952.3699188999	0.00012145815332838718	349.2061653149984
20980.2047452999	0.00010315086442177658	349.67007908833165
20980.7110426999	9.495894413053525e-05	349.67851737833166
21015.1250104999	3.163186283092409e-05	350.2520835083317
21024.2344788999	8.903517906237638e-05	350.403907981665
21039.9236514998	0.00010665430998977734	350.6653941916633
21045.4909594998	9.92237357266803e-05	350.75818265833
21067.7583249998	7.580411835211361e-05	351.1293054166633
21094.0749825998	0.0001067993061952389	351.56791637666333
21152.7817559998	0.0001554353023322885	352.54636259999666
21155.3127812998	0.00010008565889725441	352.58854635499665
21161.8920673998	4.264077501836099e-05	352.69820112333
21176.0629841998	3.594964150050783e-05	352.93438306999667
21191.2453977998	0.00011115869756722681	353.1874232966633
21205.4161921998	4.7178328651704465e-05	353.42360320332995
21220.0919043998	0.00014215722029868537	353.66819840666335
21242.8664605998	9.496284802539988e-05	354.04777434333
21265.6409309999	0.0001452103024671011	354.42734884999834
21273.2317324999	4.9422272286880436e-05	354.5538622083316
21281.3291229999	0.00011532371980201688	354.688818716665
21312.2012943999	8.764367535218748e-05	355.20335490666497
21359.2674857999	9.19394275296136e-05	355.98779142999837
21374.9576764999	0.0002919159056338076	356.2492946083317
21418.9876277998	0.00011305902387665261	356.98312712999666
21422.0229033998	8.313775517157725e-05	357.0337150566633
21423.5419959998	0.0001281400757765031	357.05903326666333
21425.0597587998	0.00011589059806508089	357.08432931333004
21435.6887403998	8.094888343673328e-05	357.26147900666336
21452.3883007998	0.00012138896310719297	357.53980501333
21499.9622914999	0.00012795779964012635	358.3327048583317
21513.1199778998	9.237634905249188e-05	358.55199963166336
21524.7604366998	0.00018164400733753643	358.74600727832996
21577.3933880999	6.770615769368646e-05	359.62322313499834
21587.5163014999	0.00010234012298470881	359.7919383583317
21689.2404787998	9.72681097593213e-05	361.48734131333
21712.0141781998	8.344845340780493e-05	361.86690296999666
21773.2521163999	5.759401176719664e-05	362.8875352733317
21780.3377210998	8.736155664265073e-05	363.0056286849967
21781.3495601998	9.344303192666309e-05	363.02249266999667
21812.2211756999	0.00017948016927954588	363.5370195949983
21812.7265050999	9.488924616047643e-05	363.545441751665
21813.2329855999	0.00012881288478170896	363.5538830933317
21840.5617860999	0.00011382602264935793	364.00936310166503
21848.6592017999	0.00014187556701255948	364.1443200299983
21854.7321907999	0.00019156941813812346	364.2455365133317
21900.2805572999	7.14895490654611e-05	365.00467595499833
21915.9697548999	7.128891795160885e-05	365.266162581665
21922.5500221999	0.00011098467646053283	365.37583370333164
21926.5980452999	0.000180838398729167	365.44330075499835
21958.4817638999	5.623564260242729e-05	365.97469606499834
21972.6526506999	0.00010414853618949373	366.210877511665
22007.5731471999	0.00017801607002519392	366.79288578666495
22010.1028067999	0.00011319546550497165	366.8350467799983
22023.2610866999	4.4683273950151476e-05	367.0543514449983
22030.8526061999	9.421192171878097e-05	367.18087676999835
22033.8891528999	0.00010113981011566129	367.23148588166504
22058.6878619999	9.911675616326708e-05	367.6447976999983
22095.1266638999	6.174106859314556e-05	368.25211106499836
22122.9624805999	0.00015337433365734208	368.7160413433317
22153.8340214999	0.00015634642826279268	369.2305670249983
22180.6571532999	8.87176578029565e-05	369.677619221665
22182.1751194999	0.00012978989122161514	369.70291865833167
22206.9744227999	9.853488089024282e-05	370.1162403799983
22284.4063023999	7.014812786177936e-05	371.406771706665
22323.8826693999	7.788777964795325e-05	372.064711156665
22329.4491816999	0.00012288409895005754	372.157486361665
22330.4609567999	0.0001117910484441863	372.17434927999835
22339.0646738999	4.0736181646576176e-05	372.3177445649983
22349.1862612999	0.00011528307393583083	372.48643768833165
22352.7290655999	0.00013845311593574204	372.545484426665
22435.7278969999	0.00012140711752992249	373.9287982833317
22538.4649705999	0.00010299265894703194	375.6410828433317
22564.2754851999	8.691682743998462e-05	376.071258086665
22576.4217447999	0.00014520805492542236	376.273695746665
22586.0373678999	9.308912664242507e-05	376.43395613166496
22599.1959464999	0.00016664659529939428	376.6532657749984
22639.6833169999	0.00011622062975378987	377.3280552833317
22640.1896706999	0.00014631483576159685	377.33649451166497
22654.8662140999	0.00013677300252136563	377.5811035683317
22663.9755944999	6.616376299313049e-05	377.7329265749984
22672.5796660999	7.832028467064433e-05	377.8763277683317
22702.4390210999	0.00011590978366435771	378.37398368499834
22708.5121372999	0.00010074254201224543	378.4752022883316
22728.2503425999	1.5645950906135246e-05	378.80417237666495
22738.8786360999	0.00011857094357040317	378.98131060166503
22751.0246209999	6.870370764301439e-05	379.18374368333167
22785.4383271999	0.00015343434986381864	379.75730545333164
22800.1153405999	7.046316027932386e-05	380.00192234333167
22803.6580805999	9.503590033161979e-05	380.06096800999836
22831.9988684999	0.00013057224532431752	380.53331447499835
22844.1446402999	0.0001464080749684425	380.7357440049983
22846.1692326999	0.00011911763862273014	380.769487211665
22870.4622090999	9.786410766753828e-05	381.174370151665
22891.2122120999	0.0001855774894816109	381.52020353499836
22899.3091010999	8.763143835920161e-05	381.6551516849984
22928.1566406999	9.945892965672559e-05	382.135944011665
22938.2779852999	4.734396926388643e-05	382.3046330883317
22938.7842432999	0.00011327881188817809	382.313070721665
23020.2650550999	6.344555939273965e-05	383.671084251665
23045.0636499999	8.227320085041271e-05	384.084394166665
23048.6062778999	0.00011151438072475858	384.1434379649983
23068.3443417999	0.0002837478542922278	384.472405696665
23076.9472877999	0.00013278774139179357	384.61578812999835
23120.9772878999	0.00013430957339702576	385.34962146499834
23132.6184553999	0.0001138415123262555	385.5436409233317
23161.4659980999	0.00011494648341955622	386.024433301665
23179.1781129999	0.00015098643220184675	386.319635216665
23207.0140788999	9.211046152890049e-05	386.78356798166504
23210.0500855999	0.00012024721846506471	386.8341680933317
23218.6541113999	0.00013752312667594137	386.9775685233317
23233.8368444999	0.00014346952794177744	387.2306140749983
23257.6225347999	0.00016130999931504046	387.627042246665
23269.2626637999	0.0001209053424391096	387.82104439666494
23274.3238910999	0.0003120424196358548	387.9053981849983
23286.4700452999	0.00012349860589073734	388.10783408833163
23288.4950944999	0.00010671939580403606	388.14158490833165
23331.0062676999	0.00019724084357621946	388.850104461665
23332.0185757999	0.00011854191900123045	388.86697626333165
23349.2259823999	0.00018591770613333956	389.1537663733317
23369.4689291998	2.7053945984507663e-05	389.4911488199967
23396.2926322998	0.00013294840915306443	389.93821053833
23402.3656197998	0.00016599027916975036	390.03942699666334
23412.4876938998	8.115557211036741e-05	390.2081282316633
23416.0299778998	0.0001179764459853613	390.26716629833004
23434.2490306998	0.00015360929745359783	390.57081717833
23440.3232125998	0.0001893491515669676	390.67205354333
23451.9625967998	0.00012607308130263702	390.8660432799967
23465.1205265998	9.396375309714543e-05	391.08534210999665
23483.3400071998	9.190112307514183e-05	391.3890001199967
23486.3764094998	2.3612202628903935e-05	391.4396068249967
23542.0467703998	0.0001406804191970665	392.36744617333
23559.2542692998	0.00019361558935232625	392.65423782166334
23618.9731806998	0.00012211981566820275	393.64955301166333
23635.6747329998	5.17105382989857e-05	393.92791221666334
23638.7108762998	0.00016159717074154536	393.97851460499663
23650.8567076998	0.0002358435144101669	394.18094512833
23671.6074658998	0.00020337978172321213	394.52679109833
23676.1615477998	7.854413326548941e-05	394.60269246332996
23678.1857767998	0.0001581069430769066	394.63642961333
23694.8872463998	0.00013418825599574648	394.9147874399967
23708.0451405998	0.00014440007406466262	395.13408567666335
23726.2650318998	0.0001227247401705521	395.4377505316633
23732.3384158998	5.196551166332383e-05	395.53897359833
23755.6192636998	0.00010950468712033047	395.92698772832995
23784.9723340998	6.78707210638489e-05	396.41620556833
23788.0083190998	0.00011325787062441776	396.46680531833005
23809.2655564998	6.329774062894865e-05	396.82109260833
23818.8819169998	0.00012005727460780971	396.98136528333
23820.3994914998	0.00014479098463192748	397.00665819166335
23827.9909564999	0.00017564893168225924	397.13318260833165
23845.1973611999	0.00012068356837729846	397.4199560199983
23852.7890711999	0.00010688635591618004	397.54648451999833
23884.1671874998	0.00014122918087075095	398.06945312499664
23910.9901520999	0.00016054867414502138	398.5165025349983
23939.3318339999	0.00018326436119056046	398.9888638999983
23948.4405487999	0.0002095350186919827	399.14067581333165
23952.4895766999	0.00014254065629375177	399.208159611665
23954.0083612999	0.00013841248830653117	399.2334726883317
23956.0320229999	9.664120329388075e-05	399.26720038333167
23969.6972338999	0.00010208381041420408	399.4949538983317
23970.2036413999	0.00017911807479306524	399.5033940233317
23993.9892221999	4.080386477026529e-05	399.89982036999834
24025.8735688999	0.00010835449386673702	400.4312261483317
24048.6471081999	0.0001761181289176277	400.810785136665
24095.2083985999	0.00013609659834113369	401.58680664333167
24097.7379656999	9.757041664967182e-05	401.62896609499836
24099.7622661999	8.836032181678083e-05	401.662704436665
24151.8898103998	0.00011613464253898655	402.5314968399967
24177.7016810998	0.00014244460847156936	402.96169468499664
24205.0300477998	9.943861732562868e-05	403.41716746333
24207.5609813998	8.610426558172671e-05	403.4593496899967
24236.9141088998	0.00015638712883942897	403.94856848166336
24250.5788552998	0.00016778377074787136	404.1763142549966
24263.2306204998	0.00014506142824726896	404.38717700832996
24321.9370497998	0.0001574992435891591	405.36561749666333
24345.2180347998	0.00012010606079680335	405.75363391333
24345.7241192998	0.0001230324073121575	405.76206865499665
24349.2667419998	0.00012185506131722947	405.82111236666333
24386.2108323998	8.87445541848627e-05	406.43684720666334
24401.9006770998	5.608277818059456e-05	406.69834461833
24410.5042626998	0.00017402782088098148	406.8417377116633
24413.5406304998	5.277314357699772e-05	406.8923438416633
24420.6251935998	0.0001410874660562053	407.01041989333004
24437.3262710998	9.756766353736824e-05	407.2887711849966
24470.7286766998	0.000179594250317525	407.8454779449967
24501.0940437998	0.00012950693000268884	408.3515673966633
24505.6494285998	5.172892918309595e-05	408.42749047666337
24555.2462308998	0.0001227125296880188	409.25410384833
24581.5631144998	0.00013365227931319586	409.69271857499666
24590.1675857998	0.00012848712288735637	409.8361264299967
24600.7945328998	0.0002763590012106232	410.01324221499664
24602.3139936998	0.0001316614251600761	410.03856656166334
24603.8316799998	0.00011950217257277701	410.06386133333
