retention_time	intensity	retention_time_min
19.7414743	0.00018123226098174154	0.32902457166666665
28.8513042	8.505474229023526e-05	0.48085507
43.0216676	0.0003355536769712773	0.7170277933333333
43.5278732	0.0001595161143881027	0.7254645533333334
44.0342726	0.00025518275270630984	0.7339045433333333
78.4492436000001	0.00024251077053238863	1.307487393333335
84.0155843000001	0.0002807882968184167	1.400259738333335
98.6915612000001	8.706462821944567e-05	1.6448593533333349
107.2952668	0.00024499510009799805	1.7882544466666666
129.0569782	0.00011531678881517791	2.1509496366666667
137.1555908	0.00017067359959973535	2.2859265133333335
150.8195804	0.00014078612289383481	2.5136596733333336
151.325673	0.00015480805609549488	2.52209455
153.8559024	0.000129180370890068	2.56426504
157.9047778	0.0001891757858530104	2.631746296666667
159.4238059	0.00026268160104435834	2.6570634316666664
172.5816481	0.00018387953505405596	2.8763608016666664
191.3067434	0.00019380426988816602	3.188445723333333
197.8857348	0.0003494651214113543	3.29809558
208.5138559	0.00029749292856439096	3.4752309316666667
222.178597	0.0002868925791599854	3.7029766166666667
242.4227663	0.00019514380160915674	4.040379438333334
269.7508477	0.00026718460385692313	4.495847461666667
271.7753368	7.114016211538008e-05	4.529588946666666
274.3062169	0.0001478363843444286	4.571770281666667
282.4039372	0.00013046684440410687	4.706732286666666
284.9344374	0.0001483887497708703	4.74890729
292.5257274	0.0001253211025530373	4.87542879
299.6104828	0.00018397347667041102	4.993508046666666
311.7569515	0.00031032736543541874	5.195949191666667
314.28777	0.0002170824992756578	5.2381295
314.7933122	0.00017011501889132316	5.246555203333333
319.3476988	0.00016702769815664508	5.3224616466666665
322.3850556	0.00021277050613929444	5.37308426
350.2196991	0.0001880670724704261	5.8369949850000005
362.3665176	0.0002118648915164813	6.03944196
376.5367581	0.0001514737420471209	6.275612635
389.1894237	2.2369252835638336e-05	6.486490395000001
400.8298327	0.00012525790789492678	6.680497211666666
415.5052713	0.00011009344340410627	6.925087855
424.6153094	0.0001606428669027686	7.0769218233333335
425.1213035	0.00026371308016877635	7.085355058333334
435.7494921	0.00018046118906490005	7.262491535
445.8711184	0.00020320195599480968	7.431185306666666
446.3779352	0.0002071799890028122	7.4396322533333334
481.2972576	0.00014304841362614037	8.02162096
501.5416671	0.0001347807918889911	8.359027785
504.0719949	0.00015238776515156285	8.401199915
504.5779202	0.0002597597197946765	8.409632003333334
510.6516392	0.00018224765317966158	8.510860653333333
511.6635692	0.0001251933349828623	8.527726153333333
522.2913255	0.0001682444148097027	8.704855425
523.3031117	8.47520782524706e-05	8.721718528333334
526.8460292	0.00019086043353627854	8.780767153333333
529.3771138	9.037769268141528e-05	8.822951896666666
547.0903486	2.159866606638374e-05	9.118172476666667
569.8645082	0.00012302751865169023	9.497741803333334
577.4549817	0.00023062491961391024	9.624249695
591.6264583	0.00022635715879118715	9.860440971666666
600.7353268	0.00010857394215241245	10.012255446666668
607.3141289	2.154265517533567e-05	10.121902148333334
611.3630009	0.00013745690922966489	10.189383348333333
640.7175401	0.00010543925444647919	10.678625668333332
642.7419979	0.00019545770260412485	10.712366631666667
658.4301971	0.00020528581185178126	10.973836618333333
659.9479629	0.00012737175743565127	10.999132715
690.8197444	0.0002227228122781012	11.513662406666667
699.9301974	0.0002230179884946091	11.66550329
717.1379216	0.0001759121967047354	11.952298693333335
724.2223685	0.00015294856290778852	12.070372808333333
731.8132312	0.0002323316451258584	12.196887186666666
742.442325	0.00016775585702701406	12.37403875
744.4663186	0.0002524537124694576	12.407771976666668
755.5998453	0.0004074347695007624	12.593330755
758.6370639	0.00017541444769046755	12.643951065000001
809.752195	0.00030202439088300074	13.495869916666667
813.2945786	2.481553373001791e-05	13.554909643333334
818.861313	0.000144011297421379	13.64768855
820.3801611	0.00024857209700059697	13.673002685
827.9709111	0.00010696770434890573	13.799515184999999
847.7092062	0.00013566284428093587	14.12848677
857.3245451	0.0003009240028430857	14.288742418333333
860.3614052	0.00010057665445229052	14.339356753333334
864.4100519	9.998886586864781e-05	14.406834198333334
867.4469007	0.00027890961664595645	14.457448345
869.4705311	0.00022001935549462447	14.491175518333334
877.0620116	6.952996344777156e-05	14.617700193333333
881.6174115	0.00017179404123843833	14.693623525
887.6901625	4.295460783121281e-05	14.794836041666667
901.354977	8.533308346914122e-05	15.022582949999999
916.0316521	0.00019909674491461532	15.267194201666666
919.0683818	0.00018332579476697968	15.317806363333334
938.298886	0.00011627228260235113	15.638314766666667
940.8297688	0.00012581114756112118	15.680496146666666
944.8787066	0.0003128903514265509	15.747978443333333
953.481687	0.0001736271658573502	15.89136145
955.5060077	0.00013325233270274553	15.925100128333334
958.0371015	0.0002470463738304031	15.967285024999999
993.9695856	0.00017741275848664716	16.566159759999998
1022.8168734	0.00018811295336839136	17.04694789
1023.3226825	0.0002187436170565803	17.055378041666668
1025.3477735	0.000186833444543717	17.089129558333333
1033.951482	0.00021341159388592643	17.2325247
1036.9868628	0.0003245560467419098	17.283114379999997
1039.5174942	0.00018430341786895268	17.32529157
1051.6647679	0.0002285927923838009	17.527746131666667
1062.2927164	0.00013923471721124042	17.704878606666668
1071.4022078	2.1827579583355162e-05	17.856703463333336
1073.4256656	0.00012008434311066654	17.89042776
1084.5597306	0.00048771658135816497	18.07599551
1092.1518991	0.0003979334935862051	18.202531651666668
1092.6580389	0.00024675253530036153	18.210967315
1099.7431191	0.00010052677868134571	18.329051985
1107.3344492	0.00014448110799390184	18.455574153333334
1111.3826159	0.0002911556777871072	18.523043598333334
1112.3956095	0.00023363780966708766	18.539926825000002
1145.2915497	7.642623470310271e-05	19.088192494999998
1154.9072965	0.00016331456599846098	19.24845494166667
1158.4500598	8.009527855744921e-05	19.307500996666665
1158.9559364	0.0002704987493924044	19.31593227333333
1164.5228143	0.00017032002356169763	19.408713571666667
1178.6931577	0.0002869155744812303	19.644885961666667
1179.2001807	0.0001528025574727418	19.653336345
1204.5047024	0.00020922606473937274	20.075078373333334
1206.0220024	0.00020455017438813215	20.100366706666666
1221.2054398	0.0001594902020531943	20.353423996666667
1233.8573074	0.0003148526768455747	20.564288456666667
1246.5097371	0.0002315236233249167	20.775162285
1258.150087	0.0001434894424883277	20.969168116666665
1264.2236424	0.0001891007204314877	21.07039404
1272.8268427	0.00029193869484664094	21.21378071166667
1277.8878909	0.00020090683831726735	21.298131515
1280.9248534	0.0002181577092758783	21.34874755666667
1283.9602009	0.00023549586688034852	21.399336681666668
1292.5637943	0.0001850839715830865	21.542729904999998
1301.1681306	0.0002522153820841365	21.68613551
1307.2404202	0.0001628007938476805	21.787340336666666
1313.8209188	0.00020436993486498415	21.897015313333334
1317.3634904	0.0001477603317193883	21.956058173333336
1325.966442	0.0002453961433156341	22.0994407
1332.5456422	0.00022746534069776676	22.209094036666666
1341.1486614	0.00011361461434150355	22.35247769
1353.801124	0.000193908765925632	22.563352066666667
1361.3929951	0.00021055662812138589	22.689883251666668
1376.5757438	0.00014204328255990162	22.942929063333334
1385.6856805	0.00013072487899599476	23.094761341666665
1392.7710178	0.00023015086343251216	23.212850296666666
1399.8558669	0.00016360770528311215	23.330931115
1407.9527389	0.0001717691344976653	23.465878981666666
1414.0257709	0.00015952918719420707	23.567096181666667
1449.9583479	0.00019591902686817378	24.165972465
1458.5623214	0.00043418882902968037	24.30937202333333
1459.5753516	0.0001644001336290299	24.32625586
1460.5870517	0.00015761853557215988	24.343117528333334
1467.6723521	0.0002912112253741717	24.46120586833333
1468.1783779	0.00021348031129310847	24.469639631666666
1476.7812887	6.656495158956147e-05	24.613021478333334
1485.3851402	0.0001496549677190731	24.756419003333335
1502.5929705	0.00016149962938468202	25.043216175
1508.6652532	0.0002633385734544724	25.14442088666667
1509.677943	0.0003655956601410822	25.16129905
1531.4398801	0.00020807987081127255	25.523998001666666
1534.4771639	0.00017959216731651447	25.574619398333333
1538.0196472	0.00026446259779272274	25.633660786666667
1540.0437172	1.9372561478823854e-05	25.667395286666665
1541.056267	0.00021301077507552746	25.684271116666665
1557.2506194	0.0002671467159287539	25.95417699
1565.3483369	0.0001887322236680385	26.089138948333336
1567.8788753	0.00019325332151419868	26.131314588333332
1573.9518765	0.00012923625081467474	26.232531275
1582.5551757	0.00013901990508106282	26.375919595000003
1602.2936529	0.00033723867486568516	26.704894215000003
1626.5852564	0.0001641247379048216	27.109754273333333
1627.5973395	0.00011059996700906966	27.126622325000003
1661.00082	4.193131929441703e-05	27.683347
1674.6659358	0.00041816139082691083	27.911098929999998
1679.2205912	0.00026551615963474047	27.987009853333333
1690.3541085	0.00020876356629235523	28.172568475
1696.4276564	0.00014091793651281256	28.273794273333333
1704.0188452	0.0002222214674671168	28.400314086666665
1707.0551378	0.00017517298332102952	28.450918963333333
1715.1520823	5.7844084957043974e-05	28.585868038333334
1719.2014558	0.00019315978442778256	28.65335759666667
1721.2260294	2.4098441168234592e-05	28.68710049
1728.8178708	0.00022514097118343042	28.81363118
1732.8665225	0.00012888034034618195	28.881108708333333
1743.9996163	0.0003695855833454343	29.066660271666667
1747.0367764	0.00024546290249085354	29.117279606666667
1748.0492086	0.00018691260396098554	29.134153476666665
1752.0978308	0.00015823992262161416	29.201630513333335
1756.1458963	0.00023842675636603878	29.269098271666667
1763.7372013	0.00024704399916969827	29.395620021666666
1766.7736445	0.00030908301286765994	29.446227408333336
1767.2808856	0.0003848043453797404	29.454681426666664
1795.6210357	0.0002470822695714005	29.927017261666666
1797.6465005	0.00016497427576037563	29.960775008333332
1804.7306406	0.00022226557533298587	30.07884401
1822.4441079	2.629753219176543e-05	30.374068465
1827.5051826	0.00013481713340899324	30.458419709999998
1828.0111279	0.00016800207395663711	30.466852131666666
1831.047454	0.00023840256980873654	30.517457566666668
1832.0604317	0.0003669027772446499	30.534340528333335
1836.6152606	5.270150698572344e-05	30.610254343333335
1852.3044756	0.00029328338915546494	30.87174126
1853.8224072	0.00017367440427957349	30.89704012
1862.4254885	0.00018916636770808693	31.040424808333334
1894.3089469	0.00022090089966911867	31.571815781666665
1914.0470608	0.00022500816671207493	31.90078434666667
1932.7723045	0.0001367369325581121	32.21287174166667
1969.2117863	0.0001051573290038433	32.82019643833333
1973.7675572	0.00020023976874252884	32.89612595333333
1988.9492992	0.0002430934742033098	33.149154986666666
2003.1199084	0.00014233426430811886	33.38533180666666
2007.1693673	0.00011878024400138856	33.452822788333336
2033.4860265	0.00018003464059379283	33.891433775
2033.9919054	0.00011698752811222039	33.89986509
2058.7904692	0.00016082039443080477	34.31317448666667
2063.8515199	9.392242686498256e-05	34.397525331666664
2078.0214202	8.12089970461176e-05	34.63369033666667
2083.0832615	0.000270870766436755	34.71805435833333
2088.143925	0.00020071701923135056	34.802398749999995
2114.4604836	0.0001363402208571021	35.24100806
2165.07077989999	0.00013913687087632203	36.08451299833317
2171.14265479999	0.00024107866851593349	36.18571091333317
2174.18006439999	0.00015293639548951166	36.2363344066665
2184.8082987	0.0002001148739861639	36.413471644999994
2197.9655406	9.116267584705918e-05	36.63275901
2198.9787936	0.00010162068495641034	36.649646559999994
2200.4965061	0.00015356281507986844	36.67494176833333
2204.5458919	0.00016240919481921138	36.74243153166666
2217.19770339999	0.0001418630251880586	36.953295056666505
2221.75273949999	0.0002106415991099488	37.02921232499984
2222.25850719999	0.00013704737990753995	37.037641786666505
2269.324787	1.5256031811199487e-05	37.822079783333336
2272.362172	0.00011254747888652583	37.87270286666667
2279.9527725	0.0001885310852700699	37.999212875
2286.5322547	0.00016804411373426696	38.10887091166667
2305.7637316	0.00020063573875579366	38.42939552666667
2314.8735505	9.638433042224718e-05	38.581225841666665
2315.3802715	0.0001674436550402578	38.58967119166667
2328.5378135	0.00015002497310111248	38.80896355833333
2342.7083989	0.00013499901346874772	39.045139981666665
2344.2276412	0.00016843723058076007	39.07046068666667
2346.7580336	0.00012765300582937163	39.11263389333333
2353.3364633	0.00016345950648904934	39.22227438833333
2362.9526987	0.00012965431783518858	39.382544978333335
2385.7259413	8.158528398068035e-05	39.76209902166667
2387.2443355	0.00011732692028939399	39.78740559166667
2390.7868445	5.273324666226536e-05	39.84644740833333
2397.3666203	0.00011347552384384354	39.95611033833333
2410.5246109	0.00011716543696021915	40.17541018166666
2418.1164796	0.00029031848414846396	40.301941326666665
2424.1903316	0.0001365414154078631	40.40317219333333
2427.2263609	0.00028163282929452447	40.45377268166667
2429.2505097	0.0002218707708078448	40.487508495
2430.7687798	0.00018458384842751563	40.51281299666667
2444.9400305	0.0001221228114224915	40.74900050833333
2453.5434857	0.0001870790499508163	40.89239142833333
2458.0971539	0.00019136094550766336	40.968285898333335
2463.1586988	0.00011852474059024677	41.05264498
2488.4634606	9.06795110099787e-05	41.47439101
2494.5358139	8.072710154691282e-05	41.57559689833333
2505.6707873	0.00022974984193770387	41.76117978833334
2510.7307309	7.928433539743385e-05	41.84551218166666
2513.7675977	8.386379711023542e-05	41.896126628333334
2546.6644865	8.994841733618068e-05	42.44440810833333
2548.6884266	0.00016111764827430992	42.47814044333334
2557.2924956	1.4332689105500058e-05	42.62154159333333
2562.8584366	0.00010961649884902676	42.714307276666666
2581.0791128	0.0002073129913864355	43.01798521333333
2587.6578509	0.00014558065562543927	43.12763084833333
2598.7919897	0.00017422425090513315	43.31319982833334
2600.8162049	0.0001160071675172261	43.34693674833333
2608.9129575	8.722187816416324e-05	43.481882625000004
2619.541555	0.00016385293593113118	43.659025916666664
2680.779695	0.00013383780376910036	44.679661583333335
2683.3085298	0.00010264967005255489	44.72180883
2687.3578813	0.00010995918738603026	44.78929802166667
2688.3704919	0.0001595273185526934	44.806174865
2696.4678958	0.00012339298917926172	44.941131596666665
2697.985269	1.5575819350401107e-05	44.966421149999995
2705.5769129	9.605757284249083e-05	45.09294854833333
2707.0951559	0.00015421574656538148	45.118252598333335
2716.2051837	1.4999965000081667e-05	45.270086395
2735.9429342	9.504489019537897e-05	45.59904890333333
2739.991701	0.00013441752219576366	45.66652835
2745.558214	4.6061218167555546e-05	45.75930356666667
2751.6318076	9.013465913222858e-05	45.86053012666666
2758.7173701	0.00012689630053693604	45.978622835
2759.7288857	0.00014966365528829294	45.99548142833333
2761.247644	1.260797328230373e-05	46.02079406666667
2763.2713774	0.00011481185355452172	46.054522956666666
2775.4177633	0.00014090880519164044	46.25696272166667
2792.1182796	0.00014730534616597273	46.535304659999994
2793.1305423	9.913611294783103e-05	46.552175704999996
2818.9422616	0.00011785343123934084	46.98237102666667
2826.5332832	6.0304124227772184e-05	47.10888805333333
2831.0887167	0.00018175220270045996	47.184811945
2839.1853516	0.00019740754242142755	47.31975586
2840.7038794	0.000123315830185609	47.345064656666665
2860.9474307	0.00014214497359909883	47.68245717833334
2861.4536994	0.00013145511468331078	47.69089499
2867.5266284	0.0001494590290646223	47.79211047333333
2900.9285707	7.8729402867301e-05	48.348809511666666
2938.3795484	0.00016569622339388912	48.972992473333335
2938.8856426	3.9314715175157326e-05	48.98142737666667
2946.4767607	0.00012687607117297677	49.10794601166666
2956.0928162	0.0001440546227359849	49.268213603333336
2962.1657503	0.00016419583609329812	49.36942917166667
2968.7451053	0.00011029686628978114	49.479085088333335
2972.7935802	0.00019092228990999288	49.54655967
2990.5075501	0.00011100154207241452	49.84179250166667
2999.6168328	0.00011729080257725313	49.99361388
3010.7505247	0.00011731441273415788	50.17917541166666
3017.8356074	0.00015804795792561597	50.29726012333333
3027.4517625	7.937892044078023e-05	50.457529375
3030.9940553	5.110249221568071e-05	50.51656758833334
3037.0683085	0.00021320655150595103	50.617805141666665
3042.1284824	0.00012535417595760677	50.70214137333333
3060.3480348	0.0001953330831816873	51.00580058
3071.9881344	0.00013420703197445505	51.199802240000004
3076.0361992	9.050887597684601e-05	51.26726998666666
3105.3908696	0.00013481181813390744	51.756514493333334
3118.5483635	0.00017270964910594085	51.97580605833333
3124.1152386	0.00011508943068225536	52.06858731
3129.1765138	0.0001326031497579326	52.15294189666667
3138.2860248	0.000122569248545799	52.304767080000005
3152.4581524	0.00014541455212317947	52.54096920666667
3153.4699753	0.0001956701792988098	52.557832921666666
3154.4824494	0.00012614849008498225	52.57470749
3158.0244053	0.0001483967700144935	52.63374008833333
3159.0365594	0.0001373405743629376	52.650609323333335
3209.1397474	0.00015188101262571125	53.48566245666667
3245.07302	0.00011424310730435953	54.08455033333333
3248.6155661	0.0001376471472861762	54.14359276833333
3251.1451643	0.00020436879730343656	54.185752738333335
3269.3650657	0.00012626554704789223	54.489417761666665
3284.5479198	0.0001392481897029212	54.742465329999995
3301.2483113	0.0001683037879959457	55.020805188333334
3315.4202689	0.0001425820268353378	55.25700448166666
3318.9623359	0.00010136430330608206	55.31603893166667
3321.4928249	9.861877642133899e-05	55.358213748333334
3347.3029093	0.000147278213147079	55.78838182166667
3349.3283199	0.00010028956515584965	55.822138665000004
3355.4014913	0.00015205056705034183	55.92335818833333
3355.9063587	9.486614480894334e-05	55.931772645
3357.9310209	8.598697830774489e-05	55.965517015
3364.5099677	0.00012832733360070722	56.07516612833333
3383.2360033	7.134684166868927e-05	56.38726672166667
3385.2601163	0.00011276098835514226	56.42100193833333
3392.3453625	0.0001791155197757162	56.539089375
3398.4185554	0.0001711438481905354	56.64030925666667
3404.491808	0.0001525531473814924	56.741530133333335
3407.5281283	0.00018594988103794614	56.79213547166667
3413.6014245	9.500786453989803e-05	56.893357075000004
3433.3385639	0.0001069737530696477	57.22230939833333
3441.9421497	9.955310975280863e-05	57.365702495
3462.1861195	3.986804961643078e-05	57.70310199166667
3467.2471255	0.000187922011095652	57.787452091666665
3497.6133828	8.09185028790397e-05	58.293556380000005
3508.2402086	0.00014456667526017107	58.47067014333334
3510.7710655	0.00018068641780563858	58.51285109166667
3526.9667564	7.77622571961161e-05	58.78277927333333
3545.1855899	8.660978035875567e-05	59.08642649833334
3556.8255386	0.00015799587740989641	59.28042564333334
3560.3680527	9.848048768647141e-05	59.339467545000005
3560.8750149	0.00015532102874511332	59.347916915000006
3561.8868673	0.00011437644652564723	59.36478112166667
3562.8990304	0.00017415288740780488	59.381650506666666
3587.1907278	8.14594869254185e-05	59.78651213
3592.2521946	3.478589974425406e-05	59.87086991
3614.5203882	0.00013010344608042608	60.24200647
3643.8731696	0.00011412130056783993	60.731219493333334
3651.4644364	0.00015574937009928556	60.85774060666667
3667.6603108	9.27006391309241e-05	61.127671846666665
3697.5189348	0.00011050211481910527	61.62531558
3698.0259571	0.00017272244371558537	61.63376595166667
3700.5557083	9.89045101435878e-05	61.675928471666666
3715.2326962	0.00012990430484048328	61.92054493666667
3724.3426181	9.959849165330721e-05	62.07237696833333
3727.3797065	0.00011629203447519323	62.122995108333335
3743.0675339	0.00013942287014246247	62.384458898333335
3754.7088074	9.544738327327703e-05	62.57848012333333
3757.7439923	1.4319904763086723e-05	62.62906653833333
3763.8170095	0.00012703211989814736	62.73028349166667
3771.4086725	0.00011570752241106034	62.85681120833333
3777.4814717	7.525386040166141e-05	62.95802452833333
3785.5797858	9.962819866664775e-05	63.09299643
3791.1469002	0.00012911036942970242	63.18578167
3791.6525831	3.9195878072716486e-05	63.19420971833333
3814.4268951	9.55632809715428e-05	63.573781585
3830.6215064	0.00024948232417733204	63.84369177333333
3841.2492383	0.00014488518192987612	64.02082063833333
3849.3467658	7.025847180474613e-05	64.15577943
3851.8777673	7.946513408233375e-05	64.19796278833333
3855.9262262	0.00012355556100796802	64.26543710333334
3868.5783851	0.00021856447091470264	64.47630641833334
3872.1206803	0.00010374488799332887	64.53534467166666
3898.43863259999	0.00011105068834253986	64.97397720999983
3907.54760569999	0.00018199762583804495	65.12579342833317
3916.65712819999	0.00011068120298108697	65.27761880333317
3945.50490049999	9.551574464269453e-05	65.75841500833317
3949.04767249999	6.957357042430208e-05	65.81746120833317
3952.08399389999	0.000124720060649895	65.86806656499984
3961.19338219999	9.048378202346565e-05	66.01988970333316
3963.21735539999	0.00014636077645535352	66.05362258999983
3976.37653729999	0.00013043649836141032	66.27294228833317
3976.88291929999	9.065670777222326e-05	66.28138198833317
3980.93147689999	0.00023318715981409988	66.34885794833316
3981.94371189999	7.0762745900542e-05	66.3657285316665
3988.01684679999	0.00014290622699928462	66.46694744666651
4004.21177809999	0.00013416762484932604	66.73686296833317
4012.30920029999	9.793341858153556e-05	66.87182000499983
4013.82714349999	0.00018017910938033515	66.89711905833317
4035.0829475	0.00017419382844148333	67.25138245833334
4036.6009473	0.00011845897564716147	67.276682455
4038.11901599999	0.00010344564983751496	67.30198359999983
4057.857499	0.00010539277344525799	67.63095831666666
4073.04061839999	8.637489477573438e-05	67.8840103066665
4084.67940159999	0.00010982825212781485	68.0779900266665
4087.20990479999	4.6939350277758505e-05	68.12016507999984
4089.740347	0.00011805406250610793	68.16233911666667
4091.25990869999	0.00018223624230904518	68.18766514499983
4095.81480039999	0.0001720114813644851	68.2635800066665
4105.9355421	0.00013507015256000564	68.432259035
4106.44183	9.50632291659373e-05	68.44069716666667
4113.0215463	9.38203567197668e-05	68.55035910500001
4128.7103335	0.00011419645515845365	68.81183889166667
4137.3138372	0.00013951107937851858	68.95523062000001
4181.3435988	0.00016050964501607644	69.68905998
4184.3799042	0.00010181902020259059	69.73966507
4187.4169094	0.00011154495934494521	69.79028182333333
4192.9834601	0.00010399428483582468	69.88305766833334
4200.5751517	9.924694715858385e-05	70.00958586166666
4215.7588042	0.00011926837147595531	70.26264673666667
4233.4718971	0.0001359642123988553	70.55786495166667
4234.9902768	9.61341827713846e-05	70.58317128
4248.6538271	0.00015598570122060839	70.81089711833333
4255.7388983	4.502952316755238e-05	70.92898163833334
4265.3555885	6.657219754824107e-05	71.08925980833332
4278.51376559999	0.00011273072378788177	71.30856275999983
4304.83045239999	0.0001393537066436811	71.74717420666649
4323.04974849999	0.00010623767726158657	72.0508291416665
4329.12264479999	8.237523981114974e-05	72.15204407999983
4337.72617369999	0.00010946615601172692	72.29543622833316
4338.23198599999	0.00010295485967639052	72.30386643333317
4342.28077779999	9.750980723638165e-05	72.37134629666649
4346.83643229999	0.0001584864568646374	72.4472738716665
4350.88508349999	0.00011624575196365251	72.51475139166651
4351.39043629999	3.663202337407061e-05	72.52317393833317
4366.57370939998	0.00013011091955892397	72.77622848999967
4392.89075359999	6.701328648262365e-05	73.21484589333316
4398.45787309999	0.00019880803278423748	73.30763121833317
4403.01240559999	9.073245247009973e-05	73.38354009333317
4440.46279169999	2.5569032424345708e-05	74.00771319499982
4507.26719519999	0.00010286113903031424	75.12111991999983
4512.83480839999	1.4376346883998694e-05	75.21391347333316
4516.37751929999	0.00011989988359719634	75.27295865499984
4538.13879029998	0.00014696437876394517	75.63564650499967
4565.46831179998	8.53391343553026e-05	76.09113852999967
4567.49301059998	0.0001404844473827573	76.12488350999966
4570.02266789998	0.00011048015248872867	76.16704446499966
4585.20564919998	0.0001499653038853141	76.420094153333
4587.23056499998	0.00013402668339436858	76.45384274999967
4620.12587679999	0.00013625130771939044	77.0020979466665
4634.29759229998	6.418803675143505e-05	77.23829320499968
4650.49203959999	9.159485356024659e-05	77.50820065999983
4657.57730259999	8.174707399695089e-05	77.6262883766665
4678.83331819999	0.00010390810940090704	77.98055530333316
4698.57106119999	7.228797708641885e-05	78.30951768666651
4699.07673739999	0.00011282648612072198	78.31794562333316
4754.74646429999	7.692186711390012e-05	79.24577440499984
4758.79535699999	5.8103490935577404e-05	79.31325594999983
4776.00275139999	0.00012552502705379578	79.60004585666651
4777.01557519999	0.00012999418508154233	79.61692625333316
4779.03960319999	0.00012008714364991255	79.65066005333317
4793.71616409999	0.00015045674970833245	79.89526940166651
4818.00877839999	9.05630716259916e-05	80.30014630666649
4819.02137849999	4.178067430401362e-05	80.31702297499983
4824.58822879999	0.00012010297901819529	80.40980381333317
4833.69770469999	0.00013140452452770751	80.5616284116665
4842.30043419999	9.960247414903241e-05	80.7050072366665
4850.90522979999	3.3545503740176537e-05	80.84842049666649
4865.07501679999	0.00012620865916792784	81.08458361333318
4884.30695869999	0.00013882964238314728	81.40511597833317
4886.33077219999	1.514386979179602e-05	81.43884620333317
4887.85001149999	8.410207267189028e-05	81.46416685833316
4889.36777829999	0.00012000862610599743	81.4894629716665
4907.58656079999	0.00011783681284803587	81.79310934666651
4913.15491309999	3.6203742493427804e-05	81.88591521833317
4924.79431519999	7.232321720477187e-05	82.07990525333317
4929.85511339999	3.3367921425019415e-05	82.16425188999983
4950.60549669999	0.00011098026753681299	82.5100916116665
4959.71432809999	3.750137831558361e-05	82.66190546833316
4994.12975529999	3.8478350114784515e-05	83.23549592166651
4999.19016679999	0.00012569288848696927	83.31983611333317
4999.69521249999	0.0001073464189458862	83.3282535416665
5001.21378159999	4.796436810160514e-05	83.3535630266665
5011.84244959999	0.00013370115161981792	83.53070749333317
5013.36026469999	0.00011777929959376428	83.55600441166649
5034.11076829999	0.00010784053432640399	83.90184613833317
5043.21999349999	7.73394550052317e-05	84.05366655833316
5047.26847889999	0.0001637031336492635	84.12114131499985
5058.40288879999	4.931614939505523e-05	84.30671481333317
5071.05523609999	0.00012088843569221061	84.51758726833317
5072.06716849999	0.0001447831793358136	84.53445280833316
5089.27501459998	5.654595174706588e-05	84.821250243333
5119.13356269998	0.00011010043827352298	85.31889271166634
5121.66405149998	8.189254740594721e-05	85.36106752499967
5148.48667059998	0.00012135516289662298	85.80811117666634
5150.51168429998	8.52192547866342e-05	85.84186140499966
5152.03020619998	1.2511100126056285e-05	85.867170103333
5156.58402439998	0.00015008604138933617	85.943067073333
5168.22429029998	0.00012938620621396607	86.13707150499967
5179.86511669998	9.961032337464171e-05	86.33108527833299
5184.42002439998	0.0001012531003383804	86.40700040666634
5200.61440739998	0.0001279044118071652	86.67690678999968
5226.42582419998	6.387135138391647e-05	87.10709706999965
5241.60846169998	1.772832756276271e-05	87.36014102833299
5249.19907949998	5.969953153849529e-05	87.48665132499967
5251.22370769998	0.0001724181331907072	87.52039512833299
5265.90041439998	0.00013241726114837673	87.76500690666633
5267.41942829998	0.00020200493803724883	87.79032380499966
5270.45504439998	7.357305188893275e-05	87.84091740666632
5287.66308629998	0.00015089430894308942	88.12771810499967
5292.72299019998	0.0001023186543960073	88.21204983666634
5295.25347339998	0.00010066617609171005	88.25422455666633
5303.85721739998	7.901810360251198e-05	88.39762028999967
5307.90564259998	8.26286941912028e-05	88.465094043333
5312.46101529998	9.359894017200051e-05	88.54101692166634
5328.14952049998	0.00017464089642577733	88.802492008333
5339.78977639998	0.0001425788017700221	88.996496273333
5340.80180989998	9.743482235330946e-05	89.013363498333
5350.41832789998	0.00011860374901789362	89.173638798333
5369.14289399998	0.0001693527647958911	89.48571489999966
5402.54544909998	0.0001676559396820547	90.04242415166634
5413.17368809998	0.00011550563922023345	90.219561468333
5421.77761549998	0.00010945480506594239	90.362960258333
5442.52759929998	0.00028569993500264317	90.70879332166632
5448.09366849998	8.409359140722163e-05	90.80156114166633
5457.20366469998	0.00015165853437416231	90.95339441166634
5458.21633599998	0.00012125147582853168	90.97027226666634
5461.25191769998	0.00017334193622942768	91.02086529499967
5474.41128159998	6.908548400076761e-05	91.24018802666633
5474.91650529998	0.00013813084178351709	91.24860842166633
5488.07545579998	0.00016950178582238634	91.467924263333
5508.82590179998	9.516184252736914e-05	91.81376502999966
5522.48982969998	0.00010505261363343102	92.04149716166633
5527.04463939998	0.00020930683444283095	92.11741065666634
5540.70879939998	0.00014204578531526015	92.34514665666634
5566.51952469998	0.00010227799213849107	92.77532541166633
5571.07408759998	7.574594694627633e-05	92.851234793333
5573.09964809998	0.00013061401709075468	92.88499413499967
5577.65416279998	5.9517590520918005e-05	92.96090271333301
5583.72647759998	0.00012665481657712875	93.06210795999966
5587.77631319998	0.00011242007762701632	93.12960521999966
5593.34303779998	0.00010795747922469742	93.222383963333
5597.89710649998	0.0001107818781221071	93.29828510833299
5608.01939649998	0.00020319544122025291	93.46698994166633
5633.32365139998	9.115293376038269e-05	93.888727523333
5641.42104739998	5.147318321110425e-05	94.023684123333
5643.95186709998	0.0001073482876070314	94.06586445166633
5646.48227719998	9.786329004570046e-05	94.108037953333
5646.98855889998	0.00013837618525989066	94.11647598166633
5655.59261029998	0.00015131168315333547	94.259876838333
5657.61619509998	0.00016173046366966049	94.29360325166634
5694.56110739998	0.00015868509834250755	94.90935178999966
5698.60988729998	0.00013751442996814468	94.97683145499967
5700.63496639998	0.0001322349620813005	95.010582773333
5712.27486749998	0.00016365201577644167	95.20458112499968
5718.34747789998	0.00016332963872048336	95.30579129833299
5765.92050279998	0.00019781113123376286	96.09867504666633
5780.59709309998	0.00017022195849592152	96.34328488499968
5784.64611469998	0.00011695794248082648	96.410768578333
5789.20093109998	0.00014094159746003875	96.48668218499967
5790.21231969998	0.00010703558049123868	96.50353866166634
5790.71928379998	9.813087387545857e-05	96.511988063333
5791.22510749998	0.00016923210129024272	96.52041845833301
5804.88904109998	0.00015371674887639523	96.74815068499967
5805.90152629998	0.00012516846356017765	96.765025438333
5818.04769809998	0.00019399456152627707	96.96746163499967
5824.12045819998	0.00016618827462043243	97.068674303333
5829.18208289998	0.000176091175939016	97.15303471499966
5831.71282459998	0.00012916160081764908	97.195213743333
5833.23097559998	0.00015981887686084722	97.22051625999967
5838.29165549998	0.00011464506335947218	97.30486092499967
5841.32800409998	0.0001309882878295272	97.35546673499967
5869.66922339998	0.00012599321130392908	97.82782038999967
5877.76678929998	0.00018451121908434303	97.96277982166633
5878.27336269998	0.00014297853774228046	97.97122271166633
5902.56590179998	0.00010775924206690155	98.376098363333
5929.38817969998	9.528684350818528e-05	98.823136328333
5935.46213899998	8.292239410663363e-05	98.924368983333
5949.63234579998	8.850649315817988e-05	99.16053909666633
5977.46707569998	6.483014150587734e-05	99.62445126166634
5980.50314169998	9.417910134231477e-05	99.67505236166633
5986.57656019998	0.00023369548763608	99.776276003333
6023.01594179998	5.4708664553626496e-05	100.38359902999967
6027.06402089998	0.00020596154190571141	100.45106701499967
6036.17380779998	9.853927431136067e-05	100.60289679666633
6066.53908249998	0.00016243801103830852	101.10898470833301
6067.04592359998	1.646809800055333e-05	101.11743205999966
6068.56403269998	7.865989995489921e-05	101.142733878333
6078.18011909998	0.0001808481122798047	101.30300198499967
6095.38656419998	4.469558879769947e-05	101.58977606999967
6097.91771869998	0.00023676215946883056	101.631961978333
6100.44715669998	0.0001600139107230633	101.674119278333
6100.95427529998	0.00018084137826807515	101.68257125499966
6105.50837899998	4.802255459314058e-05	101.758472983333
6108.54561449998	8.167789945842916e-05	101.80909357499966
6128.78896459998	5.774994274790159e-05	102.14648274333301
6137.39279049998	0.00010688759458543747	102.28987984166633
6148.52621309998	0.00011608899319467497	102.47543688499967
6151.05705879998	0.00013995024160431656	102.51761764666634
6156.11759409998	0.00027081522478254955	102.60195990166633
6175.85573879998	0.00010923277628755031	102.93092897999966
6178.89225239998	0.00015964878776373188	102.98153753999966
6191.54408709998	0.00033628660415707825	103.19240145166633
6206.22116589998	0.0002580955377756407	103.43701943166634
6221.91015639998	0.0001298547203642902	103.69850260666634
6227.47690859998	0.00014320366171379078	103.79128180999966
6243.67154619998	0.00023914310931843463	104.06119243666633
6248.73315709998	9.159404293806096e-05	104.14555261833301
6251.26290599998	0.0002137781667302174	104.18771509999966
6254.29972799998	0.00011599933610442859	104.23832879999966
6274.03766859998	0.00011074143965242959	104.56729447666633
6277.58071559998	9.256923298567719e-05	104.62634525999967
6322.11621059998	0.00017418498372390732	105.36860350999967
6329.70806879998	0.00014622919574705938	105.49513447999966
6331.22595599998	0.00013096471741784924	105.52043259999967
6352.48146309998	0.0001693474812511864	105.87469105166633
6370.70148379998	9.302980473798281e-05	106.17835806333301
6371.71408469998	2.4084165211868402e-05	106.19523474499967
6379.81062709998	0.0002479457866732059	106.330177118333
6384.36649059998	0.00017952969410822751	106.40610817666634
6409.16490339998	7.550740788380814e-05	106.81941505666633
6410.17691759998	0.00017671594034918744	106.83628195999967
6430.92622239998	0.00014645426424817365	107.18210370666634
6444.59036039998	0.00020940787159551676	107.40983933999968
6453.70104319998	0.0001564628905957568	107.561684053333
6464.83399339998	0.0001543854485221922	107.747233223333
6467.36554709998	0.00011533813565246752	107.78942578499966
6470.40132259998	0.00010680680945090964	107.840022043333
6471.91972059998	6.575198351816947e-05	107.86532867666634
6491.65738559998	0.00015042372347657295	108.19428975999968
6496.71816729998	0.00021851386159161103	108.27863612166634
6508.86453799998	0.000116297278873966	108.48107563333299
6524.04805759998	0.0001081318800144923	108.734134293333
6532.14501169998	1.7122805522218934e-05	108.86908352833301
6535.18155969998	0.00016236506723165664	108.91969266166635
6550.87024879998	0.00014446039843786892	109.181170813333
6560.48570579998	0.00010278742422539539	109.34142842999967
6565.04120679998	2.0353568625109655e-05	109.41735344666633
6570.60830759998	0.00010805315606528236	109.51013845999968
6580.22420289998	7.20929895513475e-05	109.67040338166633
6606.54068519998	0.00018077321772923878	110.10901141999966
6608.56524929999	0.00011776274137928667	110.14275415499984
6612.10713379999	9.868390883661209e-05	110.20178556333317
6621.72417679998	0.00017897756367364046	110.362069613333
6622.73629939998	0.00012262460183283872	110.378938323333
6668.79076289998	0.0001976628228926245	111.14651271499967
6685.99749279998	0.00013499933065974322	111.43329154666634
6695.10664609998	0.00011131952402189972	111.585110768333
6695.61242229998	9.784116350409493e-05	111.59354037166632
6740.65606969998	0.0002030622612217625	112.344267828333
6770.51563429998	0.00011126194667382721	112.841927238333
6774.56421339998	0.00013727893789830607	112.90940355666633
6780.63710639998	2.3236540234069416e-05	113.01061843999967
6786.20379619998	0.00030599169997513816	113.10339660333301
6816.56968249998	0.00014481374463453764	113.609494708333
6833.77610689998	0.00012437723297652688	113.896268448333
6843.89808999998	0.0001383149710087119	114.06496816666633
6848.95969409998	0.000118464653388443	114.14932823499967
6858.57506599998	0.0002053878261890126	114.309584433333
6864.64795499998	0.0001334992300400716	114.41079924999967
6865.15429069998	0.0002390197892381253	114.419238178333
6866.67240939998	0.0001152524249036556	114.44454015666633
6895.51971249998	0.00022871155140282698	114.92532854166635
6900.07461179998	0.00012547098320058733	115.00124352999966
6919.81234509998	0.0002036153187885418	115.33020575166634
6922.84881869998	0.0001598873884954081	115.38081364499968
6932.46553839998	0.00015712561371029456	115.54109230666633
6954.22672409998	0.0001767188122721233	115.90377873499966
6984.59271629998	8.553601295259625e-05	116.40987860499966
6996.23181679998	0.00011530002816461988	116.603863613333
7000.78709429998	0.000272732763533191	116.67978490499966
7004.83629189998	0.00015260274259236344	116.74727153166633
7010.40281109998	0.00014146030940784227	116.84004685166633
7014.95744479998	0.00012257236513055285	116.915957413333
7035.70777449998	0.00010817608606619653	117.26179624166633
7086.82301359998	0.00018663918854389707	118.113716893333
7111.62136839998	0.00019722661987144028	118.52702280666634
7128.32325319998	0.00014330112722638015	118.805387553333
7130.34700429998	0.00014037149243115467	118.83911673833299
7140.46868809998	0.000252496724875684	119.007811468333
7145.02463719998	0.00017022012811157512	119.083743953333
7168.30449099998	0.00013056384518077337	119.47174151666633
7183.99389179998	4.346227673747429e-05	119.73323152999966
7184.49883409998	0.0002492866395715831	119.74164723499966
7213.34715749998	0.00020391911234838694	120.22245262499968
7219.92517579998	0.00017968231545694804	120.332086263333
7221.95004089998	0.000133169955496558	120.36583401499966
7222.45664539998	0.00017175458510066313	120.374277423333
7226.50552029998	0.0001369291907790812	120.44175867166634
7241.68762349998	0.00015332154190490793	120.69479372499967
7260.41340219998	0.00014228314965403544	121.00689003666633
7281.66934589998	0.00010217788815269085	121.36115576499967
7284.70524619998	8.274788077251251e-05	121.411754103333
7288.24781609998	0.00019427438018294505	121.47079693499967
7292.80254859998	0.0001245981416069634	121.54670914333299
7303.43141009998	0.00013066044474072664	121.72385683499967
7307.48052619998	4.832112194902683e-05	121.791342103333
7314.05920209998	4.837814087859036e-05	121.90098670166634
7321.14405629998	0.00017910760612907794	122.01906760499966
7325.19234719998	0.0001433636651901106	122.08653911999967
7331.77272289998	0.0002398719832711207	122.19621204833301
7334.80823199998	0.0001649126714195937	122.24680386666634
7345.43720489998	0.00024519003741418346	122.42395341499967
7347.96755049998	0.0001939996698234561	122.46612584166633
7348.97941639998	0.00017045004900438908	122.482990273333
7349.99199969998	0.00021042090569629756	122.49986666166633
7353.02800669998	9.075248730190369e-05	122.550466778333
7369.72901779998	0.00018079222548043265	122.82881696333301
7377.82623309997	0.000142208130434307	122.96377055166616
7384.40534599997	0.00013100797456950308	123.07342243333284
7389.97290219997	0.00019560345609285335	123.16621503666617
7399.08238549997	0.0003534549898387138	123.31803975833283
7407.68689199998	0.000131064333086624	123.46144819999967
7408.69863599998	0.00014981230716245311	123.47831059999967
7434.50970909998	0.00024037700695553538	123.90849515166633
7443.61874429997	0.00025999407926255636	124.0603124049995
7474.49007299997	7.879064090779177e-05	124.5748345499995
7476.51472639997	0.00011400205562761723	124.60857877333282
7499.28870269997	0.00011086036884588478	124.9881450449995
7521.05075639997	0.00010598350027582317	125.3508459399995
7526.61852209997	0.0001739512131539703	125.4436420349995
7531.67952469997	0.00016676766140743637	125.52799207833283
7536.74020389997	0.00011642798928862498	125.61233673166616
7540.78858149997	0.00024754449231943656	125.67980969166616
7542.81269399997	0.00013109140406881406	125.7135448999995
7545.34351659997	0.00016171774697962274	125.75572527666617
7567.61166389996	0.00015293128091711713	126.12686106499933
7571.15482059996	0.00014112140197698254	126.18591367666599
7577.73377989996	0.0002376826921995072	126.29556299833266
7579.75767599996	0.0002075800853921913	126.32929459999933
7608.60580859997	0.0003061246385035178	126.81009680999951
7609.11169169997	0.0002298886003508691	126.8185281949995
7621.76366099997	0.0001554672509080893	127.02939434999949
7629.86099469997	9.086497838912318e-05	127.16434991166618
7634.92261559997	8.930026338974594e-05	127.24871025999951
7637.45281399997	0.00016815895569533102	127.29088023333284
7657.19071659997	8.92782433030111e-05	127.61984527666617
7658.70853789997	0.00021748244530125354	127.64514229833283
7659.21503219997	0.0003872233582594151	127.6535838699995
7670.85528679997	0.0002641688937950267	127.84758811333283
7678.95254629997	0.00015688771367946514	127.98254243833283
7693.62952419997	0.00012461024555630135	128.22715873666615
7709.31844619997	0.00011668075582888322	128.4886407699995
7797.88337279997	4.457603289354619e-05	129.9647228799995
7841.91432019996	0.0001236764587728587	130.69857200333266
7856.59117639996	0.0001345024399372382	130.94318627333266
7883.41429479996	0.00022102297657670454	131.390238246666
7896.06560009996	8.649886481386693e-05	131.60109333499932
7907.70660019996	0.00023779102268950812	131.79511000333267
7950.21814139996	0.00015294849875748274	132.50363568999933
7966.41329249997	0.0001806787009059881	132.77355487499952
7975.52269089996	0.0002521126555704776	132.925378181666
7996.27305919996	0.00033065765035247054	133.27121765333266
8003.86399139996	0.00017094017094017094	133.39773318999931
8005.38237309996	0.00024598642338286844	133.423039551666
8019.55366349996	4.535655467982128e-05	133.65922772499934
8022.08368209996	0.0001348896051208999	133.701394701666
8022.59056369996	0.00018204865702327322	133.70984272833266
8036.25518829996	5.531816192305341e-05	133.93758647166598
8079.77916549996	0.0002328400035757572	134.662986091666
8088.38228069996	0.00019992373770005614	134.80637134499932
8092.93709599995	0.00013694295599670091	134.8822849333325
8099.01034779995	0.0002415770432029848	134.98350579666584
8109.13229049995	0.00022464144574211442	135.15220484166582
8110.65086189995	0.0002675444697491986	135.17751436499915
8127.85852779995	0.00023606203174158114	135.46430879666585
8128.36370439995	0.00019563728846718183	135.47272840666582
8151.13902749995	0.00015817987022175503	135.85231712499916
8151.64410779995	0.00022687288629710776	135.86073512999917
8166.32052189996	0.00014945470867249767	136.105342031666
8172.90038309996	0.0001312952915814306	136.21500638499933
8175.93689309996	0.00019123604724705562	136.26561488499934
8212.88112919995	0.00018317814074187146	136.8813521533325
8226.03957809995	0.00022395284656587087	137.10065963499918
8230.59440769996	2.7293497398681577e-05	137.176573461666
8238.69154439996	0.00013238807691330954	137.31152573999935
8304.48361609995	0.00018219251326723028	138.4080602683325
8310.55731459995	0.00016223696139714653	138.50928857666582
8331.81302249995	0.0001964057743297653	138.86355037499916
8352.56293319996	0.00022601109862698259	139.20938221999936
8370.78208619996	0.00018050237547441076	139.51303476999934
8379.38534059996	0.00020970130004651003	139.65642234333265
8395.58043869996	0.00012219269788456397	139.92634064499936
8406.20801979996	0.00012269037876128978	140.10346699666601
8419.87274699996	9.71226796098499e-05	140.33121244999933
8448.72000169995	0.0002718536558686609	140.8120000283325
8450.23812649995	0.00019191192496340173	140.8373021083325
8469.46969179995	0.0001439454387001681	141.15782819666583
8473.51943479995	0.00016527653899528962	141.2253239133325
8480.60357489996	0.00018228487833296073	141.34339291499933
8538.80500859996	0.00029945721498770823	142.31341680999932
8613.70653169996	0.00011149492290813379	143.56177552833267
8630.40875139996	0.00033816305124172516	143.840145856666
8635.97439739996	0.00012415757432832772	143.93290662333266
8637.49246549996	0.00017686368461913526	143.95820775833266
8643.56597819996	0.00019930708192079873	144.05943296999934
8652.17009499996	0.00021325383391895228	144.20283491666598
8672.91944779996	0.0001627262859989968	144.5486574633327
8683.04091929997	0.0001088204574323864	144.7173486549995
8688.10149329997	0.00012299883507280914	144.8016915549995
8708.34601169997	8.960488512558907e-05	145.13910019499951
8720.99734799996	4.741676508908044e-05	145.34995579999935
8750.85812409996	0.0003209097092627797	145.847635401666
8770.59593289996	0.0001776568416552366	146.176598881666
8776.66912369996	4.4097504874979166e-05	146.27781872833265
8809.05883819996	0.00011996039861539684	146.81764730333268
8829.80940829995	0.000235791471045784	147.16349013833252
8831.83289619995	2.207852103347104e-05	147.19721493666583
8840.94224329995	0.00016026829280648664	147.3490373883325
8875.86356769994	0.0001923693491503687	147.93105946166568
8892.56455479994	0.0001382912087465122	148.20940924666564
8979.61176319994	0.00022755078238433232	149.66019605333233
8991.75795539994	0.0003633596403697096	149.862632589999
8992.26439359994	0.0002298462245680691	149.8710732266657
9018.58124909994	0.0002749637788099068	150.309687484999
9024.14810239994	0.00015642680451971648	150.40246837333234
9044.39269619994	0.00014964975933260842	150.739878269999
9046.41709699994	0.00017240924582432622	150.77361828333233
9055.02001799995	0.00019840584791510954	150.91700029999916
9093.48381479994	0.00011306260382002937	151.558063579999
9105.62997349994	0.00018779005251831851	151.76049955833233
9123.34277499994	0.00015919880911971292	152.05571291666564
9133.46480639994	0.00019205472645157553	152.22441343999898
9137.00666899994	7.990598886701125e-05	152.28344448333235
9141.05616439994	2.1291353723195367e-05	152.35093607333235
9148.64676419994	0.00015197110042352153	152.47744606999902
9176.98889419994	0.0001164114834741797	152.94981490333234
9189.13537939994	0.00010223740587851807	153.15225632333235
9199.76260079994	9.076108469433555e-05	153.329376679999
9209.88459069994	0.00011983985303541925	153.49807651166566
9210.89717939994	0.00015848263076874094	153.51495298999902
9232.15254739994	0.00013662982844189726	153.86920912333235
9258.46946229994	0.00015639354666381104	154.30782437166565
9319.20044429994	8.250293667516232e-05	155.32000740499902
9332.35952749993	0.00011163116143592199	155.53932545833217
9365.76074409993	0.0001066557914976236	156.09601240166552
9387.52324389993	0.00011406119469070932	156.4587207316655
9409.79110659993	9.863847722599124e-05	156.82985177666552
9412.32191149993	0.00013235402430994544	156.87203185833218
9413.83980579993	0.00021638486768639547	156.89733009666548
9425.47946829993	0.00013517138567977033	157.0913244716655
9428.01051359993	8.77339585098696e-05	157.13350855999883
9484.18702589993	0.0001441722531021446	158.06978376499882
9546.94204299993	7.229885284940597e-05	159.1157007166655
9554.53416399993	0.00013193282344582755	159.2422360666655
9569.71627679994	0.00012578440552892342	159.495271279999
9582.36844239994	0.00012035819498702494	159.70614070666568
9585.91157259994	7.128944861762887e-05	159.76519287666568
9588.94829029994	9.290241351522205e-05	159.81580483833235
9606.15459189994	7.996391019508328e-05	160.10257653166568
9610.20330579994	0.00014062670003264064	160.17005509666566
9610.70969469994	0.000108239116316637	160.1784949116657
9618.30159389994	0.00013013711266134385	160.305026564999
9620.83241279994	0.00016739060011954028	160.347206879999
9624.37398279995	4.091398431460126e-05	160.40623304666585
9650.69162289994	0.00017782566285823371	160.84486038166565
9656.76542359994	0.00011575979789079306	160.94609039333233
9669.41784679995	9.627504119354492e-05	161.1569641133325
9687.63673259994	6.955049701751893e-05	161.460612209999
9697.75906709994	0.00020635840081986386	161.629317784999
9699.78350859994	0.00012148433828020298	161.66305847666567
9706.36202229994	0.0001874395701243251	161.77270037166565
9710.41041509994	0.00015203844268987286	161.84017358499898
9727.11286369994	0.00012889359173009902	162.11854772833235
9758.48984329995	0.00021674556533647285	162.6414973883325
9758.99634229995	0.00016292898834198059	162.6499390383325
9764.05768659995	9.027532130644971e-05	162.73429477666585
9778.22693849995	0.00010991454914233266	162.9704489749992
9785.81871629995	4.254237514883142e-05	163.09697860499915
9791.89252969995	7.233919422648125e-05	163.1982088283325
9796.44626809995	0.00016706661401537013	163.2741044683325
9823.77576899995	0.000100757580552268	163.72959614999917
9864.26328109995	0.0001072686070605383	164.4043880183325
9886.53176229995	9.702636307733288e-05	164.77552937166584
9964.46992899994	0.00018819264618836297	166.07449881666568
9968.01230209994	1.081860020295694e-05	166.13353836833232
9974.59163959994	0.00012843954407014348	166.2431939933323
9984.20758909993	1.1631053672660277e-05	166.40345981833215
9994.83540659993	0.00011294493572859706	166.58059010999884
10011.5360345999	0.00011582560248706726	166.85893390999834
10052.5289212999	6.926638212003789e-05	167.54214868833165
10084.9196571999	9.594415136636655e-05	168.081994286665
10094.0288749999	0.00018901649674506042	168.23381458333168
10170.9556502999	0.00012917434714643266	169.51592750499833
10209.4191451999	0.0001755153820347787	170.15698575333167
10215.4908628999	0.00012320749672977202	170.25818104833166
10224.6015496999	0.00010619238808897398	170.41002582833167
10232.1923681999	0.00010599891506992811	170.53653946999833
10244.8441216999	0.00010571694342890182	170.74740202833166
10258.5088247999	0.00010724004011223302	170.97514707999832
10261.5462581999	8.361826212326752e-05	171.02577096999832
10273.6917050999	9.408573569947793e-05	171.22819508499833
10278.2471190999	1.1141093030355021e-05	171.304118651665
10312.1547869999	0.00020442229900149902	171.86924644999831
10328.3504022999	0.000133649776157378	172.139173371665
10348.0870334999	9.375349417679253e-05	172.46811722499834
10357.1976694999	0.0001270405712524107	172.61996115833165
10365.2948420999	0.00010343931783743919	172.75491403499834
10380.4773606999	3.0547262241815344e-05	173.00795601166502
10382.5017951999	0.00011802859650171142	173.04169658666498
10386.5505963999	0.00013088063575337992	173.10917660666502
10398.6973548999	0.00015369338250100954	173.31162258166498
10399.7087981999	5.157170923379175e-05	173.3284799699983
10427.0385569999	0.0001745176690373557	173.78397594999834
10466.0073460999	0.0001247549013516771	174.43345576833164
10474.6108385999	0.00011954995633772737	174.57684730999833
10477.6472684999	7.778415690175649e-05	174.62745447499836
10480.1775061999	4.03601239944237e-05	174.66962510333167
10498.9037300999	8.844361667866113e-05	174.98172883499834
10506.4948966999	0.00015309604971501756	175.10824827833167
10512.0610126999	9.185928740949683e-05	175.20101687833167
10517.1224004999	1.1379351938320879e-05	175.285373341665
10541.4153628999	0.00018437495508106416	175.69025604833166
10559.1282844999	0.0002938351982816629	175.98547140833168
10576.8417866999	6.375971191592748e-05	176.28069644499834
10609.7372750999	0.00015443646611154453	176.82895458499834
10651.2365311999	0.00010744243799075995	177.52060885333168
10658.8279309999	9.504749454273394e-05	177.64713218333165
10676.5423813999	0.00012008353207888995	177.94237302333167
10685.6516548999	0.0002393064131390876	178.0941942483317
10691.7248205999	0.0002152713685545956	178.195413676665
10695.7733104999	7.759360806662037e-05	178.26288850833168
10760.5529104999	0.00011412215551186291	179.34254850833167
10764.0950805999	0.00014170039343029553	179.401584676665
10787.8816282999	9.287877072916063e-05	179.79802713833166
10788.8942435999	5.54748060131579e-05	179.81490405999833
10789.4007401999	0.0001176913795766416	179.82334566999833
10819.7662648999	0.00013022711829688258	180.32943774833166
10824.8264536999	0.00018466656501367815	180.41377422833165
10835.4547278999	0.00010802477405758257	180.590912131665
10836.4665016999	0.00014499437534488212	180.60777502833167
10865.8196586999	9.265729034385042e-05	181.09699431166501
10924.5263841999	0.00018948429994686088	182.075439736665
10948.8202712999	0.0001119037793281155	182.4803378549983
10979.6913894999	0.00020790260584722475	182.994856491665
10986.2705039999	2.822063797831865e-05	183.10450839999834
10987.2829694999	0.00011270555129375065	183.12138282499834
10994.8739471999	0.00010151418895266321	183.24789911999832
11048.0130715999	0.0001655704791502483	184.13355119333167
11052.5679650999	0.00012614184370305517	184.20946608499835
11075.3430647999	0.00013062237935362577	184.5890510799983
11086.9826355999	8.062160653475782e-05	184.783043926665
11095.0797272999	0.00012221066559636585	184.91799545499833
11124.4336075999	0.0001231270751035348	185.40722679333166
11124.9395235999	8.981771112159593e-05	185.415658726665
11125.4453792999	7.19187286868585e-05	185.4240896549983
11145.6890425999	9.675877564559373e-05	185.76148404333168
11146.1960937999	0.00011232903838815937	185.76993489666498
11155.8113422999	8.498289160208537e-05	185.93018903833166
11158.3413525999	1.3583019414662417e-05	185.972355876665
11161.3777001999	0.00011758681410863289	186.02296166999835
11168.4633657999	8.906093435941061e-05	186.141056096665
11193.2618905999	0.00010058260980814366	186.55436484333168
11201.8654580999	0.00011506604741417018	186.6977576349983
11230.7124995999	7.006184377885994e-05	187.17854165999833
11232.2308820999	0.00015125296630017548	187.20384803499834
11245.8958502999	7.932364258411489e-05	187.43159750499834
11258.0422680999	0.0001494337559003933	187.634037801665
11272.2131081999	0.00017452261187250083	187.87021846999832
11293.9742636999	0.00012363164763305734	188.23290439499834
11294.9863167999	0.00015993784578592607	188.249771946665
11309.1568852999	0.00018194909513432995	188.48594808833167
11350.6582023999	8.717706525870906e-05	189.177636706665
11356.7311814999	7.694613823573421e-05	189.2788530249983
11362.2979305999	0.0001339112373164422	189.371632176665
11401.7736468999	0.00017505691363384592	190.029560781665
11437.1995801999	0.00010837492761216667	190.61999300333167
11463.0105039999	4.805872292669568e-05	191.050175066665
11465.5402745999	6.298554220512659e-05	191.09233790999832
11481.2302398999	6.599575583779403e-05	191.353837331665
11489.3275742999	0.00014297984637638882	191.48879290499832
11493.8818765999	6.529036043830321e-05	191.56469794333168
11501.4731886999	0.00010082729045150359	191.691219811665
11544.9972252999	0.0001352509847553566	192.416620421665
11651.7836635999	6.446692326532581e-05	194.19639439333164
11658.8688069999	0.00017934996259733163	194.314480116665
11672.5330539999	5.844751370293364e-05	194.542217566665
11686.7041738999	8.058250077621801e-05	194.77840289833165
11715.0455211999	0.00011051558428373211	195.250758686665
11742.3744746999	9.34244090840885e-05	195.70624124499832
11792.9835729999	1.2993609165518657e-05	196.549726216665
11815.7572476999	0.00013875440688922473	196.92928746166498
11823.3492183999	9.848367694098304e-05	197.055820306665
11867.3786337999	0.00011859224650245523	197.789643896665
11873.4521936999	6.900605507348314e-05	197.89086989499836
11874.9698910999	1.3470654179869154e-05	197.916164851665
11879.5252427999	0.0001078647004708852	197.99208737999834
11935.7020814	9.815265571235807e-05	198.92836802333335
11947.3414396	0.00010262745814375373	199.12235732666667
11952.4019722	0.00013745465625320948	199.20669953666666
11974.1649021	0.00015147534620400417	199.569415035
12025.7870043	8.97885930233732e-05	200.429783405
12068.8039898	0.00010570914368156793	201.14673316333335
12110.3040854	0.00010854751365889546	201.83840142333332
12141.1761359	0.000156711278322176	202.35293559833332
12149.2737127	0.0001068384132869825	202.48789521166665
12163.9504293	0.00012419810916088617	202.732507155
12172.5538461	0.00011257012998379352	202.87589743499998
12180.1447866	0.0001360525824534739	203.00241311
12186.2187878	5.94119786780893e-05	203.10364646333335
12199.8826324	8.548904469108047e-05	203.33137720666667
12215.0656843	0.00012118420145333014	203.58442807166665
12217.5961526	0.000203635256715568	203.62660254333332
12260.6138907	5.1697434634722984e-05	204.343564845
12290.473318	0.00012511802670997876	204.84122196666667
12308.6917722	0.000138886605106329	205.14486287
12341.58813	0.00012923096804764314	205.6931355
12353.2290902	0.00011137484495789141	205.88715150333334
12398.7775697	0.00012280608142150454	206.64629282833332
12408.3932093	5.2682389010562276e-05	206.80655348833335
12486.8371118	0.00013151361663013827	208.1139518633333
12498.4778411	0.00010338092450956537	208.30796401833334
12518.7211323	0.00011576115869719401	208.645352205
12532.3855784	0.00017074509637695024	208.87309297333334
12542.5073767	6.888600825300474e-05	209.04178961166664
12553.641265	9.764784258936656e-05	209.22735441666666
12562.2450716	0.00012883936907537457	209.37075119333335
12572.3666591	0.00011198465963566635	209.53944431833332
12628.5434697	9.406547243666569e-05	210.475724495
12634.6156786	1.2620761758889938e-05	210.57692797666667
12637.6529207	4.822949230421101e-05	210.62754867833334
12650.8108731	0.00014231604793478838	210.846847885
12691.2987198	0.0001429126583592643	211.52164532999998
12697.8780531	6.538990547525887e-05	211.631300885
12707.4928987	7.778109277893393e-05	211.79154831166667
12708.5055324	0.00010154701137074757	211.80842554
12729.7621237	2.750138085880733e-05	212.16270206166666
12820.8582467	0.00011842684736629795	213.68097077833332
12829.4618948	6.791868676193066e-05	213.82436491333334
12843.6318899	9.017792586640221e-05	214.06053149833332
12888.1681805	0.00018184953374652057	214.80280300833334
12953.9602089	0.00011587263061039508	215.899336815
13001.0273502	0.00010287834533467144	216.68378917
13049.6115725999	0.0001469533744496629	217.49352620999835
13066.8191603999	3.304530688999084e-05	217.78031933999833
13129.0695805999	0.00010467049171537348	218.81782634333166
13140.7087512	6.34127367664219e-05	219.01181252
13154.8797501999	2.1593338341472506e-05	219.24799583666498
13169.0501015	0.00011632376903552147	219.48416835833333
13273.8110319	0.00011604386458081155	221.23018386500001
13290.5123564	8.949224620991037e-05	221.50853927333335
13299.6218006	0.000149474535110124	221.66036334333333
13303.1642942	0.00010565460026069955	221.71940490333333
13306.7075576	9.794716964073062e-05	221.77845929333336
13326.9506319	0.0001042807469442733	222.115843865
13340.1090044	0.0001155931209056243	222.33515007333332
13393.755494	7.25250708998902e-05	223.22925823333335
13428.6749896	7.688833780670272e-05	223.81124982666668
13458.0283068	0.00014047690657557145	224.30047178
13496.492354	0.00012508849688761765	224.94153923333334
13545.0764482	8.999619693490372e-05	225.75127413666667
13563.2959083	0.00010872660671994119	226.054931805
13573.4176017	0.000150943964155899	226.223626695
13578.4791923	0.0001117130321069599	226.30798653833332
13598.2166074	0.00013774952514169095	226.63694345666667
13602.7707718	0.00015159183931355943	226.71284619666667
13700.9538123	6.960525370670214e-05	228.349230205
13716.6424201	0.00012238313165661475	228.61070700166667
13726.764233	0.000117838654559339	228.77940388333334
13732.8372517	8.809492373736774e-05	228.88062086166667
13767.7571311	9.250304839591304e-05	229.46261885166666
13770.2886515	8.894881773551174e-05	229.50481085833331
13791.5446336	0.00010870936188266093	229.85907722666667
13794.0741614	0.00013160438636062994	229.90123602333333
13835.5745485999	9.959623685578664e-06	230.59290914333167
13855.8175383999	0.00015505828354065284	230.930292306665
13861.3852989999	0.00010019437270775292	231.023088316665
13952.9879441	0.00014111252021969993	232.54979906833333
13962.0974932999	0.00012302225420850811	232.70162488833165
13968.6765235	8.66647129879134e-05	232.81127539166667
14016.2497458999	7.245009859269609e-05	233.604162431665
14035.4806478999	7.854927612779154e-05	233.92467746499833
14072.9322556999	0.00012090829315950832	234.54887092833167
14103.2971212999	5.1251204885805236e-05	235.054952021665
14129.1074329	0.00010711170159486635	235.48512388166668
14154.412818	7.026128933598949e-05	235.9068803
14162.00316	0.00016056612566048517	236.033386
14188.320901	8.228483377888961e-05	236.47201501666666
14237.4115448	8.642633588329389e-05	237.29019241333333
14254.1125986	2.309506158298171e-05	237.56854331000002
14270.3079616	0.0001295417580255917	237.83846602666665
14275.8740368	8.622529521469874e-05	237.93123394666665
14351.7891991	5.9360565292462086e-05	239.19648665166667
14372.5378889	0.00011918568469976862	239.54229814833334
14382.1546256	0.00010400378972713253	239.70257709333333
14422.1344815	0.00012978854516662754	240.368908025
14514.2434774	8.805057555143584e-05	241.90405795666666
14552.2014004	0.00013887585172776482	242.53669000666665
14579.0243937	9.845363476966797e-05	242.98373989499999
14587.1217899	0.0001203186669480677	243.11869649833335
14604.3284081	0.0001095027824937808	243.40547346833333
14619.0053099	0.0001181867918025835	243.65008849833333
14626.597076	0.00010632960875655602	243.77661793333334
14635.200121	8.823292274599111e-05	243.92000201666667
14642.2855844	0.00010358299810846087	244.03809307333333
14695.4266065	0.00017478950866186568	244.923776775
14708.077898	0.00016429922755201398	245.13463163333333
14709.5961742	9.350952593713559e-05	245.15993623666665
14714.6576577	0.00012387534585285578	245.244294295
14781.9675079	0.00013970077013764984	246.36612513166668
14806.7667484	0.00016501137455780476	246.77944580666664
14810.814819	8.139789789928675e-05	246.84691364999998
14815.8762491	0.00014590008308276077	246.93127081833333
14825.9987922	0.00011416892299530004	247.09997987
14834.0950778	0.00013482536267452473	247.23491796333334
14854.3395268	0.00018244000721803145	247.57232544666667
14854.8453884	8.773326396892953e-05	247.5807564733333
14901.4058526	8.366987044911482e-05	248.35676421000002
14969.7285583	0.00013206077659692108	249.49547597166665
14976.813358	0.00012527829050162247	249.61355596666667
14989.4658226	0.00018136246951535982	249.82443037666664
15014.7715302	0.00021047128268311482	250.24619217
15057.282933	1.4309572658922115e-05	250.95471555
15110.4226278	0.00014633121918396162	251.84037713
15192.9162659	0.00012032207860615176	253.21527109833332
15204.5560194	0.0001341167388951852	253.40926699000002
15210.1231129	9.181377341711827e-05	253.5020518816667
15230.8718352	0.0001390217397456433	253.84786391999998
15287.0483531	6.28183850039012e-05	254.78413921833334
15322.9817784999	9.075213023548714e-05	255.383029641665
15323.4871681999	8.037430710100415e-05	255.39145280333165
15354.3593339999	0.00014377526747208315	255.90598889999833
15404.9685749999	0.00014204260666533233	256.74947624999834
15424.1993465999	0.0001604297160186126	257.06998910999835
15458.6142142999	0.00016275417416097387	257.6435702383317
15470.7601674999	0.0001291541893335514	257.846002791665
15511.7533738999	0.00015840621247062116	258.5292228983317
15528.9607330999	7.102322227049293e-05	258.81601221833165
15538.0708862999	0.00019691802208661083	258.9678481049983
15598.2958194999	0.00017114380434111155	259.97159699166497
15608.4172822999	0.00016547408168883097	260.1402880383317
15677.2466675999	0.00012271026462556636	261.2874444599983
15763.2837397999	3.540261050405197e-05	262.72139566333163
15770.8738547999	0.00019042478558715971	262.84789757999835
15807.3123544999	4.825606275432872e-05	263.45520590833166
15809.8436972999	9.947208960987848e-05	263.49739495499836
15821.4834784999	1.5051732805653029e-05	263.6913913083317
15829.5808000999	8.556422739938262e-05	263.82634666833167
15833.1231278999	0.00021077968083876714	263.88538546499836
15998.6161707999	0.00011702236589968257	266.643602846665
16003.1712261999	5.7558487464523235e-05	266.719520436665
16008.7377719999	3.0170699435140682e-05	266.81229619999834
16016.8351653999	8.044377091260925e-05	266.947252756665
16068.9625197999	0.0001353964296878519	267.816041996665
16082.6264842999	8.33751282013313e-05	268.0437747383317
16112.9930708999	0.00013116420786075256	268.5498845149983
16158.0352893999	0.00010240549911470748	269.300588156665
16224.8389280999	0.0002018595159174309	270.4139821349983
16283.5462454999	0.0001558062188441964	271.3924374249983
16288.6063248999	0.00011813607248550696	271.476772081665
16341.2397534999	0.0001508984954059448	272.353995891665
16359.9656889999	9.53208937172035e-05	272.666094816665
16409.0567875999	0.00014851615703108335	273.48427979333167
16417.6602429999	0.00012690755747265107	273.627670716665
16425.2519209999	0.00022020510334010157	273.7541986833317
16454.6046363999	0.00016314098393875896	274.243410606665
16466.7513042999	0.00011474126284849361	274.44585507166505
16484.4639981999	7.994157244846543e-05	274.741066636665
16606.4332655999	0.00010671301060269984	276.77388775999833
16734.9803663999	0.00010291041617824814	278.91633943999835
16782.5530164999	0.00013375482551504533	279.709216941665
16787.6137561999	8.94071234827611e-06	279.7935626033316
16794.6989630999	0.0001297557923228227	279.9116493849984
16797.2304626999	6.689018083697286e-05	279.95384104499834
16848.8505890999	7.739734114195731e-05	280.8141764849983
16864.0338535999	0.00011493716626869849	281.06723089333167
16879.7224947999	6.977014146698138e-05	281.328708246665
16986.5080959999	8.393049638536551e-05	283.108468266665
17035.0934808999	6.824742458198452e-05	283.91822468166504
17085.1958120999	0.00012184324945593604	284.7532635349983
17111.0074446999	0.00010481068898735642	285.18345741166496
17169.7142699999	0.00010699856283375662	286.1619044999983
17178.3179611999	0.00014662965247534983	286.3052993533317
17233.4816670999	7.622747407560072e-05	287.22469445166496
17258.2800795999	0.00010531735389325552	287.638001326665
17260.3051961999	0.00012030468442257236	287.67175326999836
17283.5850585999	0.0001423567356407584	288.059750976665
17308.8896985999	8.99017014796022e-06	288.48149497666503
17345.3275917999	2.064171372461353e-05	289.08879319666505
17355.9555160999	8.472211147436409e-05	289.26592526833167
17360.0047468999	8.783355034726458e-06	289.33341244833167
17368.1015595999	0.00010041808959574895	289.46835932666505
17526.0025952999	5.213990000815315e-05	292.1000432549983
17540.1737687999	9.656391344654558e-05	292.33622947999834
17572.5631751999	2.1653307502990242e-05	292.8760529199983
17597.8682734999	6.331087510223781e-05	293.2978045583316
17602.9299928999	8.023147567314798e-05	293.38216654833167
17603.4356446999	2.8637273698580127e-05	293.3905940783317
17627.2222577999	1.0270148027751582e-05	293.7870376299983
17677.3243889999	0.00012034987512956943	294.6220731499983
17740.5868160999	0.00011793520202898031	295.67644693499835
17757.2868562999	8.940586410667876e-05	295.9547809383317
17792.7137723999	7.251431566585088e-05	296.54522953999833
17839.7801988998	8.022420852166537e-05	297.32966998166336
17877.7375522998	0.00010577114286110161	297.96229253833
17995.1504081998	0.00010445511255752427	299.9191734699967
18010.8396458998	0.00010791479674639902	300.1806607649967
18029.0594052998	7.409952239489657e-05	300.4843234216633
18070.5594283998	0.00013550919698096802	301.17599047333
18218.8436291998	0.00010346887756294079	303.6473938199967
18253.2583957998	0.0001059307728895244	304.22097326333
18254.2702652998	0.0001807775281521734	304.2378377549967
18389.3973282998	0.000276033400041405	306.48995547166334
18426.8472819997	0.00023590866237632046	307.11412136666166
18446.5849698997	0.0001283020477081626	307.4430828316617
18462.7803401997	0.00018036190588769136	307.713005669995
18517.9438601997	0.0002473651467307228	308.632397669995
18541.7302914997	0.0001571999886339367	309.0288381916617
18554.3839209997	0.00011433144686446007	309.23973201666166
18581.2056032997	0.00014460794844749737	309.686760054995
18589.3030330997	0.0002127718581029934	309.82171721832833
18613.5961287997	0.00013280088814642755	310.2266021466617
18634.3464232997	0.00020389583730308862	310.57244038832835
18674.8325387997	6.236795157539512e-05	311.247208979995
18689.0040749997	0.00014240220111894775	311.483401249995
18761.8814522998	0.00014590526270170318	312.69802420499667
18799.3315993997	0.0001702078061555098	313.3221933233283
18802.8742002997	0.00016731020339873386	313.38123667166167
18827.1674669997	0.0001887093875431835	313.78612444999504
18828.6853094997	0.0002298166938275423	313.81142182499497
18842.8562121997	0.00019554868688820013	314.04760353666165
18872.7148250997	0.00013127552285535085	314.545247084995
18942.5554391997	0.00014436219076609754	315.709257319995
18965.3301012997	0.00017069625925033932	316.0888350216617
18969.8847499997	0.000129537538571561	316.1647458333283
18978.4887311997	0.00013437334582332868	316.30814551999504
19003.7933202997	0.0001497375726969812	316.7298886716617
19074.1405814997	0.00032675199927276215	317.90234302499505
19090.3349950997	0.00021559376482776883	318.1722499183283
19121.2061094997	0.00022640430984728843	318.68676849166167
19142.4622848997	0.00012376460229594045	319.04103808166167
19157.6457072997	0.0002693960258229756	319.29409512166166
19160.6814131997	0.0001888876858821219	319.344690219995
19173.8405554997	2.172411246138539e-05	319.5640092583283
19192.0593332997	0.00015169937992878454	319.867655554995
19194.0835428997	0.0003186540641747182	319.9013923816617
19236.5951509997	0.00016409998616677803	320.6099191833283
19269.9977761997	0.00014053931742086487	321.1666296033283
19289.7356750997	0.00011731724676919641	321.495594584995
19405.1242783997	0.00011406388162313879	323.41873797332835
19411.7037273997	0.00022384748348186593	323.5283954566617
19452.6965198997	0.00031351425738793684	324.21160866499497
19454.7218848997	0.00012582839047998917	324.2453647483283
19516.4657309997	0.0001648927256319469	325.274428849995
19532.6597970997	0.00011271517780316105	325.54432995166167
19537.2152041997	0.00018652368624999774	325.6202534033283
19571.1233156997	0.00023926200604217396	326.185388594995
19584.7869083997	0.00027873347871780615	326.413115139995
19689.0427379998	0.00013274825403969222	328.15071229999666
19730.0357771997	0.0001284747075960299	328.833929619995
19739.6515865997	0.00015734273526750493	328.99419310999497
19745.2189832997	0.00018991921370306366	329.08698305499496
19876.8024047997	0.0001644687093554339	331.280040079995
20025.0875263997	0.00019182413076519053	333.75145877332835
20045.3317628997	0.00017391513974339767	334.088862714995
20068.1061352998	0.00020635692575995027	334.46843558833
20085.3129330997	0.00016849615130132454	334.75521555166165
20127.3192806998	2.890392278259221e-05	335.45532134499666
20149.0803348998	2.9586419510683656e-05	335.8180055816634
20151.1050138998	0.00014477072445247304	335.85175023166335
20204.2444049998	0.00015763602463416012	336.7374067499967
20226.5124258998	0.00020829575811457724	337.10854043166336
20236.1281427998	0.00015358797204993325	337.26880237999666
20256.3727682998	0.00014954501398777736	337.6062128049967
20277.6285994998	0.00020259431908234657	337.96047665833
20281.1715894998	0.0002040591817226813	338.0195264916634
20440.5901224998	0.00014201840001008728	340.67650204166335
20672.3805077998	0.0002850863493613952	344.5396751299967
20717.4229835998	0.00014178106801930552	345.2903830599967
20749.8130419997	2.971872220061194e-05	345.83021736666166
20775.1170669997	0.0002679474329739026	346.2519511166617
20803.4580901997	0.0002677623637030751	346.7243015033283
20814.0867593997	0.00028509188730829396	346.901445989995
20824.2087018997	0.0002837137721596316	347.0701450316617
20918.3415608998	0.00031265495192363713	348.63902601499666
20949.2127507997	0.00025903546948800995	349.15354584666164
20974.5177896997	0.0002613527164389529	349.57529649499503
20997.7974401997	0.00036010664846091583	349.96329066999505
21009.9443341997	0.00039651259676917175	350.1657389033283
21132.4184655997	0.00021620189751250953	352.2069744266617
21147.0959089997	0.00019829689160268785	352.4515984833284
21226.0453517997	0.00028797169497612427	353.76742252999503
21232.1188878997	0.0004116115116590538	353.8686481316617
21257.9295965998	0.0003583437905368149	354.29882660999664
21267.5450780997	0.00023783724890066708	354.459084634995
21306.5148624997	0.00027469647088427103	355.10858104166164
21334.8554070997	0.00017101624459987057	355.5809234516617
21397.6114277997	0.00015191560495165807	356.626857129995
21402.1662354997	0.0002465618145919531	356.70277059166165
21442.1472718997	0.00023818045256806416	357.36912119832834
21451.7635300997	0.00022501362690283613	357.52939216832834
21460.3668841997	0.00016939013549210167	357.6727814033283
21488.2016991997	0.00022741087536115955	358.13669498666167
21508.9519257997	0.00031744803707203616	358.4825320966617
21510.4690927997	0.00035570846078974224	358.50781821332833
21600.5541116997	9.42485979673493e-05	360.00923519499503
21606.1211317997	0.0003379360968380815	360.10201886332834
21606.6273346997	0.0003233908250355619	360.11045557832836
21617.2559570997	0.00020215234153986641	360.287599284995
21680.5165764997	0.00024402309201129402	361.34194294166167
21713.4138486998	0.00019019312441629797	361.89023081166334
21721.5113442998	0.00032843603392435447	362.02518907166336
21723.5352917998	0.0002746511684935874	362.05892152999667
21741.2496685998	0.00043518618166164444	362.35416114333003
21757.9505501998	0.00035716278810201464	362.63250916999664
21824.7543351997	0.00023638635575275996	363.7459055866617
21837.9128512997	0.0002746895735463825	363.96521418832833
21856.6376210997	0.00017438264082599703	364.277293684995
21860.1804602997	0.00017196756120783642	364.336341004995
21887.0038712997	0.0003068946301515898	364.78339785499503
21897.6307278997	0.00034251225231826893	364.9605121316617
21959.8807244997	0.00024816711936989763	365.998012074995
21960.3869015997	0.0003438629210863737	366.00644835999503
21963.4233878997	0.00035028540748946577	366.057056464995
21972.5335455997	0.00039822735236524784	366.2088924266617
21999.3560507997	0.00032525204938130855	366.655934179995
22023.1423721997	0.0002793418441685737	367.05237286999505
22041.3619896997	0.0002210123611279724	367.3560331616617
22108.6725777997	0.00025742692128997947	368.4778762966617
22110.6964148997	0.00023783936854045377	368.511606914995
22139.5439163997	0.000357915376355799	368.99239860666165
22202.2994049997	0.0002886257878305943	370.0383234166617
22227.0986384997	0.00033069756991981633	370.451643974995
22234.1829974998	3.7030088180983324e-05	370.56971662499666
22264.0431053998	0.00013479673737614985	371.06738508999666
22294.9151769998	0.00019365947054008159	371.5819196166633
22296.9386744998	0.00039052041692439783	371.6156445749967
22344.5109513998	0.0003106136217776692	372.4085158566633
22387.5301801998	0.00023077320607245387	373.12550300333
22399.1699046998	0.0003993486146695068	373.31949841166335
22400.1813595998	0.00019480568133287046	373.33635599332996
22413.8461396998	9.318262814246152e-05	373.56410232832997
22433.5834655998	0.0004182334863121889	373.8930577599967
22475.0838668998	0.0002887990210320272	374.58473111499666
22485.2047269998	0.0002606010190453263	374.75341211666336
22489.7607403998	0.00023055086187719962	374.82934567333
22552.0098804998	0.0001727107353442028	375.8668313416634
22556.0579362998	0.00013627727647208218	375.93429893833
22578.8317553998	0.0002159832723506548	376.31386258999663
22580.3511533998	0.0004247074512901728	376.33918588999666
22611.7282882998	0.0002695974986864659	376.86213813833
22636.0202357998	0.000262313623189887	377.26700392999663
22677.5207900998	0.0005692962622358362	377.95867983499664
22690.1726739998	7.56150688893075e-05	378.1695445666634
22759.0016415998	0.0003846803853242019	379.31669402666336
22767.6045435998	0.00037761226422347637	379.4600757266633
22845.5427540998	0.0001602290550833674	380.75904590166334
22868.8231181998	0.0005305485889748189	381.1470519699967
22878.9451427998	0.00026383489498865427	381.31575237999664
22885.5242084997	3.8328045482613975e-05	381.425403474995
22898.1770547997	0.0004226590537720434	381.63628424666166
22907.7929406998	0.00013924088486180576	381.79654901166333
22912.3472605998	0.00043920107736553435	381.87245434333
22920.4443425998	0.0002900687208133757	382.00740570999665
22944.7369000998	0.0003685545254929074	382.41228166833
22963.4623372998	0.0004866520175963584	382.72437228833
22977.6335915997	0.00046902338704506104	382.960559859995
23000.9140250997	0.0003881213597007744	383.348567084995
23023.1816396997	0.00032471880021424745	383.719693994995
23029.7611237997	0.00033720714734505875	383.8293520633284
23088.9729363997	0.0003234217352743083	384.8162156066617
23155.2710438997	0.0002881823487405163	385.921184064995
23223.5948974997	0.000199687864952079	387.05991495832836
23259.0212984997	0.0001597746775602487	387.650354974995
23313.6784945997	0.0004758134038918376	388.5613082433283
23361.2510956997	0.00034557278275376864	389.3541849283283
23369.3492532997	0.0004433772505927433	389.4891542216617
23384.0253217997	0.00024347031978857678	389.7337553633284
23385.0377348997	0.00029548945535689267	389.750628914995
23401.2321510997	0.0002554855311563947	390.02053585166163
23443.7445314997	0.0002684406923551345	390.729075524995
23462.9762068997	0.0003541888364106124	391.04960344832836
23481.1958093997	0.0005559880854823154	391.35326348999496
23489.2925451997	0.000475701992633263	391.48820908666164
23491.8225305997	0.00028480863684152716	391.530375509995
23500.4270943997	0.00029789460369164766	391.67378490666164
23521.1766972997	0.0004961929113280312	392.0196116216617
23542.4319862997	0.0005020879044451452	392.3738664383283
23556.6025607997	0.0003712534972462176	392.610042679995
23602.1518227997	0.000447211994927213	393.36919704666167
23691.2233533998	0.00015702888699189562	394.85372255666334
23719.0585371997	0.0004206110391179248	395.3176422866617
23758.0281328997	0.00028955866523143166	395.9671355483284
23780.8013345997	0.000272951442558713	396.34668890999495
23847.6055995997	0.0005683258113740651	397.4600933266617
23914.9162719997	0.00023417871118542577	398.5819378666617
23961.9826240998	0.000356194143462124	399.36637706833
23995.8908739998	0.0005371355530224476	399.93151456666334
24047.5122255997	0.00045847442892507927	400.79187042666166
24061.6831873997	0.0003885528750121423	401.02805312332833
24073.8293511997	0.00032469867064544255	401.23048918666166
24090.5300224997	0.00011685937742898649	401.5088337083283
24102.1712309997	0.0003848367390806909	401.702853849995
24106.2196880997	0.0003453485400737955	401.770328134995
24141.1392686997	5.1179750106340146e-05	402.35232114499496
24164.4201409997	0.00045102148990944793	402.74033568332834
24175.5539063997	0.0005208935582095798	402.92589843999497
24244.8882109997	0.00035461148633812587	404.08147018332835
24262.0959340997	0.0005588517886120206	404.36826556832835
24322.3210063997	0.0005481403051782862	405.3720167733283
24370.3991768997	0.0007458727186644239	406.173319614995
24398.7403047997	0.00015814305916939624	406.64567174666166
24408.3568770997	0.00022360397210470279	406.80594795166166
24451.3738879997	0.0005035323737198454	407.52289813332834
24511.0936222997	0.0007302947902238415	408.51822703832835
24603.7079323997	0.0003909939640306803	410.0617988733283
24654.3170997997	0.0002683898886441026	410.9052849966617
24711.5063178997	0.0002670538788379423	411.85843863166167
24738.3288368997	0.0004700821997859287	412.30548061499496
24803.1087127997	0.0006482312212582262	413.38514521332837
24809.1819804997	0.0004353388078303352	413.48636634166166
24855.7420229997	0.00017079889175591577	414.262367049995
24862.8271422997	0.0004505530001704473	414.38045237166165
24863.8403330997	0.00029430938562124596	414.397338884995
24864.3466621997	0.0007029102932982175	414.40577770332834
24938.2354168997	0.0003566873836980406	415.63725694832834
25031.8628519997	0.00046195007807291877	417.197714199995
25059.1920545997	4.415916533289632e-05	417.653200909995
25076.9055343997	0.00015271572633751814	417.94842557332834
25096.6425308997	0.0005976886585442311	418.27737551499496
25141.1792921997	0.00043371041438959617	419.019654869995
25153.3246967997	0.0007244923902461207	419.222078279995
25164.9655656997	0.0003182659442835025	419.4160927616616
25166.9893443997	0.00027986760279074277	419.44982240666167
25174.0749231997	0.0005817481970726694	419.56791538666164
25227.7205633997	0.00033039791685749055	420.462009389995
25272.7628497997	0.0004501277732900479	421.2127141633283
