retention_time	intensity	retention_time_min
88.4030776	0.0002276207098615688	1.4733846266666668
111.6826147	0.0001431019196100359	1.8613769116666667
113.7079887	0.0003711888852035017	1.895133145
119.2744841	0.0002266053136633755	1.9879080683333332
131.4210704	0.00025161179770122257	2.190351173333333
165.3288794	0.00037513385627889635	2.7554813233333335
169.8839224	0.0002172263446790998	2.8313987066666666
170.3902419	0.00016957185281163176	2.839837365
204.2988858	0.0005005180033484436	3.40498143
211.889855	9.343956306454639e-05	3.5314975833333335
223.0239958	0.00032456851802600795	3.7170665966666667
240.7369714	0.00034883002560095956	4.012282856666666
268.0658975	0.00039896688574848286	4.467764958333333
293.877113	0.00036665980431787	4.8979518833333335
300.4553218	0.00040709172792532315	5.007588696666667
323.736453	0.00026001168639481787	5.395607549999999
330.315037	0.00016642891107941036	5.505250616666667
338.9196335	0.00021781716088060366	5.648660558333333
341.4491061	0.00022486756203349213	5.690818435
379.9129534	0.0002720201464439338	6.331882556666667
390.0342286	0.00022647252198703386	6.500570476666667
506.9426258	0.0002398861219843561	8.449043763333332
508.4607906	0.0001699589556385336	8.47434651
508.967561199999	0.0004031192892941794	8.48279268666665
520.6079295	0.0003129988876838594	8.676798824999999
530.2230871	0.00039547948411555105	8.837051451666667
552.492233	0.00019856315324541312	9.208203883333335
562.6148346	0.0002704588941339953	9.37691391
564.6393095	0.0002597201988108904	9.410655158333332
576.7849417	0.0003129917529032344	9.613082361666667
582.8577153	0.0003376951107682352	9.714295255
606.6439293	0.0003088432362583455	10.110732154999999
678.003746699999	3.435959067801398e-05	11.300062444999984
714.442892	0.0002890545903433417	11.907381533333334
740.7600548	0.0003071768088369356	12.346000913333334
754.9307522	0.00027389466901376036	12.582179203333334
759.9920482	0.0002715976893631566	12.666534136666666
779.2229523	0.00024028477968649362	12.987049205
811.6138614	0.00025806451612903227	13.52689769
818.192211499999	0.0002945019718999325	13.636536858333317
863.2342598	0.0001763854549840198	14.387237663333334
867.7899838	0.0001916088159999772	14.463166396666667
886.5149349	0.0002469479025347882	14.775248914999999
904.7339642	0.00022942491601409324	15.078899403333333
928.0150908	0.00027464112577827256	15.46691818
956.8616348	0.0003631938019019684	15.947693913333334
963.4410476	0.0002533916436601481	16.057350793333335
1000.8917737	0.00012054329746190208	16.681529561666668
1022.6545511	0.00030353608778579396	17.044242518333334
1059.5992794	0.00012743906301371515	17.659987989999998
1061.1171242	0.0002905351757630999	17.685285403333335
1072.2512914	0.0002444271722533428	17.870854856666664
1075.79339	0.0001448475752224757	17.929889833333334
1076.3001769	0.0001776373916625231	17.93833628166667
1098.062671	0.00021941990953148346	18.301044516666664
1117.293306	0.0002137344737435704	18.621555100000002
1126.4041056	9.476437829058285e-05	18.773401760000002
1164.3605079	0.0001234539144208148	19.406008465
1167.9028628	0.0002701433545851067	19.465047713333334
1176.5063681	0.00026713096923652055	19.608439468333334
1209.4033143	0.0002623559869183877	20.156721904999998
1214.4632441	0.0003979356367943401	20.241054068333334
1238.2504458	0.0002952014193402916	20.637507430000003
1239.7676653	0.00029897986374151744	20.662794421666668
1267.6045528	0.00017691127124952948	21.126742546666666
1276.7139452	0.00041572656978591674	21.278565753333332
1281.2689043	0.0003101861265173519	21.354481738333334
1282.7874899	0.0002484763776992451	21.379791498333336
1291.3910923	0.00021429015809083598	21.52318487166667
1294.9335055	0.0001572625152302132	21.582225091666665
1299.9938363	0.0002600356048751291	21.666563938333336
1317.2010912	0.0001596164644383068	21.953351520000002
1336.938701	0.0002212802298486528	22.282311683333333
1341.4943946	0.0001360842936979644	22.35823991
1346.0491811	0.00028029491532346947	22.434153018333333
1390.5857026	0.00023232145233274473	23.176428376666667
1394.633745	0.0003063550655209388	23.24389575
1419.4326805	0.00035616606039779987	23.657211341666667
1422.9744818	0.00012638855688996227	23.71624136333333
1424.4931619	0.00019256082708389116	23.741552698333333
1462.9569708	0.0003189433594116433	24.38261618
1469.535528	0.00022967133518293358	24.492258800000002
1477.6335739	0.00039726782258787946	24.62722623166667
1483.7064266	0.0003581204187560213	24.728440443333334
1498.3830955	0.00031967353531398365	24.973051591666668
1505.9737888	0.00032059468419149887	25.099563146666664
1512.0474462	0.00013409381316687726	25.20079077
1521.662761	0.0003549807712359771	25.361046016666666
1562.657192	0.0002666892115278474	26.04428653333333
1577.3332426	0.00030952729567974244	26.288887376666665
1589.4798514	0.0003326417068039957	26.491330856666664
1619.8448918	0.00016125337577160495	26.997414863333333
1629.4608903	0.0003508673001074531	27.157681505000003
1630.9797576	0.0003321898388517331	27.182995960000003
1636.0399712	0.0002533184328547829	27.267332853333336
1638.570636	0.0003399040615158821	27.3095106
1653.247785	0.0002849172496289669	27.55412975
1668.4308991	0.0003899178811618639	27.807181651666667
1669.9487008	0.00026541216231602734	27.83247834666667
1706.8942415	0.00023504275183966155	28.448237358333333
1717.5226516	0.0002943427791324385	28.625377526666668
1719.5468712	0.0001549819657348963	28.65911452
1721.5708504	0.0002735203961329875	28.692847506666666
1723.5956453	0.00016093008565391006	28.726594088333332
1744.3452759	3.1701102282549814e-05	29.072421265
1749.9119318	0.0002157909092916147	29.165198863333334
1754.4668662	0.0003002073951852234	29.241114436666667
1787.3635612	0.00025457000025961814	29.789392686666666
1795.9666963	0.0001882733482100143	29.932778271666667
1822.283405	0.00028877602907849057	30.37139008333333
1834.9363911	0.0001712618418088058	30.582273185000002
1857.2056619	0.00035989765705053656	30.953427698333332
1859.7357183	0.0002320218948215299	30.995595305
1862.2665171	0.00029995741810521874	31.037775285000002
1889.5956508	0.0003256306367013772	31.493260846666665
1893.6440006	0.0003690355488964462	31.560733343333332
1894.1500966	0.0002771215025483291	31.56916827666667
1920.4666915	0.0002530307544658431	32.00777819166667
1922.4907344	0.00036513379598426886	32.04151224
1932.1065615	0.0002954875274174622	32.201776025
1937.1677207	0.0002876451828182988	32.286128678333334
2003.465488	0.0003886031589223051	33.391091466666666
2020.1672436	0.0002780343544407747	33.66945406
2020.672943	0.0003189924965121979	33.67788238333333
2028.7706191	0.0002551472262755253	33.81284365166667
2030.2886234	0.00023018042604164342	33.83814372333333
2045.9785762	0.0002644706997910843	34.09964293666666
2050.5322885	0.00033252489899464436	34.17553814166667
2062.1723524	0.00021204286053889702	34.369539206666666
2076.8495504	0.00026274504997518094	34.614159173333334
2088.9954851	0.0002883918959675768	34.81659141833334
2108.2278026	0.00010893031939277399	35.13713004333333
2156.3076224	0.0002741256657603635	35.938460373333335
2163.8986902	0.00035254638910862837	36.06497817
2165.4176043	0.00020233578340193365	36.090293405000004
2166.934606	0.0001673660517275538	36.11557676666666
2182.1179021	0.00013141139408205928	36.368631701666665
2222.6060301	8.175884575747166e-05	37.043433835
2240.8248134	0.00010025648349302244	37.347080223333336
2260.5625638	0.00031762821947009637	37.67604273
2265.1169979	0.00022987180226412192	37.751949965
2290.4224905	0.0002561904837935932	38.173708175
2306.1103167	0.00031546164791795313	38.435171945
2322.8114838	0.00021846472797797518	38.71352473
2341.0316236	6.899806529424915e-05	39.01719372666666
2357.7324042	0.00021831303168167476	39.29554007
2365.8297648	0.00018626886837853988	39.43049608
2418.463914	0.00028081031739630915	40.3077319
2425.0434721	0.00021343109314384	40.41739120166667
2432.6356752	0.00037919360175003137	40.54392792
2433.646952	0.00030206334088951446	40.56078253333333
2457.940038	0.0004399130155787672	40.9656673
2476.6651186	0.0004986205078122123	41.277751976666664
2479.1952881	0.00032880299563014945	41.319921468333334
2489.8237852	4.477631989396968e-05	41.49706308666667
2510.5729004	0.00023032109470261483	41.84288167333333
2514.1168666	0.00016326735657590675	41.90194777666667
2521.70838149999	0.00026163596126665473	42.02847302499983
2523.73210269999	0.00023335389620141446	42.062201711666496
2528.79318479999	0.00022390490148184336	42.14655307999983
2532.84101179999	0.00020897402431185	42.21401686333317
2561.18285829999	0.00029494413388461444	42.6863809716665
2565.23184639999	0.000409332475539145	42.7538641066665
2586.4882358	0.0001883464755567254	43.10813726333333
2596.6097438	0.00018993434315092442	43.27682906333334
2617.3597738	0.00024213271678075695	43.62266289666666
2622.92679209999	0.00022964430868154472	43.715446534999835
2624.44606079999	0.0002824094317376586	43.740767679999834
2627.98873239999	0.0001926551676829713	43.7998122066665
2633.04893459999	0.00018332342835848146	43.88414890999983
2646.20774309999	0.0003102638110817075	44.10346238499983
2648.73792969999	0.00027530901129459065	44.145632161666505
2677.07905829999	0.00028656354988472157	44.61798430499983
2678.09160069999	0.0004166731540155948	44.634860011666504
2684.16476249999	0.0001456972455166981	44.73607937499983
2718.07282319999	0.00021675616762884017	45.301213719999836
2727.68796789999	0.00017704932782932446	45.4614661316665
2761.59625749999	0.00016614831852709516	46.026604291666494
2771.21199009999	0.0003145366341118742	46.1868665016665
2771.71798489999	0.00028978028903881465	46.19529974833316
2792.46881739999	0.0002485127833358209	46.541146956666495
2793.48058039999	0.00029832250958074214	46.55800967333316
2796.51764429999	0.00024393316963683992	46.60862740499984
2803.09637389999	0.000387879166066884	46.71827289833316
2812.20607019999	0.0003077489479321474	46.870101169999835
2816.7613501	0.000226214420916378	46.94602250166667
2828.90677799999	0.0002519270886138173	47.14844629999983
2831.43741899999	0.0002999592421793069	47.19062364999983
2858.7663947	0.0003841022575667008	47.64610657833334
2871.9263467	0.0001838211258928592	47.86543911166667
2898.74897319999	0.00024094713858488687	48.3124828866665
2908.87059059999	0.00018859140780515984	48.481176509999834
2911.9074294	0.0003378595197821175	48.531790490000006
2915.9556743	0.0003422833816070052	48.599261238333334
2931.1391453	0.0002838250077997712	48.85231908833334
2977.6992758	0.0004653603715924313	49.62832126333333
2979.7233153	0.00024182923169820892	49.662055255000006
2994.4000429	0.0003496017518380684	49.906667381666665
2997.4369262	0.00019747117220084615	49.957282103333334
3017.6809672	0.00023612382531942308	50.29468278666666
3032.3574733	0.00020293936186680512	50.539291221666666
3040.4558605	0.00025816300187448787	50.67426434166667
3055.6373936	0.00029187811530990987	50.92728989333333
3099.1635787	3.653579302034824e-05	51.65272631166667
3101.1871234	0.0003228468679577691	51.68645205666667
3112.8278585	0.0006891396091979164	51.88046430833333
3139.6509487	0.00032338118123638443	52.327515811666665
3160.4005432	0.00023947549026765767	52.67334238666667
3186.2107991	0.00032368614893021034	53.10351331833333
3188.7411005	0.0005233849363968984	53.14568500833333
3210.503772	0.0004764451148902053	53.5083962
3216.0708529	0.00021141603439609442	53.601180881666664
3256.0516884	0.00023117493738704373	54.267528139999996
3266.6801436	0.00026170755408681253	54.44466906
3277.3080787	0.00020420541852001617	54.621801311666665
3280.3437543	0.0001123533925243889	54.672395905
3281.8619726	0.00019723217514217153	54.697699543333336
3305.1427381	0.0002593208467226657	55.08571230166667
3306.154862	0.00020233713641655231	55.10258103333333
3328.4231376	0.00027457218635280537	55.47371896
3339.0513984	0.00039002626560644767	55.65085664
3379.5380918	0.00012270553358392368	56.325634863333335
3406.3615911	0.00022434124747060797	56.772693185
3419.5199197	0.00026894443067168497	56.99199866166667
3423.5684049	0.0001029389793457227	57.059473415
3436.72680579999	0.00021063547101331863	57.2787800966665
3446.84869739999	0.0002232973576479345	57.447478289999836
3456.46416479999	0.00043062341358921316	57.60773607999984
3482.78116269999	0.00011947000401238882	58.0463527116665
3496.44582569999	0.00016504183342017849	58.27409709499984
3497.45770069999	0.00010041259083967406	58.29096167833316
3512.13495419999	0.00033941643831197866	58.53558256999983
3530.86023219999	0.00022861891886257054	58.847670536666506
3555.65832659999	0.00031252008014533644	59.26097210999983
3564.76832539999	0.00013013667258703708	59.41280542333316
3582.48247349999	0.0002064027022181511	59.70804122499984
3619.42607829999	0.0004071092823256079	60.3237679716665
3631.06726889999	0.00031002172920155564	60.51778781499983
3641.18954819999	0.00018972240579295148	60.686492469999834
3641.69450819999	0.00038349530254987646	60.69490846999984
3642.70762929999	0.00025865394406385483	60.7117938216665
3645.23711749999	0.00032155804416357465	60.75395195833316
3651.81696529999	0.00046225520112633164	60.86361608833317
3666.49330269999	0.00032239354498134513	61.1082217116665
3681.16981329999	0.0003161760947506006	61.3528302216665
3696.85944789999	0.0001622151936842329	61.6143241316665
3728.74223219999	0.0002804307973273323	62.145703869999835
3739.37058269999	0.0002207842044672004	62.32284304499983
3756.57755399999	0.00025030047331594006	62.609625899999834
3767.71223349999	0.00017552801152140491	62.795203891666496
3768.21775269999	0.00032322089623094133	62.8036292116665
3772.77318159999	0.0002459662921661478	62.8795530266665
3798.07816089999	0.0002841255305591632	63.3013026816665
3798.58391229999	0.00029786457382734074	63.3097318716665
3803.64463099999	0.00015492719145960237	63.39407718333317
3828.44364889999	0.000315682007468902	63.80739414833317
3828.94859619999	0.00017361926433817618	63.8158099366665
3861.84494869999	0.0002319202711241312	64.36408247833316
3863.86977159999	0.000318924020548473	64.3978295266665
3937.25403269999	0.0003744955609362389	65.62090054499984
3942.31529039999	0.00011783104422708065	65.70525483999982
3953.44866279999	0.00034744768349224796	65.8908110466665
3959.01604889999	0.0002383848283924449	65.98360081499983
3969.13868919999	0.00023434988946375958	66.1523114866665
3987.86384789999	0.0003098679263911779	66.46439746499983
3997.47979269999	0.0003268884223368219	66.6246632116665
4003.55223139999	0.00029439330507255007	66.72587052333317
4019.74697019999	0.0002658776349863604	66.99578283666649
4050.61924009999	0.0002851437984368808	67.51032066833316
4069.85141	0.00022825855765788933	67.83085683333334
4072.38067509999	0.00010634423706043107	67.8730112516665
4097.68628419999	0.00024026823459126622	68.29477140333317
4107.8081564	0.000264486939664471	68.46346927333335
4127.5448587	0.0002886379624190472	68.79241431166666
4133.61885909999	4.2242216871541416e-05	68.8936476516665
4166.51396619999	0.0003332620742720959	69.4418994366665
4167.01987459999	0.0003153452784435458	69.45033124333317
4186.25163009999	0.0003001982130667098	69.77086050166649
4194.35004289999	0.0003088299070005826	69.90583404833316
4196.87988359999	0.0003569148671265561	69.94799805999983
4223.70257949999	0.0002731918701867596	70.3950429916665
4224.20970699999	0.00039861108948507543	70.4034951166665
4253.56211249999	0.0003130625908279168	70.89270187499983
4259.63504839999	0.00030935450436059747	70.99391747333317
4268.74489869999	0.00018120655688956623	71.1457483116665
4284.43431179999	0.00017313681493621403	71.40723852999983
4289.4945834	0.0002389223954230218	71.49157639
4303.15890019999	0.00017928315261274636	71.71931500333316
4318.34262789999	0.00032378354594875887	71.97237713166649
4323.40317009999	0.00017129657170338316	72.0567195016665
4339.0917661	0.00024520316562600823	72.31819610166667
4363.8901728	0.0003008342282499698	72.73150288000001
4376.0365023	0.00015781476458285982	72.93394170500001
4399.8239214	0.0003519810592072755	73.33039869
4411.4642281	0.0004171450218766176	73.52440380166667
4452.4570316	0.00024567922456415487	74.20761719333333
4463.59163209999	0.00021412933829167893	74.39319386833317
4479.2796685	0.00029000929947175163	74.65466114166667
4481.81097669999	0.0003329675795998101	74.6968496116665
4487.37826979999	0.0002142676453705648	74.78963782999985
4517.74496079999	0.00020211093644733886	75.2957493466665
4556.20739469999	0.00020418622767994423	75.9367899116665
4603.27432489999	0.00024401078180147947	76.72123874833316
4609.34661489999	0.00020074980785898865	76.82244358166649
4615.92678459999	3.7603569631658e-05	76.93211307666651
4617.44416249999	0.00023043019544950456	76.95740270833316
4634.14610759999	0.00035362961709013756	77.23576845999983
4635.66386329999	0.00025909226693990014	77.26106438833317
4638.69988399999	0.000297968592161059	77.31166473333316
4643.76106659999	0.00033493313466894444	77.3960177766665
4649.32832149999	0.0003014216113661301	77.48880535833317
4662.48650549999	0.00023968793799682267	77.70810842499984
4665.52293519999	3.443547251590153e-05	77.7587155866665
4679.18806829999	0.0003776990388797818	77.98646780499983
4706.01028729999	0.000228371970514479	78.43350478833317
4734.35384699999	0.00029722653291970553	78.90589744999984
4746.49869339999	0.0005377910930293104	79.1083115566665
4756.62139469999	0.00036251998410372625	79.27702324499982
4757.63388029999	0.00035768975513335077	79.29389800499983
4800.14533689999	0.0003541001467851036	80.0024222816665
4816.34074209999	0.000279842066303821	80.27234570166651
4820.38837699999	0.0004030064128301632	80.33980628333317
4835.57166239999	0.00019137271503515387	80.59286103999983
4836.58362119999	0.0002713017329966565	80.60972701999984
4869.48052999999	0.0002068645248448516	81.15800883333317
4874.54051199999	0.00040750332879738963	81.2423418666665
4886.18127679999	0.0003399839480580895	81.43635461333317
4889.72337869999	0.00024401984000333295	81.49538964499983
4890.22988979999	0.00024952743128934586	81.50383149666649
4909.96812179999	0.00023775391485033462	81.83280202999983
4938.81564189998	0.00022024574482313466	82.31359403166633
4941.85107349998	0.0002664340904204444	82.364184558333
4956.52808409998	0.00033038725459506066	82.60880140166634
4970.19252139998	0.00026970178587649914	82.83654202333301
5004.10085519998	0.00019571686293828262	83.40168091999968
5008.15022609998	0.000345367534350998	83.46917043499965
5042.56345349998	0.00028748329668808594	84.04272422499966
5044.08195269998	0.00030889708226253715	84.06803254499967
5046.61273859998	0.0002762682601839665	84.11021230999967
5059.26480319999	0.0002339284898600997	84.32108005333316
5072.42294239999	0.00010152320051889635	84.54038237333316
5073.94209539999	0.0001652471185916426	84.56570158999983
5104.81361009999	0.000257383694742938	85.08022683499983
5109.36782469998	0.00029520587185782643	85.15613041166633
5122.02022099999	0.0003532741336306724	85.36700368333317
5163.52075629999	0.00029237329746490775	86.0586792716665
5199.95979509999	0.0002881070426246407	86.66599658499983
5204.51489879999	0.00025043453584477313	86.74191497999983
5210.58874259999	0.00019374284013793904	86.84314570999983
5211.09368569999	0.00022902200047316096	86.85156142833316
5215.64902669999	0.00032744305410497545	86.92748377833317
5217.67365909999	0.00021523395715188607	86.9612276516665
5233.36217709999	0.0002562795357011822	87.22270295166649
5242.47143679999	7.642893446601014e-05	87.37452394666651
5277.39171309999	0.00028764458115190816	87.9565285516665
5290.55014509999	0.00024168252942091968	88.1758357516665
5291.56266229999	0.00016908504038169863	88.19271103833316
5300.16714229999	0.0003219271353395708	88.33611903833317
5310.79437429999	0.0002954822896787957	88.51323957166649
5324.45891959999	0.00025781704192557925	88.74098199333316
5344.70308929999	0.0002776683507800339	89.0783848216665
5367.47738859999	0.0002865653298787932	89.45795647666651
5379.11641089999	9.283464745067476e-05	89.6519401816665
5384.17832169999	0.0002561412149561067	89.73630536166651
5386.20297469999	0.0002208237538413363	89.77004957833316
5386.70796639999	0.00028428997280317337	89.7784661066665
5389.74539839999	0.0003159844576990573	89.82908997333317
5394.80633079999	0.0001377086701853606	89.9134388466665
5397.33652289999	0.0005007931866769995	89.95560871499984
5405.43421399999	0.00017205533414729664	90.09057023333317
5431.24437069999	0.0002241062421106369	90.5207395116665
5439.84809489999	0.00039171716884996946	90.66413491499983
5454.52527359999	0.00044034510968694483	90.90875455999984
5473.7564749	0.00023886927442001374	91.22927458166667
5496.0243514	0.00033391916996794224	91.60040585666667
5498.04864189999	0.0002917093542509013	91.6341440316665
5522.34216779999	0.0002908091004749142	92.03903612999984
5531.45163919999	0.0003750180731601523	92.19086065333316
5541.0671635	0.00016112273938773358	92.35111939166667
5546.1272976	0.0002025322443898938	92.43545496
5556.24998359999	0.0002880176098111805	92.60416639333316
5568.9024255	0.00027731558513588466	92.815040425
5570.420728	0.0002540607112150763	92.84034546666666
5576.9991021	0.00023163537583591792	92.949985035
5587.1215442	0.0003422365194319327	93.11869240333334
5664.55435319999	0.00022103695909181828	94.40923921999983
5665.05971849999	0.00021927606470496946	94.41766197499983
5671.13353389999	0.00018142333584793312	94.5188922316665
5672.65182479999	0.00022416386163431927	94.54419707999983
5675.18134699999	0.00011568978909901693	94.58635578333316
5699.47428219999	0.00018029054142698354	94.9912380366665
5724.77857109999	3.3660815668885285e-05	95.41297618499983
5752.61339559999	0.00024187015831846997	95.87688992666651
5756.66296039999	9.873035820751591e-05	95.94438267333317
5772.85820189999	0.00030725195468842226	96.21430336499982
5775.38760379999	0.00023864092810055998	96.25646006333317
5785.50985939999	0.0002742018527998021	96.42516432333316
5790.06493529999	0.0002839365286381915	96.50108225499983
5795.12614999999	0.0003267004441702165	96.58543583333316
5800.69258369999	0.00031625296394790104	96.67820972833316
5808.79022019999	0.00019033816993156645	96.81317033666649
5844.21665659998	0.00013995363547160075	97.40361094333299
5862.94192679998	0.0003403681260014827	97.71569877999967
5902.92487669999	0.0002666153418986799	98.38208127833316
5905.96054009999	0.000341657250708564	98.43267566833316
5921.65043609999	0.00020820008659230875	98.69417393499982
5948.47289669998	0.00024235009910802776	99.14121494499967
5958.59456139998	0.00016522378944621463	99.30990935666634
5973.77727919998	0.00019147455762969575	99.562954653333
5979.85124749998	0.00012976960903257907	99.66418745833299
5990.47927429998	0.00035402442693699263	99.841321238333
5999.08209579998	0.000284249256426177	99.98470159666634
6014.26576439998	0.00021922139475094406	100.23776273999967
6015.78392389998	0.0002946948844613767	100.26306539833301
6024.38742929998	0.0002824373204951815	100.40645715499967
6030.45985979998	0.00032662654817381336	100.50766432999967
6034.50957689998	0.00030792393505126004	100.57515961499966
6039.06354239998	0.00046317058646218545	100.65105903999967
6047.16108119998	0.0003104422340465869	100.78601801999966
6070.94715029998	0.0004037351812629026	101.18245250499967
6079.04520829998	0.0002889177127194877	101.317420138333
6104.34997119998	3.8548182915753715e-05	101.73916618666634
6104.85606869998	9.38625972689012e-05	101.74760114499966
6137.75190259998	0.00015620263547368984	102.295865043333
6160.01947909998	0.00038987091562969403	102.666991318333
6175.70947479998	0.00040961110907262397	102.92849124666633
6179.75737309998	0.00025765847902217844	102.995956218333
6180.26328459998	0.00022849570760139596	103.00438807666633
6181.27648179998	0.00017924806904283	103.02127469666632
6185.32441329998	0.00024017260297299947	103.08874022166633
6195.44613939998	0.0002849481556962917	103.25743565666633
6220.75069239998	0.00021671720812308916	103.67917820666634
6225.81171549998	0.00023836268443598287	103.76352859166633
6285.02517229998	0.0002584842734385343	104.750419538333
6297.17088179998	0.00019088421811703325	104.95284802999966
6318.93312929998	0.0002149451195394618	105.31555215499966
6343.73189689998	0.0002640178572077966	105.728864948333
6378.65232639998	0.00018070070172105835	106.31087210666632
6381.68946439998	0.00013027887623347882	106.361491073333
6384.72505249998	0.00021653977489523177	106.412084208333
6386.24328499998	0.00033682931339656035	106.43738808333299
6388.77423899998	0.000414196397716773	106.47957064999967
6402.43892169998	0.00023520133389429756	106.70731536166633
6459.12146999999	0.0002751512343458319	107.65202449999984
6470.76075789999	0.0003397052835816341	107.8460126316665
6473.79798119999	0.00014919435050726078	107.89663301999984
6506.18732109998	0.00010104990120372968	108.43645535166634
6534.52969499998	0.0002582155320462282	108.90882824999967
6538.57840929998	0.0001532033316196672	108.97630682166634
6544.14492419998	0.0002861561837340427	109.06908206999967
6548.70014559998	0.00020952593609917765	109.14500242666632
6583.62013429998	0.0003374726422431951	109.727002238333
6595.76637129999	0.00035110956107386234	109.92943952166651
6596.77815189998	0.00040174886829529043	109.94630253166633
6598.80278479999	0.0001972861503569015	109.98004641333317
6601.33385969998	0.00033419699716665777	110.02223099499967
6613.47936129998	0.0003585538551241367	110.22465602166633
6644.85913819998	0.0002889461324191831	110.74765230333301
6657.00527689998	0.0004047814070407033	110.950087948333
6677.24853419998	0.0005407370196568525	111.28747556999967
6702.04820939998	0.0003575837023029796	111.70080348999967
6764.80396899998	0.0002911638697989121	112.74673281666632
6776.95108539999	0.0004015514710793345	112.9491847566665
6777.45743929999	0.00047909929332854237	112.95762398833317
6780.49370369999	0.0002707255203656877	113.00822839499983
6787.57833129999	0.00021967342972287665	113.12630552166651
6788.59029199999	0.00030564664215641286	113.14317153333316
6795.67672669999	0.0003085493674737967	113.26127877833316
6819.46335189999	0.00037241161595401496	113.6577225316665
6823.00496289999	0.00025491765693368254	113.71674938166649
6829.07793669999	0.00025204677279473166	113.8179656116665
6835.65763979999	0.0003103438083947179	113.92762732999982
6842.23635539999	0.00021166162875940793	114.03727258999984
6843.75454349999	0.00024585676369237586	114.06257572499983
6865.01076609999	0.0001261620242146414	114.41684610166651
6872.09686409999	0.0002598640045043094	114.53494773499983
6894.36427679999	0.0003593189942597187	114.90607127999984
6903.47383739999	0.000456142334745821	115.05789728999983
6914.10168739999	0.00019538307344932058	115.23502812333317
6921.18793729999	0.0004749430549195445	115.35313228833317
6941.43084589999	0.00038528688633489793	115.69051409833317
6953.07112239999	0.00041154817987644357	115.8845187066665
6956.10736169999	0.0002477529649816908	115.93512269499983
6967.74780429999	0.0002777620489810035	116.1291300716665
6982.93078599999	0.00021889530834389118	116.3821797666665
6985.96695569999	0.00019874222237788552	116.43278259499984
7011.27212279999	0.00038849911211936533	116.85453537999983
7022.91260139999	0.00016671213361219727	117.0485433566665
7023.92369709999	0.00018978677178259806	117.0653949516665
7026.45460409999	0.0003056843354397962	117.10757673499984
7033.03371949999	0.0003264984699941425	117.21722865833317
7051.25331529999	0.00020625272249611982	117.52088858833318
7051.75883379999	0.0004082569783813865	117.5293138966665
7053.27801209999	0.00029810273622178185	117.55463353499982
7061.37453749999	3.9124549089571744e-05	117.68957562499983
7070.48507099999	0.00019677451092663052	117.84141784999983
7074.02735499999	0.000429093548260034	117.9004559166665
7093.25874009999	8.515641760052142e-05	118.2209790016665
7095.78950269999	0.00030363811477681393	118.26315837833317
7112.99645649999	0.00014430735693417006	118.5499409416665
7116.03285299999	0.0003055686734026461	118.60054754999983
7126.66104339999	0.0002688043772168408	118.7776840566665
7139.31362189999	0.0001875178803107027	118.98856036499983
7147.41109859999	0.00023574315222272115	119.12351830999982
7161.58218099999	0.0004025232272740758	119.3597030166665
7179.29494989999	0.00021923754430249026	119.6549158316665
7194.47790319999	9.10394618482013e-05	119.90796505333316
7209.65989619999	0.0003113035248475747	120.16099826999984
7214.72209919999	0.00026440083166079777	120.24536831999984
7220.28803759999	0.00033740209955036984	120.33813395999984
7227.87931339999	0.0002168919642833811	120.46465522333317
7256.72699159999	0.0004189288422877367	120.94544985999983
7260.26976759999	0.00034766358287104457	121.0044961266665
7260.77564429999	0.0002454441423321019	121.01292740499983
7264.82460549999	0.00038233160504978243	121.0804100916665
7274.94621419999	0.00032710964915201194	121.24910356999983
7293.67193859999	0.00028095727274862325	121.5611989766665
7297.21409569999	0.00015401383755094303	121.62023492833318
7298.22678399999	0.0004326356947218445	121.6371130666665
7314.92849549999	0.00025562618769714565	121.91547492499984
7323.53124079999	0.00035899214476510353	122.05885401333316
7340.7382235	0.00031267125760967924	122.34563705833332
7392.36079369999	0.0003716478509335743	123.20601322833316
7423.23208549999	0.0003378809879893726	123.72053475833316
7426.26887269999	0.0003054336929134797	123.77114787833317
7463.71908379999	0.00010808572015062971	124.39531806333316
7481.43288159999	0.0003562533725453298	124.69054802666649
7484.46961759999	0.0005049505626104579	124.74116029333317
7487.50592479999	0.0002946625436490061	124.79176541333317
7493.57943239999	0.0003164612319088337	124.89299053999983
7498.13379999999	0.0002637902167924904	124.9688966666665
7557.85310909999	0.00030702523872778764	125.96421848499985
7566.96264829999	0.00034022211888284047	126.11604413833317
7576.07167909999	0.00024881228486421555	126.26786131833317
7578.60296699999	0.00045260630340618053	126.31004944999982
7597.32807329999	0.00041832636605779086	126.62213455499983
7611.49804369999	0.00037289289971053973	126.85830072833318
7623.13934629999	0.0003061182048829181	127.05232243833318
7627.18706329999	0.0003405747742786336	127.11978438833316
7630.73048939999	0.00011157480485220662	127.17884148999983
7631.74270059999	0.0003613860675538638	127.19571167666649
7651.98604719998	0.00030690952256545923	127.53310078666634
7687.91938579998	0.0003840342319272017	128.131989763333
7693.48597779998	0.0002456917596710713	128.22476629666633
7700.06506719998	0.0003185707813738072	128.33441778666634
7708.16238339998	0.0003771910928409471	128.46937305666634
7709.17466309998	0.00031647450747608233	128.48624438499965
7713.72925469998	0.0003484890018427545	128.56215424499968
7720.30789589998	0.00021115646062067365	128.67179826499967
7725.87642049998	0.0003928268736631106	128.764607008333
7739.03358639998	0.0002474572460971026	128.98389310666633
7773.44847309998	0.00031377877818174275	129.55747455166633
7824.56407819998	0.00012079330299455026	130.409401303333
7861.00318969998	0.0003154168348008733	131.016719828333
7880.23441949998	0.0007416939133578515	131.33724032499967
7889.84968329998	3.81322647260451e-05	131.49749472166633
7906.04528869998	0.00022950958686430913	131.767421478333
7909.08125549998	0.00026975703171114096	131.81802092499967
7937.92941719998	0.0003544644708749882	132.29882361999967
7938.43466159998	0.00033663565593640513	132.30724435999966
7956.14793779998	0.00024978921133467295	132.60246562999967
7958.17202239998	0.0005618741055392943	132.636200373333
7990.56279699998	0.00027822097559036785	133.17604661666633
8001.69617389997	8.388143638571667e-05	133.36160289833282
8002.20270089997	0.00033584955529743053	133.3700450149995
8003.72090729997	0.00036159185496621596	133.3953484549995
8009.79428909997	0.0005666948099562151	133.4965714849995
8024.47025959997	0.00010225466853539419	133.74117099333282
8047.24452969998	0.0004263740433059736	134.12074216166633
8053.82390679998	0.00040328558051486125	134.23039844666633
8055.34192949998	0.00031384763475089374	134.25569882499968
8119.11039539998	0.0004681482874391309	135.31850658999966
8132.77441199998	0.0007890317424092793	135.54624019999966
8153.52516159998	0.00029677001368903934	135.89208602666633
8166.68278449998	0.0002982501718690063	136.11137974166633
8174.78063129998	0.00045935638070236667	136.24634385499968
8198.56687699998	0.00029071434645635034	136.642781283333
8262.33446609997	0.00048059556481915906	137.7055744349995
8292.19378409997	0.0003531553619740979	138.20322973499952
8303.32756819997	0.0003049894601965508	138.38879280333282
8316.99261009997	0.00044560028098113787	138.61654350166614
8318.51052889997	0.0001104849308355423	138.6418421483328
8321.54812079997	0.00044115388540100166	138.69246867999948
8324.58355209997	0.0002774196875161141	138.74305920166617
8327.11431619997	0.0003548536432660403	138.78523860333283
8362.03424649997	0.00037903455810423263	139.36723744166616
8405.55909149997	0.00039310039665607866	140.0926515249995
8409.10145279997	9.375164065371144e-05	140.1516908799995
8464.77206119997	0.0003094739032573907	141.07953435333283
8474.38701149996	0.00030407987529985653	141.23978352499935
8486.02820319996	0.0004500690623216321	141.433803386666
8538.15493039997	0.00041016409165129633	142.30258217333284
8543.72182359997	0.00037182193542851285	142.39536372666618
8547.26558979997	0.0003049459995058665	142.45442649666617
8553.33761539997	0.0002640628469575759	142.55562692333285
8571.55699899997	0.0004159543914191107	142.85928331666616
8576.11206909996	0.00020347043754315576	142.935201151666
8577.63120699996	0.00044161946875727294	142.960520116666
8603.94715999996	0.00030248953690292324	143.39911933333266
8609.00854569996	0.00018231818719271947	143.483475761666
8612.55075199997	0.00024063421177841963	143.54251253333283
8664.67862969997	0.00026268065996409775	144.41131049499953
8669.73918039997	0.0001369578358772858	144.49565300666617
8679.35531309997	0.00021133449781924007	144.6559218849995
8683.90957429997	0.0004741579891215983	144.73182623833284
8724.90327069997	0.00021260626286509487	145.41505451166617
8740.59248659997	0.0001715780558717693	145.67654144333284
8768.42776209997	0.00020764808755260346	146.14046270166617
8786.14088009997	0.00023685864463698873	146.43568133499952
8828.14604879996	0.00021360014382959492	147.13576747999932
8830.67706339996	0.0003762853585073618	147.17795105666602
8858.51183049997	0.0004075805426969081	147.64186384166618
8871.16475709997	0.00031136051244620624	147.85274595166618
8874.70780239997	0.0004565675866259818	147.91179670666617
8912.66503219997	0.0004049566049460617	148.5444172033328
8921.26876709997	0.00021709918365864583	148.6878127849995
8923.29279849997	0.0002539162698145375	148.72154664166615
8931.39047389998	0.00030106607260487394	148.856507898333
8937.97009219998	0.00031171388743632807	148.96616820333298
8942.52504109998	0.00023512678218235737	149.042084018333
8944.04348309998	0.0003801583882612402	149.06739138499967
8944.54847219997	0.0004245727193447823	149.0758078699995
9028.05408449998	0.000529080153969022	150.46756807499966
9051.33440249998	0.00025510123491111734	150.85557337499966
9071.07294639998	0.00031678347889520757	151.18454910666634
9082.20663149998	0.0001889975939152467	151.37011052499966
9089.29229269998	0.00021615408921868542	151.488204878333
9125.22486879998	0.0002893105420078152	152.08708114666632
9125.73100139998	7.926237217037143e-05	152.09551668999967
9155.08464309998	0.0002366228914317518	152.58474405166635
9184.94406819998	3.611690319225268e-05	153.08240113666633
9238.58967079998	0.00020962070462080795	153.976494513333
9267.94333039998	0.0002727422389271156	154.46572217333298
9273.00350119998	0.00021463210896350093	154.55005835333301
9285.65638359998	3.5491030233625624e-05	154.76093972666635
9302.35712859998	0.00033116637124654146	155.03928547666635
9321.08238279998	0.00022672228258036436	155.3513730466663
9327.15557129998	0.00014370689268440674	155.45259285499966
9337.78368839998	0.00028449246299349837	155.62972813999968
9342.84510419998	0.00024043847234137892	155.71408506999967
9376.24636439998	0.0003456169380706526	156.27077273999967
9378.27069899998	0.00011817828178626472	156.30451164999968
9381.30801729998	0.00014874674960806413	156.35513362166634
9393.96034359998	0.00035470838081425466	156.56600572666633
9420.78284819998	0.0002767717280136388	157.01304746999966
9425.84335789998	0.00021051964213286473	157.09738929833298
9466.33089089998	0.00033926662638843706	157.7721815149997
9470.37977849997	0.00023851091309116633	157.8396629749995
9505.30017289998	0.00012286084965618279	158.421669548333
9507.83093729998	0.00031286545750403423	158.46384895499966
9515.92813069997	8.872610329742002e-05	158.59880217833282
9516.94004219997	0.0002669814981065491	158.6156673699995
9528.58022939997	0.00010865607837508889	158.8096704899995
9532.12370859997	0.0002538905846984761	158.86872847666615
9546.80003789997	0.00022370360278909626	159.1133339649995
9592.34848149997	0.0003145720894371627	159.87247469166616
9632.83615159997	0.00015529780109239128	160.54726919333282
9646.50067839997	0.0002076605485835752	160.7750113066662
9647.51271639997	0.00043536669368680235	160.79187860666616
9653.07894809997	0.0002795785353579479	160.8846491349995
9657.12901409997	0.00016640423008883965	160.9521502349995
9688.50567909997	0.0003847218079099801	161.47509465166615
9690.02415049997	0.0003871037391753611	161.50040250833283
9691.03630809997	0.0002304971211379972	161.51727180166617
9707.23088719997	0.0004423953266680154	161.78718145333283
9731.52354849998	0.0002464307594416169	162.19205914166633
9759.35947669998	0.0002815984581487255	162.655991278333
9767.45694619998	0.00028112662218393364	162.790949103333
9769.98726029998	0.000178908998223981	162.83312100499967
9820.09051449997	0.00040870134379772665	163.66817524166618
9833.24801009997	0.0003387682128436917	163.8874668349995
9848.93735739997	0.0003157700147015537	164.14895595666616
9856.02298179997	0.00022907615301663684	164.26704969666616
9868.67472619997	0.00034287877216141117	164.47791210333284
9870.19337049997	0.00027913794716651595	164.50322284166617
9870.69916919997	0.00030666314286572857	164.5116528199995
9871.71113779997	0.00026060056448478595	164.52851896333283
9883.85766919997	0.00017702262828970497	164.73096115333283
9920.80317179998	0.0004134967837411821	165.34671952999966
9947.11905579998	0.00025258261624745877	165.78531759666632
9953.19247159998	0.00042400560125480623	165.886541193333
9969.89418509998	0.00034564295311845483	166.16490308499968
9985.07617389998	0.00027508239390453297	166.41793623166635
10011.8996464	0.0002719254323460309	166.86499410666664
10016.4542883	0.00032700542211411775	166.940904805
10032.1448359	0.0003038394975685009	167.20241393166668
10053.4006941	0.0003893554291236297	167.55667823500002
10063.5219099	0.0003645425826329685	167.725365165
10112.1064974	0.00033737034570490863	168.53510829
10134.8807019	0.0002198999022570907	168.914678365
10139.9416302	0.0002551789921652712	168.99902717
10141.9667094	0.0003124323096880589	169.03277849
10158.6674363	0.00027433912257203967	169.31112393833334
10170.3075182	0.00044341512329291256	169.50512530333333
10222.9418987	0.00033722752733296874	170.38236497833336
10226.9895234	0.00034244505771206416	170.44982539
10242.1724294	0.0002923802235010751	170.70287382333333
10268.4897708	0.00021239997489818477	171.14149618000002
10272.0320347	0.0003013625290208748	171.20053391166667
10285.1906627	0.0002645397564327648	171.41984437833335
10308.9767646	0.00023834972050122398	171.81627941
10320.1113924	0.00039250978733319314	172.00185654
10400.0742186	0.00010295677491494094	173.33457031
10401.5918596	0.0002493584985161935	173.35986432666667
10409.6898504	0.00025462570022067563	173.49483084
10431.452246	0.0002489615994629429	173.85753743333333
10438.5377846	0.0002946702110244077	173.97562974333331
10446.634131	0.0003787475292641646	174.11056885000002
10457.7698605	0.0001347700544037277	174.29616434166667
10458.7826091	0.0002058743906847512	174.313043485
10484.5930131	0.00023261339903202813	174.743216885
10521.5380226	0.0002922658238444852	175.35896704333334
10535.7083978	0.00019891706037332497	175.5951399633333
10594.9211633	0.000324362032461382	176.58201938833332
10604.0299728	0.00020222446916076846	176.73383288000002
10628.8292102	0.0002611262229347999	177.14715350333333
10642.4946788	0.0002741002462608218	177.37491131333334
10646.5423534	0.00023759544004949514	177.44237255666667
10647.554617	0.00018890215332971014	177.45924361666667
10662.7372165	0.00018404903251045192	177.71228694166666
10666.2804396	0.00028873498177073986	177.77134066
10692.5973869	0.00032442431939919375	178.20995644833334
10699.681953	0.00029772571081015714	178.32803255
10715.8769715	0.0002743865943882112	178.597949525
10756.3643713	0.00015400422303737095	179.27273952166667
10807.4806563	0.00043693506854609854	180.12467760500002
10808.9984844	0.00025866259426569855	180.14997473999998
10815.0711737	0.00035914188613790735	180.25118622833332
10840.376478	0.0003462759914522009	180.6729413
10867.1990669	0.00023111376575119102	181.11998444833335
10874.2851623	0.0003630002293059484	181.23808603833334
10875.297369	0.0002470557155483658	181.25495615
10902.6262969	0.0002896999908653156	181.71043828166665
10909.7108103	0.0003055774374778175	181.828513505
10910.7237491	0.00033877818540870437	181.84539581833332
10938.5581949	0.00018886018137476414	182.30930324833335
10954.7536587	0.00043717243175713454	182.579227645
10981.0698412	0.00028458585816518476	183.01783068666666
10992.7100086	0.00036916565911525653	183.21183347666664
11032.1853198	0.00024657101332004397	183.86975533
11042.3076813	0.00017843421838982328	184.038461355
11052.9360461	0.0003928168239752559	184.21560076833333
11056.4782298	0.000421836248340333	184.27463716333332
11061.0326381	0.0003139595859100325	184.3505439683333
11065.0819445	0.0003074234944078595	184.41803240833332
11077.2279285	0.00027923639063127855	184.620465475
11077.7338987	0.00018915889980751697	184.62889831166666
11095.446997	0.0002947531400102825	184.92411661666665
11109.111517	0.0003395270298043897	185.15185861666666
11109.6184986	0.0003305088524785104	185.16030831
11117.2094805	0.0002813841311546245	185.286824675
11128.3427841	0.0002730971043380809	185.47237973499998
11136.9466723	0.0002634864896888125	185.61577787166667
11139.9829422	0.00023096651329001925	185.66638237
11187.5568677	0.0002455038967480754	186.45928112833332
11204.2574249	0.0003079191637761702	186.73762374833333
11220.9584564	0.00033125756220737544	187.01597427333334
11225.0070617	0.00029446431758716927	187.08345102833334
11233.1051311	0.0003286394709825936	187.21841885166666
11248.2872567	0.0001737326044141071	187.4714542783333
11280.67707	0.0003222769567597154	188.0112845
11283.713224	0.00023369496022997594	188.06188706666666
11327.2381841	0.0002776336738162108	188.78730306833333
11344.9511278	0.0006174443351306851	189.08251879666668
11358.1102667	0.0002430814426587181	189.30183777833332
11393.0294804	0.00036516021235885414	189.88382467333335
11411.2492561	0.0003250541273167362	190.18748760166667
11424.9145673	0.00025833723034679397	190.41524278833333
11428.9630215	0.00025804280144728353	190.482717025
11431.9995519	0.00023230691555391894	190.533325865
11440.0968334	0.0003040450632701626	190.66828055666667
11501.8406401	0.0003802451293401535	191.69734400166666
11532.2051064	0.00023709456270591998	192.20341844
11534.7357159	0.00030848425906084204	192.245595265
11555.4863069	0.00016745629500387928	192.59143844833335
11559.5345324	0.0002803330472202233	192.65890887333336
11584.8390055	0.0002790009521935982	193.08065009166666
11624.3155546	0.00033882051134670563	193.73859257666666
11629.3769557	0.0002838021672165497	193.82294926166665
11631.400659	0.00022136101477059647	193.85667765000002
11641.0173748	0.0002853272773652507	194.01695624666667
11686.0587926	0.00010428185647774994	194.76764654333334
11696.1813889	0.0002184556559062372	194.93635648166668
11711.3633432	0.00029168257607015623	195.18938905333334
11717.4365317	0.0003374756095516531	195.29060886166664
11720.4740617	0.00025570061969797244	195.34123436166666
11733.6313951	0.0003550632534526777	195.56052325166667
11735.1500311	0.0001773681356982418	195.58583385166668
11741.7301949	0.00028780462177675954	195.69550324833332
11760.4552419	0.0002855817481531625	196.00758736499998
11769.5650273	0.00029318953948084293	196.15941712166665
11775.6385664	0.00039873750578842674	196.26064277333336
11779.180696	0.00019856279688284376	196.31967826666667
11784.2413989	0.00013197049885565798	196.404023315
11788.2906927	0.0003124973990077262	196.471511545
11807.5211835	0.0005787275949477306	196.792019725
11811.0641533	0.00021890754299040707	196.85106922166668
11818.1489721	0.00021083281357188322	196.96914953499999
11828.2709918	0.00022692923552558459	197.13784986333334
11865.2160896	0.000330986389974397	197.75360149333335
11885.966503	0.00032943147411479775	198.09944171666666
11892.0391729	0.0002807238329319475	198.20065288166668
11917.3437349	0.00027225302100590163	198.62239558166667
11921.8983531	0.00039642391030438886	198.698305885
11935.563435	0.0002143160074437081	198.92605725
11939.1059089	0.00042904151966189627	198.98509848166665
11972.5084211	0.0003461143506803095	199.54180701833332
12001.8610283	0.00032387635051789223	200.03101713833334
12019.5749259	0.0003122596612560934	200.326248765
12027.1661318	0.0004097407287997943	200.45276886333335
12034.2512792	0.0002463068390100607	200.57085465333333
12051.4586625	0.00029708827506043535	200.85764437499998
12078.7878815	0.00030238508472150153	201.31313135833335
12082.8363482	0.00024274707635079347	201.38060580333334
12121.8049468	0.00047964800803164783	202.03008244666668
12123.3238918	0.000315446954231773	202.0553981966667
12127.8780408	0.00031746196063816754	202.13130068
12134.9634261	0.0003205382800271009	202.24939043499998
12159.7637948	0.000268240583992945	202.66272991333332
12161.7879261	0.00031957380637397993	202.696465435
12165.3301003	0.00016489973834163212	202.75550167166665
12177.9823683	0.00035429568128509986	202.966372805
12226.5673933	0.0004532692550904262	203.77612322166667
12229.6039928	0.0001907647933989905	203.8267332133333
12251.8725211	0.00023564416028345436	204.19787535166668
12256.9330191	0.00046509478111657413	204.28221698500002
12261.9938452	0.0003472148865167641	204.36656408666667
12263.0068882	0.00032081790260238236	204.38344813666666
12290.8417578	0.00012307556656091965	204.84736263000002
12296.9148021	0.00042133534445607337	204.948580035
12304.505917	0.00021497079119577267	205.07509861666668
12306.5300848	0.0002547480395388491	205.10883474666667
12317.1590643	0.0003126253956665164	205.285984405
12329.8107467	0.00044024559683850985	205.49684577833335
12331.8358472	0.0003961601498478108	205.53059745333334
12332.8481794	0.00044141136051351184	205.54746965666666
12351.0661973	0.0002554818086344011	205.85110328833335
12369.7918961	0.00023554526410280902	206.16319826833333
12380.9262123	0.0003459684247310052	206.34877020500002
12403.1948463	0.00020306680814763956	206.71991410500002
12412.3038641	0.00017325782462910934	206.87173106833333
12422.9319887	0.00037066232015189063	207.04886647833334
12437.1018223	0.00037646806282381947	207.28503037166666
12456.8407138	0.0004061796491381507	207.61401189666668
12494.7975301	0.00010352092949615754	208.24662550166667
12507.9566619	0.0003334765459240432	208.46594436499998
12514.0294171	0.0002219386815128506	208.56715695166668
12539.33393	0.00027166782174553724	208.98889883333334
12540.8522296	0.00023811380330626046	209.01420382666666
12547.4313099	0.000226687663897757	209.12385516499998
12598.0409831	0.00030643064306430645	209.96734971833334
12598.5475719	0.00021921453485468785	209.97579286500002
12606.6453844	0.0003202388694280897	210.11075640666667
12611.199232	0.0001307843550312478	210.1866538666667
12615.2488852	0.00028683812870803645	210.25414808666667
12628.4070233	0.0003019775888911108	210.47345038833333
12635.4919928	0.00013690085623789967	210.59153321333332
12654.2180123	0.00024724198707487435	210.90363353833334
12667.3754558	0.0003201431228078435	211.12292426333335
12674.9673748	0.0004525286900563604	211.24945624666668
12679.522682	0.0002050872729489887	211.32537803333335
12692.6809344	0.00024530718450500573	211.54468224
12711.9123264	0.00033972538864417926	211.86520544
12721.5279184	0.0003341996859505892	212.02546530666666
12726.0833371	0.00017310946666105814	212.10138895166668
12752.3999061	0.0002273776156868042	212.539998435
12753.4121257	0.0001408284272702109	212.55686876166666
12762.0153718	0.0002565724573890656	212.70025619666666
12776.6919556	0.0003605470461642049	212.94486592666667
12778.7171597	0.0004259744255694959	212.97861932833334
12781.2472828	0.0003658611409262271	213.0207880466667
12785.2959809	0.000259931762685785	213.08826634833335
12786.30742	0.00019786500659924765	213.10512366666666
12800.9852228	0.00020799180557015475	213.34975371333334
12808.0698162	0.00023821664776662378	213.46783027
12812.6250642	0.0004986664172106943	213.54375106999998
12813.6369405	0.0003415155654734127	213.560615675
12815.155323	0.0002478536100659827	213.58592205000002
12816.6734858	0.00043414596733280277	213.61122476333333
12841.4715914	0.00024182125954330327	214.02452652333335
12857.1603426	0.00026192811031645386	214.28600571
12870.318964	3.295493741857384e-05	214.50531606666667
12877.4045227	0.0002795776857501229	214.62340871166668
12894.1058901	0.00031262400579700145	214.901764835
12899.1662074	0.0001867788156079727	214.98610345666665
12940.6668962	0.00031026294220920736	215.67778160333333
12943.7024956	0.00031469825990373935	215.72837492666667
12944.2086162	0.0002359987875845034	215.73681027
12980.141985	0.00031956570015452123	216.33569975
12985.7085071	8.141990043285637e-05	216.42847511833332
12995.8307583	0.00026525220389807524	216.597179305
12997.3487832	0.0004763874293365187	216.62247971999997
13006.9649667	0.00033140220962217683	216.78274944499998
13081.360488	9.424997766838216e-05	218.0226748
13092.4939457	0.00023436031622399897	218.20823242833333
13122.8602081	0.00030061009676959764	218.7143368016667
13124.3782733	0.00045266762091251045	218.73963788833333
13147.6581976	0.0003472613815323476	219.12763662666666
13157.2744214	0.00018229282303807348	219.28790702333333
13159.2992973	0.00018501519259369952	219.321654955
13160.3108733	0.0003402497501558053	219.33851455500002
13181.0602114	0.0003055387561737728	219.68433685666665
13202.8227511	0.000263323379759309	220.04704585166667
13206.8711323	0.00026808735242854487	220.1145188716667
13222.5602858	0.00022341410771188394	220.37600476333333
13226.6093318	7.931058232751513e-05	220.44348886333333
13237.7424947	0.00024326876080524927	220.62904157833333
13249.8898608	0.00027121613159744763	220.83149768
13250.3958185	0.00033759248548085593	220.83993030833332
13256.974535	0.0002844742232979621	220.9495755833333
13271.6515936	0.00036504183999226084	221.19419322666667
13283.7974717	0.00018476019363450214	221.39662452833332
13293.4125412	0.0001974058377823032	221.55687568666664
13320.2366778	0.00035977976450921875	222.00394463
13326.8148871	0.00020626574716994524	222.11358145166665
13345.0349962	0.00038480616892389556	222.41724993666668
13361.7356572	0.0001902907397953725	222.69559428666668
13384.5097742	0.0002138811905048801	223.07516290333334
13386.0287051	0.0003274478947613511	223.10047841833332
13387.5469403	0.000762078416113077	223.12578233833335
13398.1742112	0.0003672069026206405	223.30290352
13411.332871	0.0001643625759783702	223.52221451666668
13415.8882146	0.00021463228163515332	223.59813691
13430.0587784	0.00028075939615846893	223.83431297333334
13433.0945169	9.733001783337102e-05	223.884908615
13433.6010952	0.0003272844338782211	223.89335158666665
13440.6861451	0.00026948680971317866	224.01143575166668
13461.435837	0.00017989837893484667	224.35726395
13478.1375948	0.0001474421590019448	224.63562658
13504.9596486	0.00011668163689457697	225.08266081
13510.0211544	0.00028233721755836777	225.16701924
13512.0455898	0.00033609916634385955	225.20075983
13518.1186249	8.782589529633217e-05	225.30197708166668
13521.1551772	0.00017858730105660075	225.35258628666668
13543.4232478	0.0004175276830992536	225.72372079666667
13558.0996132	0.0002572347266881029	225.96832688666666
13558.6067699	0.0003800016777116014	225.97677949833331
13559.6176721	0.0002507355060693549	225.99362786833333
13576.3191878	0.00039306780996457955	226.27198646333332
13588.9720349	0.00033781422547352237	226.48286724833332
13592.007777	0.00031891603027116484	226.53346295
13593.5266177	0.00023003175208159487	226.55877696166667
13605.1671538	0.00029981492393622763	226.75278589666667
13658.305895	0.0003913083098518567	227.63843158333333
13662.354464	0.0003090619114983646	227.70590773333333
13677.0316738	0.00030915857491417017	227.95052789666667
13695.7569609	0.0004081825647181659	228.262616015
13703.3495128	0.0002622890116332891	228.38915854666666
13718.0253072	0.00030781734043940925	228.63375512
13723.5923855	0.0004265574876040367	228.72653975833333
13729.6651116	0.0003498805903507998	228.82775185999998
13746.873061	0.0005358648115779338	229.11455101666667
13747.8844665	0.00020125188996165895	229.13140777499999
13760.5368455	0.0001307845094687044	229.34228075833335
13767.116239	0.00034033026098549517	229.4519373166667
13782.299655	0.00042799384837353364	229.70499425
13815.7022256	0.0003056905255214869	230.26170376
13828.3531923	0.00048284234338338453	230.472553205
13839.9934645	0.00011675006164229	230.66655774166665
13841.0064068	0.0003018758463907285	230.68344011333332
13847.0787239	0.00035409519887091346	230.78464539833334
13854.6709494	0.00033590485235336843	230.91118249000002
13857.2013569	0.00026586316908897554	230.95335594833332
13858.7187497	0.00036719738117952825	230.97864582833333
13859.7311889	0.0003730344117929398	230.995519815
13869.3474292	3.757621709367167e-05	231.15579048666666
13870.3589693	0.0003523142300728583	231.17264948833332
13871.3717899	0.00022400588356671962	231.18952983166668
13875.4201593	0.00028002418467132476	231.257002655
13899.2069664	0.00016612283154737717	231.65344943999997
13951.3351961	0.0002948451244082622	232.52225326833334
13956.3958759	0.00039306974738264786	232.60659793166667
14010.5475476	0.00023101495821854464	233.5091257933333
14025.7298277	4.4997173359382604e-05	233.76216379500002
14026.7427718	0.00039798247908372003	233.77904619666666
14027.7551475	0.0005443320507118345	233.795919125
14047.9978186	0.0002837503099524782	234.13329697666668
14050.0222568	0.0001720911568466145	234.16703761333335
14075.3267817	0.00019154348078835617	234.588779695
14079.3761451	0.00030965773862839534	234.656269085
14093.0401094	0.0002919157341798107	234.88400182333334
14113.2837552	0.0003422056796767328	235.22139592
14119.8633773	0.0003010504592743075	235.33105628833334
14136.5639022	0.00023357965837240462	235.60939836999998
14143.1449267	0.00029943305873071207	235.71908211166667
14175.0287298	0.0001271583937735573	236.25047883
14194.7667738	0.0003429333801017212	236.57944623
14195.7788192	0.0003093451401341161	236.59631365333334
14207.418722	0.00021965154609375446	236.79031203333335
14221.589446	0.00042794526907834055	237.02649076666665
14245.8813567	0.00010604635251860087	237.431355945
14259.0402565	0.0003683143506690374	237.65067094166668
14328.3753395	0.00023673696524732096	238.80625565833333
14375.4420093	0.0003217631663411775	239.590700155
14390.1186316	0.0002912664001091093	239.83531052666666
14400.7458614	0.0004034193582143992	240.01243102333333
14414.9163319	0.0003526051471499472	240.24860553166667
14433.6423451	0.000304065593388489	240.56070575166666
14476.6604895	0.00036360308990387395	241.277674825
14508.5446078	0.00021322189813591374	241.8090767966667
14521.7020493	0.0002809835571371462	242.02836748833334
14524.2324177	0.00032138282838944666	242.07054029499997
14544.9825789	0.0002037347842683422	242.416376315
14562.189777	0.00014200882993450933	242.70316295
14565.2271833	0.00019375939129981425	242.75378638833334
14576.8662897	0.0002155643125099156	242.94777149499998
14598.1229587	0.00042248928851885357	243.30204931166665
14604.7022366	0.00035990039030191396	243.41170394333332
14607.2324439	0.0002308649110463363	243.453874065
14633.0429812	0.00034394242582674243	243.88404968666666
14644.6835731	0.0003562083987990229	244.07805955166666
14685.1709543	0.00022892954586845997	244.75284923833334
14699.8477888	0.0003283628519492027	244.99746314666666
14705.9204297	9.218296539661721e-05	245.09867382833332
14756.0234345	0.00041613061527646987	245.93372390833335
14757.5422732	0.00037805321787549113	245.95903788666666
14766.1453456	0.00027154850535176844	246.10242242666666
14772.2185696	0.00031265589154642084	246.20364282666665
14780.3165681	0.00035075357818978634	246.33860946833332
14784.3643224	0.0002864770133985972	246.40607204
14799.041408	0.00023746619093775249	246.6506901333333
14800.0535806	0.0002855320268124018	246.66755967666668
14802.5847541	0.00021825819872877206	246.70974590166668
14810.6819258	0.0002888843259011704	246.84469876333333
14827.8895463	0.00022863614645454706	247.13149243833334
14835.47992	0.00032331854727909244	247.25799866666665
14872.4259212	0.00018971958017200183	247.87376535333334
14877.9927456	0.00022679997215525093	247.96654576
14887.6073807	0.0002592046167765705	248.12678967833332
14889.1268671	0.0002282231946514864	248.15211445166668
14898.7418337	0.00043651841610613143	248.312363895
14907.8516504	0.0001259319142591838	248.46419417333334
14908.8644597	0.00019878137042486256	248.48107432833334
14938.2169915	0.00026816117597402804	248.97028319166665
14939.7352033	0.00018447319107875034	248.99558672166668
14954.4129174	0.00037291988608063756	249.24021529
14987.3082578	0.00029205426955527397	249.7884709633333
14988.8268009	0.0005600713411261706	249.813780015
15005.5282046	0.00031807182110281086	250.09213674333333
15012.6125603	0.00022322078476663722	250.21020933833333
15013.1188433	0.0002136155761617491	250.21864738833335
15025.7709457	0.0004054431328755564	250.42951576166666
15045.5094455	0.00024838427260296883	250.75849075833332
15049.0512564	0.00021099246292561008	250.81752094
15073.8507526	0.00019935503743217638	251.23084587666665
15087.5156468	0.0002741118536194752	251.45859411333333
15096.1186329	0.0002778198128984444	251.60197721499998
15127.4965581	0.0002868619691095821	252.124942635
15134.0757287	0.00035388611186592774	252.23459547833332
15137.1125285	0.00030289116831854536	252.28520880833332
15163.9343195	0.00023155049775612854	252.73223865833333
15167.9833648	0.00021193046943467547	252.79972274666667
15168.4901444	0.0002672067721896251	252.80816907333335
15174.5630229	0.00036117595224841574	252.909383715
15193.2876201	0.0002919569480123603	253.221460335
15211.0010378	0.00046757940543672486	253.51668396333335
15213.5317388	0.00032521144649799244	253.55886231333335
15238.8374079	0.00034669383382282526	253.980623465
15240.8608742	0.00029678040369986235	254.01434790333332
15248.958059	0.0002008312472516356	254.14930098333335
15250.9826155	0.00026329607905147776	254.18304359166666
15251.9945376	3.3645539012750165e-05	254.19990896
15265.1549454	0.00025458758666554836	254.41924909
15273.2519844	0.0002367089440436694	254.55419974
15280.337011	0.00018055817636241874	254.67228351666665
15320.3194821	0.00020956501771965595	255.338658035
15320.8252251	0.0002851719559274683	255.347087085
15338.5378901	8.127293376042023e-05	255.64229816833333
15339.5497091	0.0002931570889004196	255.65916181833333
15373.4584168	6.861757259919753e-05	256.2243069466667
15385.0991459	0.00016113647252119593	256.4183190983333
15387.6291094	0.0002631488621672025	256.46048515666666
15400.2810804	0.00021372252654684086	256.67135134
15400.7869758	0.00027811628232836405	256.67978293
15405.343063	0.00020578199221744892	256.75571771666665
15413.9460439	0.00034186322610175795	256.89910073166664
15427.1047613	3.358875717119966e-05	257.1184126883333
15444.3118597	0.0003445272798614235	257.40519766166665
15445.3234824	0.0003653823632743881	257.42205803999997
15463.0369081	0.0002973465730807452	257.7172818016667
15495.4265929	3.373285527630582e-05	258.2571098816667
15498.9691238	0.00031324804087242233	258.31615206333333
15522.7555074	0.00021526268449372459	258.71259179
15548.0615177	0.00023656202954128693	259.13435862833336
15588.548349	0.0003157068282975337	259.80913915
15596.1392743	0.00037523014892674853	259.93565457166665
15634.0965241	0.000327041000360707	260.56827540166665
15664.461606	0.000242514278218786	261.07436010000004
15676.101922	9.901339674284301e-05	261.26836536666667
15695.3332066	0.00030400857014635844	261.5888867766667
15704.9494812	0.0003323047336534352	261.74915802
15744.9309171	0.0002902557841693897	262.415515285
15752.5222572	0.0004924511969864018	262.54203762000003
15799.0824154	0.0002631959044149508	263.3180402566667
15807.6870505	0.00028230323748273126	263.4614508416667
15813.2537911	0.0003476290947256017	263.55422985166666
15817.8081239	0.00028121388373520626	263.6301353983333
15827.4238716	0.00027009098163916916	263.79039786
15834.5094041	0.00054486091730325	263.9084900683333
15858.8015979	0.00016913479648104782	264.31335996499996
15913.9661613	0.00010492658799070465	265.232769355
15914.4718832	0.0003389880590840592	265.24119805333333
15927.6310929	0.00010892449256630982	265.460518215
15945.85039	0.000254794815234085	265.76417316666664
15946.861952	0.0003302701038421679	265.7810325333333
15964.0690347	0.00027409302371521983	266.067817245
15966.0942246	0.00020223502859885106	266.10157040999997
15967.6124458	8.952744145206624e-05	266.12687409666665
15988.3616552	0.0002471657190555362	266.4726942533333
15994.4344335	0.00023230335291172702	266.573907225
15995.4471457	0.0002628888065701717	266.59078576166667
16001.014759	0.0003722987458782631	266.6835793166667
16031.3798926	0.00032420633382033027	267.18966487666665
16051.1178866	0.00026834695742650205	267.51863144333333
16060.7333371	0.00025464059056177634	267.6788889516667
16076.9286387	0.0003245578805463814	267.948810645
16078.4463688	0.00026121004219341803	267.97410614666666
16089.5804811	0.0004552467184299047	268.15967468499997
16093.1227478	0.0003404601872784474	268.21871246333336
16108.8126252	0.00039995853561617805	268.48021042
16117.9218676	0.0003102927436802429	268.6320311266667
16121.9708499	0.0004134789092208313	268.69951416500004
16136.6471327	0.0004192255851203311	268.9441188783333
16151.8298389	3.545766787826831e-05	269.1971639816667
16169.5430609	0.00022364232086559638	269.4923843483333
16171.0619874	6.99763259040573e-05	269.51769979
16178.6529686	0.00017072528332006686	269.6442161433333
16193.3299245	0.00020748849991460508	269.888832075
16223.1895269	0.0002605841728062444	270.386492115
16261.6523906	0.000327038639283025	271.02753984333333
16270.2558362	0.00031532437332214963	271.1709306033333
16278.3539895	0.00033637917766810894	271.305899825
16287.4624833	0.00022616972865683926	271.457708055
16307.7074933	0.0004011887977734402	271.79512488833336
16329.9745541	0.00030159777753902353	272.1662425683333
16330.4809695	0.00025022951245866744	272.174682825
16338.0721629	0.00029442436665048455	272.301202715
16343.1338084	0.00022871152381505918	272.3855634733333
16380.0783995	0.00021745624351487543	273.00130665833336
16394.755134	0.00019793762748444204	273.2459189
16395.260922	0.0001903120913661748	273.25434870000004
16411.9622737	0.00020765288626544326	273.53270456166666
16412.9745728	0.0002910450271520147	273.54957621333335
16454.4743962	0.00025506751480953223	274.24123993666666
16465.1014694	0.00018199496576130143	274.41835782333334
16469.1498751	0.0003672182140234156	274.48583125166664
16482.8149575	0.0002629986922516818	274.71358262499996
16488.8885504	0.0003305329031486948	274.81480917333334
16500.5282072	0.00036857589469595795	275.00880345333337
16508.1191201	0.00018949856046942965	275.13531866833335
16513.1807987	0.00014572879420690483	275.2196799783333
16542.028201	0.0001701779829329936	275.70047001666666
16558.7292895	0.0005869493289741455	275.9788214916667
16596.1797062	3.383654542405839e-05	276.60299510333334
16633.630312	0.00025487693986165987	277.2271718666667
16637.1731286	0.00018463069226466925	277.28621881
16643.7529366	0.0003801751142667723	277.39588227666667
16657.4176046	0.00018860005426116314	277.6236267433333
16679.1790038	0.0001816828020146604	277.98631673
16681.2041961	0.0003375685534702936	278.020069935
16681.7103401	0.00024240252098621827	278.0285056683333
16685.7579857	0.0002467568031151542	278.0959664283333
16690.3139249	0.00023749526716700014	278.1718987483334
16706.0023532	0.0002328779020391035	278.43337255333336
16726.2462332	0.0002736032885780637	278.7707705533333
16729.2822348	0.0001230899083859396	278.82137058
16766.7336034	0.0003836742067349325	279.4455600566667
16769.76989	0.0003244844255947893	279.49616483333335
16792.5435451	0.0002990705422199054	279.87572575166666
16796.5928584	0.00046258930318846957	279.9432143066667
16800.1351548	0.00032976632103749433	280.00225257999995
16801.1472956	0.0002765649504319816	280.01912159333335
16808.233041	0.0002758897648978432	280.13721735
16812.7883047	0.0002857210323738459	280.21313841166665
16832.0196944	0.0002748905487711163	280.53366157333335
16832.5256483	0.00038525621184481746	280.54209413833337
16834.0442109	0.0005509798527339205	280.56740351499997
16836.5738884	0.00023987272059723411	280.60956480666664
16870.988173	0.00040835262336356916	281.1831362166667
16893.7629141	0.00033772999589080476	281.562715235
16894.7743488	0.00037925303712953477	281.57957248
16897.3052135	0.0003097287164615556	281.62175355833335
16919.0672323	0.0002018623605099548	281.9844538716667
16933.7442183	0.00024052454020917588	282.229070305
16946.9025207	0.00018689870702861695	282.44837534500004
16978.2806922999	0.00019081884115880858	282.971344871665
16985.8710670999	3.7338603884708346e-05	283.0978511183317
17021.8050937999	0.0004024262218593258	283.69675156333165
17023.8285726999	0.00032584996525864343	283.73047621166495
17056.7249104999	0.0004691991837423724	284.27874850833166
17061.7851589999	0.000313175617111327	284.3630859833317
17089.1150061999	0.00012013203235986074	284.818583436665
17126.0602083999	0.000400382898929544	285.434336806665
17145.7968579999	0.00040412049113028146	285.763280966665
17186.2849743999	0.00022888260194422582	286.438082906665
17242.9676243999	0.00030166018639609304	287.3827937399983
17259.1617682999	0.0002995519099528804	287.65269613833163
17279.4065324999	0.00013800681701598016	287.9901088749983
17283.4542763999	0.00026142054023460553	288.0575712733317
17311.7964343999	0.00020676983228147013	288.52994057333166
17351.2716612999	0.00028778813423512543	289.187861021665
17357.3445838999	0.0002093419872131651	289.28907639833164
17359.8750220999	0.00039815389837875224	289.33125036833167
17382.1430989999	0.0004376069625177596	289.7023849833316
17383.1545654999	0.00033253237065971236	289.71924275833163
17390.2398806999	0.0002462465924907143	289.83733134499835
17400.8677219999	0.0004222939451621148	290.01446203333165
17419.0873582999	0.0002346926157627636	290.31812263833166
17431.2337878999	0.00021567959143673306	290.52056313166497
17436.8006615999	0.00027771076981723206	290.61334435999834
17451.9835634999	0.00017126959810930074	290.8663927249983
17462.1060551999	0.00021066938498131159	291.03510091999834
17467.1670766999	0.0005318048644725015	291.11945127833167
17489.4352014999	0.00032225207730697823	291.490586691665
17502.0864794999	0.00019244409098231774	291.7014413249983
17514.7395311999	0.0002515889221102174	291.9123255199983
17528.4036110999	0.0002936258534201808	292.14006018499833
17541.5620501999	0.0001722325093750141	292.35936750333167
17575.9762538999	0.0003172613502580859	292.9329375649983
17576.9894442999	0.0005304822981582969	292.949824071665
17585.5923037999	0.0002165131087016538	293.09320506333165
17600.7747048999	0.00024878756449898384	293.346245081665
17606.3415177999	0.000306772750663025	293.439025296665
17608.3671616999	0.0003307364096469984	293.4727860283317
17609.8841425999	0.0002195444212881168	293.49806904333167
17617.4763712999	0.00027480517274669773	293.6246061883317
17627.5984328999	0.0003668074183504523	293.7933072149983
17657.4573875999	0.0003342585131465067	294.29095645999837
17711.1029950999	0.00023759784468335772	295.1850499183317
17719.7065158999	0.00012541806020066888	295.328441931665
17731.3465099999	0.00043642021574338493	295.5224418333317
17739.4443923999	0.00041978097411551375	295.6574065399983
17744.5060630999	0.00034379994672349495	295.7417677183317
17747.0362064999	0.00016310205352861867	295.7839367749983
17770.3168855999	0.00013168606043193027	296.17194809333165
17770.8230427999	0.00028490002557728664	296.180384046665
17774.8717011999	0.0002330241086402618	296.247861686665
17784.9929403999	0.0003881034677210697	296.41654900666504
17817.3825094999	0.0004499319447641896	296.9563751583317
17885.7062594999	0.00028729393239600946	298.0951043249983
17892.2851611999	0.0002938619677396337	298.204752686665
17910.5046898999	0.00013804596646052277	298.50841149833167
17918.0959763999	0.00034607188655795166	298.63493293999835
17922.1446539999	0.0002827545828524713	298.70241089999837
17941.8826438999	0.00010157240141413039	299.03137739833164
17944.9185608999	0.00016002792044923618	299.0819760149983
17955.0407337999	0.00029551726385780406	299.25067889666497
17963.6443337999	0.00013055134971132835	299.39407222999836
17968.7043660999	0.00039302434492177914	299.47840610166503
17981.8630350999	0.00035545403425761096	299.69771725166504
18050.6925835	0.00026082360067752403	300.8448763916667
18051.7044359	0.0003071657708919778	300.8617405983333
18053.7289626	0.0002786795759473669	300.89548270999995
18082.5756474	0.00015815013613627296	301.37626079
18124.0756578	0.00013544455323727617	302.06792763
18124.5813489999	0.000265001450845932	302.07635581666494
18137.7400933	0.00033556767369793305	302.29566822166663
18142.2952010999	0.00022198599070589347	302.3715866849983
18170.6358473999	0.00022053653388171509	302.8439307899983
18172.6606347999	0.0002392710303661838	302.87767724666503
18220.2340288	4.7360781010852725e-05	303.6705671466667
18224.7876884	0.00043069724532158305	303.74646147333334
18227.3192	0.0003573192797240527	303.78865333333334
18232.886096	0.0002810863437576062	303.8814349333333
18245.0320293	0.00037286457688825785	304.083867155
18249.5864586	0.00032344874962119465	304.15977431
18253.635928	0.00018713052993261798	304.22726546666667
18271.3488343	0.0002867023320426802	304.5224805716667
18272.8674814	0.0002740785041271903	304.54779135666666
18273.3726491	0.0001874084759245086	304.55621081833334
18279.4458075	0.00011987576777139983	304.657430125
18311.330005	3.216038455243822e-05	305.1888334166667
18324.9948491	0.0003744100507010593	305.41658081833333
18329.0431576	0.00013969253945971856	305.4840526266667
18330.0550711	0.00029384569055063896	305.50091785166666
18342.7080754	0.0002263066679488301	305.7118012566667
18349.7929891	0.00037037483778362587	305.82988315166665
18350.2993446	0.0003895366402220009	305.83832241
18351.8171381	0.00027495519576739076	305.8636189683333
18358.3973324	0.0003319619646592459	305.97328887333333
18381.1722264	0.0002099542599647934	306.35287044
18400.9094803	0.0002811121588071804	306.6818246716667
18426.7209265	0.00015148297684108882	307.11201544166664
18428.744438	0.00032769852302099817	307.14574063333333
18506.6834036	0.00021849989005197227	308.44472339333333
18512.7563385	0.00025836378511854294	308.545938975
18522.878248	3.1913829822693854e-05	308.71463746666666
18537.5550396	0.0003545903915892854	308.95925066
18548.6895809	0.00019262565959966802	309.14482634833337
18557.2941957	0.0002681828715680973	309.288236595
18570.9586071	0.0002083337838821739	309.515976785
18584.6232925	0.0002066398426496342	309.7437215416667
18591.2013795	0.00026541812482796975	309.853356325
18593.7325972	0.00028419579050282937	309.8955432866667
18625.6158026	0.00033848520083219205	310.42693004333336
18638.7749391	0.00026136442450547004	310.646248985
18648.3903123	0.000541950316684705	310.80650520499995
18663.5725819	0.00040732006069580794	311.0595430316667
18665.5973954	0.00023732813301122384	311.0932899233333
18667.1161289	0.00014977722567799287	311.11860214833337
18668.128679	3.3245786096612254e-05	311.1354779833334
18669.6457994	0.0001925861042061846	311.16076332333336
18735.4384674	4.135714291622449e-05	312.25730778999997
18758.2121432	0.0002603410149807205	312.6368690533333
18780.4803546	0.00022264091503901518	313.00800591
18801.230919	0.0002589900336213281	313.35384865000003
18811.3522339	0.00036288908311375034	313.52253723166666
18820.4621497	7.252841300579502e-05	313.6743691616667
18830.5845148	0.00040000504937340433	313.8430752466667
18854.8764392	0.00010221437516499532	314.24794065333333
18862.9736726	0.00031708190233405327	314.38289454333335
18865.5043764	0.00023670277500508017	314.42507294
18868.0344161	0.0002507312996239031	314.46724026833334
18881.1929444	0.00027594322577630933	314.68654907333337
18886.2544352	0.0001968852615372038	314.77090725333335
18897.8943689	0.00015360616781368624	314.96490614833334
18899.9182784	0.00024011664044371826	314.99863797333336
18905.9925716	0.0002147926588332435	315.09987619333333
18920.1628278	0.00018079900347005962	315.33604713
18937.3698922	0.00017237715012803677	315.6228315366667
18973.8088813	0.0002592340849036803	316.23014802166665
18976.8457004	0.00035786641928152327	316.28076167333336
18992.5341353	0.00028156013791017225	316.5422355883333
18995.5704469	0.0001590912470077464	316.59284078166667
19002.655461	0.00029675862993241563	316.71092434999997
19009.741147	0.00028978589935906176	316.8290191166667
19015.3079096	0.0003717160361471179	316.9217984933333
19019.3567143	0.00023862742743363175	316.98927857166666
19019.862846	0.0002025470105077614	316.9977141
19054.7834893	0.0004819424789115343	317.5797248216667
19069.4595659	0.0002418872934028461	317.82432609833336
19076.0394782	0.00034080707149455067	317.93399130333336
19085.1488869	0.00043819491212369064	318.08581478166667
19102.8618491	0.00033009954243966115	318.3810308183334
19107.9230347	0.00018183724637354148	318.46538391166666
19122.0933694	0.00020880147950762623	318.7015561566667
19148.4109383	0.0004014142352058855	319.140182305
19156.5085835	0.0003036931876578558	319.2751430583333
19159.5442163	0.00022391100579747955	319.32573693833336
19201.5497532	0.0003366104410069924	320.02582922
19221.2879731	0.00020826442231124505	320.35479955166664
19239.5074043	0.0002683269678715536	320.6584567383333
19243.0502811	0.00027675078258146895	320.717504685
19244.5687072	0.0003195337090231897	320.74281178666666
19257.2205751	0.00016203785754123466	320.95367625166665
19264.3056508	0.00010140920962116093	321.0717608466667
19298.2140552	0.0003527757986559088	321.63690091999996
19314.4099809	0.00032960140305151524	321.906833015
19322.5071009	0.0003603922103471423	322.04178501499996
19339.2092992999	0.00013112436746484627	322.32015498833164
19344.7749498999	0.0003825335046586839	322.412915831665
19346.2943318999	0.00025056841221913914	322.4382388649983
19370.0796600999	0.0003448320838944667	322.834661001665
19452.0679016	0.000599802010164319	324.2011316933333
19460.6710534	0.00043228097514197097	324.3445175566667
19484.963899	0.0001803595545829079	324.74939831666666
19491.0372398	0.0003061851712521358	324.85062066333336
19501.1592599	7.102570349183666e-05	325.01932099833334
19507.2327574	0.00012623230661972372	325.12054595666666
19515.8360393	0.00021891186411405838	325.26393398833335
19520.8972032	0.0002456250345755961	325.34828672
19532.0316326	0.0003426977674783776	325.53386054333333
19538.6100275	3.7498884408188854e-05	325.64350045833334
19569.9879836	0.00021616461981756945	326.16646639333334
19608.9570685999	0.000372116396100411	326.81595114333163
19644.3840076999	0.00017705411064669217	327.40640012833165
19649.4443324999	0.00034386912325285894	327.4907388749983
19656.5298546999	0.00022131320178498558	327.608830911665
19659.0606762999	0.0002604177329735529	327.651011271665
19664.1219104999	0.0003700145871135304	327.7353651749983
19676.7738332999	0.0003059175190322731	327.94623055499835
19696.0059443999	0.0002526862138044072	328.26676573999833
19703.0905715999	0.00021442775937065866	328.38484285999834
19707.6453121999	0.0002786171491698346	328.46075520333164
19742.0593076999	0.0004195045548050894	329.03432179499833
19784.5720139999	0.0002489889031702344	329.7428668999983
19787.6086238999	0.00019155629100862465	329.79347706499834
19802.2849204999	0.0003646961268144236	330.0380820083317
19819.997909	0.00029538542327637137	330.33329848333335
19870.6070693	0.00036706197061995763	331.17678448833334
19881.7418796	0.0003565754427825548	331.36236465999997
19882.2483126	0.00026797351459294157	331.37080521
19971.8262658	0.0002171005508332224	332.86377109666665
19973.3450293	0.00024947270541809355	332.88908382166665
19981.9491929	0.0003160418399603915	333.03248654833334
19994.0952607999	0.000197529845649068	333.23492101333164
19997.1314746	0.00020815691246528747	333.28552457666666
19999.1561683	0.0001862934769222135	333.31926947166664
20018.3873074999	0.000247328386765598	333.6397884583317
20033.0644190999	0.0004010212341988916	333.88440698499835
20067.9853485999	0.0001506120250605313	334.466422476665
20073.5522849999	0.00013691222462560104	334.55920474999834
20104.4232900999	0.000428739654686282	335.07372150166503
20114.5459983999	0.00031317465817319226	335.24243330666496
20117.5836686999	0.000514536236038212	335.2930611449983
20122.6436774999	0.0002921277604262651	335.3773946249983
20126.6924511999	0.00034286852189979104	335.444874186665
20131.2471949999	0.0001795755283448748	335.5207865833317
20137.3213180999	0.00013093310595681764	335.6220219683317
20157.0586248999	0.0006750344777784144	335.950977081665
20174.7713545	0.00021257341829284085	336.2461892416667
20184.8931226	0.00029948706897234734	336.41488537666663
20205.1375551	0.0002344128557102747	336.75229258499996
20205.642796	0.0002424226907638555	336.76071326666664
20217.2838501	0.0002515367835795481	336.954730835
20225.8865096	0.00017741708026075762	337.09810849333337
20233.9845543	0.00033997118410181913	337.233075905
20243.0947415	0.00034484359353550894	337.38491235833334
20260.8068335999	0.00028118426512885824	337.6801138933317
20272.4476666999	0.0001806277454172821	337.8741277783317
20298.7639024	0.00024956681846387556	338.3127317066666
20312.4295098	3.233859805709703e-05	338.54049183
20316.4772168	0.00048291390689770555	338.60795361333334
20317.9958992	0.0002722096407113371	338.63326498666663
20341.2766539	0.00028854221379409135	339.021277565
20356.9649764	0.00020554064311835681	339.28274960666664
20360.0011612	0.00025554155988938596	339.3333526866667
20368.0987411	0.00025849122604917234	339.46831235166667
20385.8122255	0.00030302367004758087	339.7635370916667
20403.0202259	0.00024690132221284484	340.05033709833333
20485.5131458	0.00027526578276585286	341.42521909666664
20506.2622497	0.00017581430620073758	341.77103749500003
20529.5426247	0.00026174663226854604	342.159043745
20538.1465455	0.0001993320194879786	342.302442425
20559.9090522	0.000291450363674468	342.66515087
20578.6346388	0.00027278595672906733	342.97724397999997
20587.2370626	0.00012869625794646936	343.12061771000003
20594.3234599	0.0003965511543805253	343.2387243316667
20607.4813145	0.0002473693223983407	343.45802190833336
20622.1588464	0.0003124032456465771	343.70264744
20636.3289483	0.0002637610256240737	343.938815805
20644.4261733	0.0003352175290954909	344.07376955499996
20662.1396732	0.00025638286507851727	344.3689945533333
20669.7308953	0.0002666693720081218	344.49551492166665
20677.827977	0.00022879597439901415	344.63046628333336
20681.3708168	0.0004098302313855034	344.68951361333336
20685.9254321	0.00021823348161828293	344.76542386833336
20692.0004529	0.00027109094846946267	344.866674215
20713.7624967	0.0003599576357551765	345.229374945
20749.1886059	0.00015115932972524843	345.81981009833333
20752.2248244	0.0002302285180174082	345.87041374
20785.1214576	0.00018432288534814362	346.41869096
20825.1027289	0.0002366740254610592	347.08504548166667
20835.2243573	0.00027447420555817934	347.25373928833335
20861.0355326	0.00021974791459963987	347.6839255433333
20861.5418498	0.00032334860713666966	347.6923641633333
20882.7965676	0.00037560651215487304	348.04660945999996
20911.6442148	0.00033170500867075396	348.52740358
20923.2840558	0.0002159460542309808	348.72140092999996
20936.443635	0.00035481999590769163	348.94072725
20943.0228902	0.00028319191452918775	349.05038150333337
20948.5898797	0.00012960154040688026	349.1431646616667
21034.6262451	0.0002916317087200079	350.57710408500003
21044.7483069	6.56345511945853e-05	350.745805115
21050.3150346	0.0002476864350144043	350.83858391
21051.3266916	0.00016644111562213201	350.85544486
21077.1376228	0.00022674206951958927	351.28562704666666
21093.8387071	0.0002161747871415306	351.5639784516667
21101.9362657	0.00026315650174265563	351.6989377616666
21105.9856508	0.0002889310358742585	351.7664275133333
21128.7599177999	0.0003250720926011817	352.14599862999836
21130.2782780999	0.00033937159692635805	352.17130463499836
21140.3998786	0.00025765112720310234	352.33999797666667
21160.1376696999	0.0003322827672631641	352.668961161665
21179.8755784999	0.0003083350160493403	352.99792630833167
21209.7347752999	0.00043871515565230783	353.4955795883317
21210.7471828	0.0005912076189235299	353.5124530466667
21216.8199524	0.0004001623148345313	353.61366587333333
21234.5330621	0.0005753873944440179	353.9088843683333
21239.5942966	3.611707711718306e-05	353.99323827666666
21248.196889	0.00019643878671514898	354.1366148166666
21278.0568638	0.00013036937707987833	354.63428106333333
21302.8550309999	0.0001199874013228611	355.0475838499984
21334.2329205	0.00029341442863314214	355.570548675
21339.8003862	0.0003935512993711327	355.66333977
21344.8611996	0.0003668552805050811	355.74768666
21350.4284771	0.0004618478058083373	355.8404746183333
21361.562215	0.0002943243454286624	356.02603691666667
21366.6233129	0.0003333661460474604	356.11038854833333
21441.0188848	0.00031426482479736016	357.35031474666664
21442.0313182	0.00023932231502873052	357.36718863666664
21466.8296276	0.00030246643586303017	357.78049379333333
21471.3843396	0.0002877104263061711	357.85640566
21530.0914778	0.00021696462903702792	358.8348579633333
21542.743652	0.00021314287652906045	359.0457275333334
21552.8663209	0.00029722716550410256	359.21443868166665
21571.0854115	0.0002892181293703653	359.51809019166666
21584.2435042	0.000277960184041997	359.73739173666667
21596.3901853	0.00020483102188253164	359.93983642166666
21608.535454	0.0002197750503130508	360.1422575666667
21625.7424112	0.0002674756801954741	360.42904018666667
21635.8655388	0.0002661500703997528	360.59775898000004
21642.9503686	0.00036844852467069915	360.71583947666664
21655.6035601	0.0002796551289780546	360.9267260016667
21719.8775144	0.00027469007271678893	361.99795857333334
21733.0360525	0.00028105211444622935	362.2172675416667
21743.6645874	0.00011726580396402668	362.39440979
21746.7007722	0.00023624373917520948	362.44501287
21750.242347	0.00021378288820681968	362.50403911666666
21760.871174	0.0003067867317276952	362.68118623333334
21761.3776989	0.0002562114094443784	362.689628315
21770.9925679	0.00031132308275747526	362.8498761316667
21777.5722877	0.0003356744833184376	362.95953812833335
21778.0777185	7.83927251551056e-05	362.96796197500004
21784.1512114	0.00016426376499422326	363.06918685666665
21797.3093381	3.644995950740862e-05	363.28848896833335
21801.8646807	0.0001374986445043422	363.364411345
21813.5040769	0.0006272550038512426	363.5584012816667
21834.7604919	0.0004375724704854619	363.912674865
21844.8829678	0.0006180921910034433	364.0813827966667
21849.9435493	0.0002166307591959362	364.1657258216666
21861.5832585	0.00024651740847934586	364.35972097499996
21869.1754476	0.00019480138473273485	364.48625746
21878.7911355	0.0003321417021388177	364.646518925
21887.9015704	0.00034958023061370836	364.7983595066667
21920.2914308	0.00036635481463797686	365.33819051333336
21933.9567201001	0.00010356031419752305	365.5659453350017
21935.4740784	0.00044479682970510043	365.59123464
21953.6937441	0.00038528724177788336	365.89489573500003
21976.9731427001	0.0002885184333938081	366.2828857116683
21985.5768783001	0.00016237115777725938	366.4262813050017
21989.1193697001	0.0003013391430802645	366.485322828335
21992.1565802001	0.0004984804048893086	366.535943003335
22022.0160260001	8.54996107699171e-05	367.033600433335
22024.5466101001	0.00013928687917598163	367.07577683500165
22028.5959150001	0.00033413581271791467	367.14326525000166
22044.2836743001	0.00019090809088360638	367.40472790500166
22069.5890905001	0.00021680316105115945	367.82648484166833
22096.9180231001	0.0003889488256468806	368.28196705166835
22123.2346832001	0.00030134804032915083	368.720578053335
22142.4659816001	0.0002167308591928607	369.041099693335
22145.5025549001	8.938260144141206e-05	369.091709248335
22152.0821564001	0.0003577688956680416	369.20136927333505
22156.6376057001	0.00019698578082553877	369.277293428335
22185.9902250001	0.0001769410991517886	369.7665037500017
22203.1974495001	0.00018271724239162345	370.0532908250017
22210.2825968001	0.0004238297923686505	370.17137661333504
22211.2947196001	0.00034655514350636626	370.1882453266683
22214.8370026001	0.0002253343652994121	370.24728337666835
22215.8493488001	0.00025954579485899673	370.264155813335
22242.6732343001	0.00028251374097909164	370.7112205716683
22246.2156317001	0.00021161403388506974	370.770260528335
22263.4229707001	0.00016850807261389877	371.0570495116683
22269.4964185001	0.0002154372590090515	371.15827364166836
22275.0621794001	0.00024322600738576534	371.25103632333503
22285.1846122001	0.00017247040889796682	371.41974353666836
22300.3673266001	0.00010721465266919813	371.6727887766683
22316.0564317001	0.00015211029379120716	371.9342738616684
22319.5994184001	3.304753336882883e-05	371.9933236400017
22321.6236543001	0.00030937312812801465	372.02706090500163
22333.2631875001	0.00019143039959965423	372.2210531250017
22340.3487929001	0.0002086606348004816	372.33914654833495
22391.9698899001	0.00042102225971185	373.19949816500167
22396.5252193001	0.0002756256818463533	373.2754203216683
22402.0923774001	0.00023115162842093838	373.36820629000164
22428.4092974001	0.000584934665641814	373.806821623335
22428.9149074001	0.0002483207615825654	373.8152484566683
22437.5185464001	0.0002780083728666934	373.95864244000165
22460.7983967001	0.00027742711919834413	374.34663994500164
22494.7073912	0.0003089790248055909	374.91178985333335
22497.2379287	0.00022575014002897836	374.9539654783333
22509.3835355	0.00044329332843540706	375.15639225833337
22515.9637429	0.0003504647867062126	375.26606238166664
22522.0358046001	0.0003885779782656831	375.3672634100016
22531.6518576001	0.00020205314075614684	375.5275309600017
22539.2435168001	0.00030388209374762593	375.654058613335
22553.4132831001	0.00024113241328092619	375.89022138500167
22556.9565495001	0.0003533636797271999	375.9492758250017
22557.9683235001	0.00037498789360277274	375.96613872500166
22571.126833	0.00034344772336991224	376.18544721666666
22575.1761513	0.0002868415268455664	376.252935855
22616.169446	0.00026400996264009963	376.93615743333334
22616.6755472	0.0002792827575730724	376.9445924533333
22647.0409699	0.00039298293784777486	377.4506828316667
22666.2732239	0.00032587269631940226	377.77122039833336
22669.8152861	0.00040893454952256055	377.83025476833336
22682.9742012	0.0002446816070494144	378.04957002
22693.6015284	0.00037328605043361173	378.22669213999995
22723.4605509	0.00030422339333026425	378.724342515
22732.5714497	0.00035986359301458463	378.87619082833334
22740.6678899	0.00034394318331943893	379.0111314983333
22758.3829926	0.00021919652125858939	379.30638321
22816.0774946	0.0004100044445153924	380.2679582433333
22824.6810786	0.00021490769165609123	380.41135131
22825.187007	0.0004250199839417136	380.41978345
22845.9372887	5.88461283030542e-05	380.76562147833334
22856.0588067	0.0001772434339176017	380.934313445
22862.1312023	0.0002669583114456223	381.03552003833335
22891.4857017	0.00034784490111801347	381.524761695
22915.271472	0.0003354728861204415	381.9211912
22918.3076794	0.0001797349279131626	381.9717946566667
22929.9477189	0.0003240818522425454	382.16579531499997
22974.484024	0.0003294387669294922	382.90806706666666
22977.0147521	0.00030252340107484783	382.95024586833335
23003.8379965	0.0003418293266279754	383.39729994166663
23005.8627967	0.00046960067674554803	383.43104661166666
23026.1057299	0.0003295171397056385	383.76842883166665
23042.8067138	0.0004587302986354276	384.04677856333336
23053.4354541	0.00040074731538477897	384.22392423499997
23080.2577801	0.00014285133243588307	384.6709630016667
23089.3675153	0.0003872858449020007	384.8227919216667
23110.623782	0.00036715710149271306	385.1770630333333
23113.6606813	0.0005060096263759041	385.2276780216667
23124.288081	0.0004227212066303181	385.40480134999996
23170.3424987	0.00034855660815444285	386.1723749783333
23177.933513	0.00026561001932337574	386.29889188333334
23181.9830938	0.00043652349796701823	386.3663848966667
23186.537971	0.00041820375337868655	386.4422995166667
23190.5856268	0.00039173413198939817	386.50976044666663
23194.6346255	0.0004896534105424508	386.57724375833334
23199.1900291	0.0003921622724128621	386.65316715166665
23202.7326685	0.0003343160773832806	386.71221114166667
23213.360377	0.0003146026838028949	386.8893396166667
23218.4223138	0.00048152160828217165	386.97370523
23222.4716419	0.00039186727711317877	387.04119403166663
23233.0986673	0.0003588809073432999	387.21831112166666
23235.6298187	0.00023049738487812563	387.2604969783333
23260.9341125	0.00033769337441603026	387.68223520833334
23284.7209716	0.0003094444753143783	388.07868286
23287.7567648	0.0005009099397508882	388.12927941333334
23312.5553519	0.00013986998662317241	388.5425891983333
23318.1231404	0.00028480781483053474	388.6353856733333
23321.1599571	0.00042558028508422945	388.68599928500004
23324.1961989	0.0004040631408621305	388.736603315
23326.7270725	0.00020471085262517086	388.7787845416667
23336.8482125	0.00022258294940102834	388.94747020833336
23339.8848321	0.000403736838446442	388.998080535
23344.4400161	0.00019767608742157268	389.07400026833335
23345.4526626	0.0004581980010661221	389.09087771000003
23346.9704781	0.0002701742940454128	389.116174635
23348.4889808	0.0003026933792164638	389.14148301333336
23355.5734011	0.00031691035420486043	389.25955668499995
23368.2255065	0.0004359011004716307	389.4704251083333
23415.2932134	0.0004946650944752811	390.25488689
23428.451201	0.0002085076714998869	390.47418668333336
23436.5485884	0.00039710707951129236	390.60914314
23451.7313547	0.0001342862684830128	390.862189245
23457.2985839	0.0003462435777770246	390.9549763983333
23459.8286263	0.0003943758904872282	390.9971437716667
23479.5665346	0.0002599862578692269	391.32610890999996
23490.7012496	0.0002785090299429378	391.51168749333334
23526.1264435	0.0003956491686223084	392.10210739166666
23535.237117	0.0004171145612939128	392.25395195
23536.2486545	0.00023982038020027834	392.2708109083333
23545.3589385	0.00045359567522549655	392.422648975
23574.7121075	0.0002898581665690893	392.91186845833334
