retention_time	intensity	retention_time_min
5.9091536	0.0003336885411522651	0.09848589333333332
14.5138493	0.0002641741938861393	0.24189748833333333
30.7079389	0.0003127295906534253	0.5117989816666666
42.8542414	0.00018803568979043267	0.7142373566666667
45.3850095	0.0004975621891760712	0.7564168250000001
63.0979873	0.00018575350034213573	1.0516331216666666
74.738473	0.0007507587499047208	1.2456412166666666
76.7624339	0.00028710007856243996	1.2793738983333334
83.3425954	0.0003098206305609196	1.3890432566666666
90.9337432	0.00026584610871577995	1.5155623866666665
106.1160581	0.00032151762547166947	1.7686009683333335
113.7079887	0.0003190137406969854	1.895133145
122.8167402	0.0002301433040831068	2.04694567
125.8544204	0.00041168440830426263	2.097573673333333
126.8655433	0.0002777438145395868	2.1144257216666666
141.0365475	0.0003440571529693613	2.350609125
148.6276459	0.00024886162132983525	2.4771274316666667
156.2197338	0.0003449671072251265	2.60366223
166.3407793	0.00026746213289306894	2.772346321666667
170.8956902	0.00040320746994891696	2.848261503333333
174.9453787	0.00030973660389188167	2.9157563116666667
189.6217592	0.00019307219737096148	3.1603626533333338
198.2248787	0.00014450426889694366	3.3037479783333334
200.2489313	0.0003320293591403093	3.3374821883333334
226.5661795	0.0001712601465634731	3.776102991666667
231.6268238	0.00022187523819514304	3.8604470633333334
239.2178703	0.0003347452909631474	3.986964505
250.3523029	0.0003903637692654629	4.172538381666667
263.0047443	0.00018290223640973852	4.3834124050000005
265.5355173	9.41880153416944e-05	4.425591955
266.04148	0.0002810503747469173	4.434024666666667
268.5725668	0.00022052487739028184	4.476209446666667
285.778891	0.00012909879396500235	4.762981516666667
295.3949359	0.000289902365545031	4.9232489316666666
295.9003668	0.00021296699011653193	4.9316727799999995
304.5048728	0.0003875308312827708	5.075081213333333
308.5532327	0.00032277854768597656	5.1425538783333336
335.883063	0.0003012173410750323	5.59805105
356.1261792	0.00023054831460343113	5.93543632
363.2117031	0.00021602728073231005	6.053528385000001
363.7178822	0.0002094935886702263	6.0619647033333335
364.7301382	0.00030670142616163164	6.078835636666667
378.3945633	0.00027468224258755215	6.306576055
378.9002435	0.0005131924575540891	6.315004058333333
379.4060777	0.00021427056078070857	6.323434628333334
384.4670636	0.00023447935420175387	6.407784393333333
401.1695375	0.00022083895474745433	6.686158958333333
407.2422269	0.00013445918429640368	6.787370448333333
414.3282204	0.00041248805707567836	6.90547034
415.3398778	0.0002577968050227798	6.922331296666667
416.8577839	0.00034901000692117096	6.947629731666667
418.8834468	0.00020120862361869136	6.98139078
427.4867603	0.00031361813474881605	7.124779338333334
429.0040281	0.0004423645372616115	7.1500671350000005
432.0416499	0.00032413290660882765	7.200694165
433.5596642	0.00017189443429841924	7.225994403333333
442.6697162	0.0002157662856061855	7.377828603333333
450.2599695	0.000252617686331321	7.5043328250000005
461.3953197	0.00045822491067633845	7.689921995000001
461.9003996	0.00041065042712851944	7.698339993333334
476.0708662	0.00024332538572429858	7.9345144366666664
491.7599274	0.0005310160977683512	8.195998789999999
496.8217685	0.0004169289787109969	8.280362808333333
499.8577458	0.00029399284718433655	8.33096243
504.412334299999	0.00035361489123478045	8.406872238333316
519.594915	0.00039170257273583414	8.659915250000001
520.1016521	0.00021046104547090092	8.668360868333334
549.4562659	0.0002068319460244107	9.157604431666666
552.492233	0.0002837733253074211	9.208203883333335
565.6507078	0.00035104985367812865	9.427511796666666
576.2785857	0.00030012142317120666	9.604643095
579.8221447	0.00016051964386628055	9.663702411666666
580.327193	0.0002921266594940035	9.672119883333332
585.3884069	3.1838616421084806e-05	9.756473448333333
600.5707091	0.0002593000347664851	10.009511818333333
617.778577999999	0.00033964651947616893	10.296309633333317
620.814670499999	0.0004332758972935676	10.346911174999983
639.034243899999	0.0003080456135690018	10.65057073166665
643.083024699999	0.00046094022382691893	10.718050411666649
651.180939599999	0.00030145249476868697	10.853015659999983
651.686897799999	0.00024355000984315535	10.86144829666665
659.277468099999	0.00020458655184399212	10.987957801666651
669.906351899999	0.00034416488883403566	11.165105864999983
670.412411699999	0.00041553798740852756	11.173540194999983
672.942545599999	0.0001932620039291535	11.215709093333317
675.979208099999	0.00020575014283955083	11.266320134999983
695.2110502	0.0002339003645200486	11.586850836666667
696.7293273	0.000300089814114579	11.612155455
705.8400969	0.00028162115832006855	11.764001615000002
707.8644774	0.00021337732678430825	11.797741290000001
710.9002989	0.00037369480520428404	11.848338315000001
715.9620452	0.00018160004959358783	11.932700753333334
726.0838686	0.0002655683735539688	12.10139781
728.1074484	0.0003130782820004071	12.135124139999999
735.1934796	0.00024127247731216194	12.25322466
739.7475384	0.00014117500166714199	12.32912564
743.797142	0.0002382110564266911	12.396619033333334
763.5346365	0.0004440514131349954	12.725577275000001
772.1374118	0.00021872097518749162	12.868956863333333
777.7053499	0.00039436971240608724	12.961755831666666
784.2839154	0.0001932590618320338	13.07139859
785.8025172	0.00026218245587678724	13.09670862
789.8511504	0.0002027707392606395	13.16418584
792.8884941	0.0003151452549297468	13.214808235
803.0099118	0.00016775117674769534	13.38349853
803.5153031	0.00036263235473862546	13.391921718333332
811.6138614	0.00013984501712020184	13.52689769
813.130895399999	0.0003718672563062772	13.552181589999982
814.1435051	0.00030871972509741863	13.569058418333332
825.7844812	0.0001551430285106863	13.763074686666666
827.301460799999	0.0005363645273116666	13.788357679999983
830.3385921	0.00013253104035426124	13.838976535
835.3990599	0.00031077096914257336	13.923317665
836.41215	0.00032980234205896836	13.9402025
839.4481008	0.00034228102800439465	13.99080168
846.5339715	0.00023929276024569365	14.108899525
848.0523142	0.00032911027635027727	14.134205236666666
850.5819121	0.00027738713714004566	14.176365201666666
857.6676988	0.00031906732773192913	14.294461646666667
862.7288248	0.00023272717107194275	14.378813746666667
879.4297464	0.00014440758059974863	14.65716244
880.9477888	0.00020443153856369685	14.682463146666667
889.5514249	0.000282193086647652	14.825857081666667
896.1313845	0.00026621138075960964	14.935523074999999
905.2409344	0.00027550132893340763	15.087348906666668
913.8446049	0.0003511666741356929	15.230743415000001
918.9046535	0.0003770133512351495	15.315077558333334
919.9175659	0.0002692624598918451	15.331959431666666
928.0150908	0.0003482714544051553	15.46691818
931.5581974	0.000280422401482581	15.525969956666668
956.3554188	0.00021927074510252558	15.939256980000001
963.4410476	0.0001773043457015912	16.057350793333335
966.4772256	0.0003860071597060208	16.10795376
986.2152563	0.0002888264791471636	16.436920938333333
988.2395133	0.00015205383469837946	16.470658555
994.3135646	0.0002675703268991888	16.571892743333333
995.3245948	0.00022480856471911458	16.588743246666667
996.3366972	0.00026162667481265925	16.60561162
1001.3982491	0.00027458135930044647	16.689970818333332
1004.9412894	0.00035238520236694675	16.74902149
1006.964671	0.00020440927212394663	16.782744516666664
1018.6056821	0.00017461839537634367	16.97676136833333
1020.6305657	0.00023745838877762694	17.010509428333332
1021.1353993	0.00023571269735379142	17.018923321666666
1027.2094341	0.00023041112676277603	17.120157235
1090.976526	0.00012409894537292803	18.182942099999998
1109.702477	0.00016598265140232603	18.495041283333332
1110.71452	0.00023257354508326566	18.511908666666667
1115.2694693	0.0001896602319081686	18.587824488333336
1122.3551502	4.657202713286301e-05	18.70591917
1124.3793804	0.0003020823199922175	18.73965634
1125.8968597	0.0001843705316312203	18.764947661666667
1132.9822419	0.000178941758755253	18.883037365
1134.5006349	0.0003747318061368673	18.908343915
1152.7203616	9.611205230790859e-05	19.212006026666664
1158.2867737	0.00021592006551044164	19.304779561666667
1163.8542453	0.00026847372686278505	19.397570755
1169.4210121	0.0003697111833072945	19.49035020166667
1183.5920362	0.0002325127720057502	19.726533936666666
1189.1593238	8.069659786247127e-05	19.819322063333335
1194.7255111	0.0001649631282195724	19.912091851666666
1209.9084812	7.908543933002145e-05	20.165141353333336
1214.4632441	0.00024005899828354212	20.241054068333334
1217.4999442	0.00016156825068468152	20.29166573666667
1236.7320314	0.00030903274212861463	20.612200523333335
1246.3487556	0.0004789602531315187	20.77247926
1249.3847072	0.00030408411801445	20.823078453333334
1255.4575461	0.00019716213723756766	20.924292434999998
1257.9886569	0.000239668023716714	20.966477615
1261.5311255	0.00027539005153438833	21.02551875833333
1262.0367629	0.0002652071875592642	21.033946048333334
1274.6896162	0.0002511705366040105	21.244826936666666
1277.7268994	0.00025145404416961395	21.295448323333336
1282.2809207	0.0002599652103214289	21.371348678333334
1301.5125399	0.00031305459879425875	21.691875665
1313.6587617	0.00031861646637014495	21.894312695
1314.670818	0.0003300835728916769	21.9111803
1318.2134	0.00028459183658104315	21.970223333333333
1320.7440686	0.0004100311458758887	22.01240114333333
1332.8909335	8.501833967041462e-05	22.21484889166667
1334.4091036	0.00025576916050297786	22.240151726666667
1334.9149707	0.00018818088036910659	22.248582844999998
1339.4701328	0.0002962174653839342	22.324502213333336
1349.085438	0.00021438549739740616	22.484757300000002
1351.1092705	0.0003442600023667875	22.51848784166667
1360.2195073	0.00039201642342489716	22.670325121666668
1364.2677495	0.0002094400836706548	22.737795825
1364.7748547	0.0004835261472972568	22.746247578333335
1375.9082001	0.00026416925316348456	22.931803334999998
1382.487112	0.0003420131796957929	23.041451866666666
1382.9937158	0.00034911903392497075	23.049895263333333
1390.0790934	0.0003359590721462628	23.16798489
1392.1035461	0.00020813123358445914	23.201725768333333
1393.6216703	0.00025421297650731254	23.227027838333335
1410.8289646	0.0003787921859365051	23.513816076666668
1417.4080304	0.00028527164116849647	23.62346717333333
1424.4931619	0.0003043023289318426	23.741552698333333
1425.5051535	0.0002670370354244945	23.758419225
1430.5671854	0.00029952161512251355	23.842786423333333
1438.1584743	9.966004026563119e-05	23.969307905
1443.7251247	0.00010729660093009591	24.062085411666665
1481.1757084	0.00011314121403282199	24.686261806666668
1532.7975137	0.00034442749763158575	25.546625228333333
1554.0528928	0.0003413554588291018	25.900881546666668
1560.1255642	0.00019468452258045486	26.00209273666667
1593.0225397	0.0002477596095087093	26.550375661666667
1595.0468281	0.00030571734805016654	26.584113801666668
1595.5522434	0.0005103926630513251	26.59253739
1598.0829843	0.0003223801699081762	26.634716405
1599.0951145	0.00035188359719746205	26.651585241666666
1604.1570899	0.00028731407103784146	26.735951498333336
1639.0764836	0.00021025010719741128	27.317941393333335
1652.2350634	0.0003400292747551674	27.537251056666666
1653.7531526	0.00024813804697737757	27.562552543333332
1656.7896054	0.00015228035913046346	27.61316009
1657.2967628	0.0003248337693543625	27.62161271333333
1661.8516181	0.00027265761255353257	27.69752696833333
1685.1312383	0.00014317929627375881	28.085520638333332
1702.8452527	0.0007147957669650278	28.380754211666666
1703.8580094	0.0002823144568783846	28.397633489999997
1714.9921378	0.0002837680131826599	28.583202296666666
1718.0285364	0.00024291833796458132	28.633808939999998
1727.6445721	0.0008477747097910876	28.794076201666666
1731.1871211	0.00022817588067982857	28.853118685000002
1741.8155904	0.00020464522659507752	29.03025984
1756.4912979	0.0002448172267731522	29.274854965
1764.0827005	0.0001045750817870789	29.401378341666668
1769.1432938	0.0002832262618179529	29.485721563333335
1779.7717196	0.00026486905864185953	29.662861993333333
1781.2905697	0.00015974068033482815	29.688176161666668
1794.4479685	0.00017311427164875114	29.907466141666664
1804.0644961	0.0002681075231937161	30.06774160166667
1831.3930638	0.00042069118424568365	30.52321773
1837.9734104	0.00017510992162110496	30.632890173333333
1842.0227713	0.00040444971431421984	30.700379521666665
1851.132086	0.0003789705261888976	30.852201433333335
1863.7844558	0.0006290147612583704	31.06307426333333
1868.8451401	0.0005266575338475208	31.147419001666666
1869.3517044	0.00044867865283279037	31.15586174
1878.4613331	0.0002782897853486447	31.307688885
1886.0532279	0.00035352026682289485	31.434220465
1887.0649208	0.00029189981815327254	31.451082013333334
1888.5822481	0.00023374169675562044	31.47637080166667
1889.0886581	0.00022651772558021492	31.48481096833333
1892.124987	0.00016605972097310997	31.53541645
1895.667934	0.0002288965425904505	31.594465566666667
1912.368712	0.00011932767379223348	31.872811866666666
1917.4306362	0.0001933950268544984	31.95717727
1918.9485122	0.00011807296017822334	31.982475203333333
1922.4907344	0.00025033513801761233	32.04151224
1929.0707406	0.0003922104129209434	32.15117901
1930.0819541	0.00020454545454545454	32.16803256833334
1949.8206081	0.0005261940962563848	32.497010135000004
1950.3267446	0.0003751188706857771	32.50544574333333
1952.8561891	0.0003348506252289018	32.547603151666664
1960.4482994	0.00012674339794412935	32.67413832333333
1969.0510698	0.00020853267472945722	32.81751783
1971.0761093	0.00015322303606898254	32.85126848833333
1972.5949196	0.0005458441379831273	32.87658199333333
1977.6557105	0.00027067957964519807	32.96092850833333
1987.7769958	0.0004349798067203606	33.129616596666665
1993.8500602	0.00020140187685585467	33.23083433666667
1995.369254	0.00036843331748903787	33.25615423333333
2009.5389395	0.0002720750702802163	33.49231565833333
2020.672943	0.00022548169375212097	33.67788238333333
2035.8555457	0.00021346878992801273	33.930925761666664
2043.4473537	0.0002539850095454126	34.057455895
2056.6059427	0.00017122058594824802	34.27676571166667
2057.1128673	0.00010958342643180709	34.285214454999995
2063.1849421	0.00013889399228366709	34.38641570166667
2063.6907171	0.00017694558560649187	34.394845284999995
2064.7037695	0.00027868738242876054	34.41172949166666
2071.7891049	0.00018791476986986902	34.529818415
2077.3561165	0.0002187486017489945	34.622601941666666
2078.8735043	0.00023453747853064663	34.647891738333335
2082.9221545	0.00028478331381778533	34.715369241666664
2086.9711927	0.00023813666537891008	34.78285321166666
2102.1550403	0.0003073758718558608	35.035917338333334
2109.7455933	0.0002544410829260725	35.162426555
2111.7706	0.0005094159049291265	35.196176666666666
2117.843106	0.0002870122103836971	35.2973851
2121.385735	0.00048355561518476434	35.356428916666665
2125.4352585	8.392930502118111e-05	35.423920975
2127.9656188	0.00017002536443961312	35.466093646666664
2128.4710542	0.00011702612332198156	35.474517569999996
2130.4970135	0.00041894504072867856	35.50828355833333
2146.6910067	0.0002382868106702977	35.778183444999996
2162.8872054	0.00028140338178307705	36.04812009
2169.4662834	0.00014723941280315002	36.15777139
2172.5025458	0.0002208239169288489	36.208375763333336
2174.0212421	0.00026170872403838495	36.233687368333335
2175.0324621	0.0001711837723636236	36.250541035
2177.0575117	0.00032906761651093323	36.28429186166667
2181.6118588	8.993953742065012e-05	36.36019764666666
2187.1788543	0.0002535982486194422	36.452980905
2191.2282192	0.0003387840420002468	36.520470319999994
2191.733321	0.00023404340556348587	36.528888683333335
2192.2393414	0.0003053466719800438	36.537322356666664
2194.263768	0.0004106212015662159	36.5710628
2197.8063934	0.0001681150327111326	36.63010655666667
2203.3737786	0.00016691575992066265	36.72289631
2214.5080385	0.00020457989977708577	36.908467308333336
2215.5206044	7.54474979723485e-05	36.92534340666667
2224.629716	0.00025092272057504944	37.07716193333333
2232.7275749	0.00041689463642970533	37.212126248333334
2246.3915608	6.687546673502826e-05	37.43985934666667
2257.5259395	0.00018180571823690178	37.625432325
2261.5744448	0.00027126132030282627	37.69290741333334
2262.0811361	0.0001478484164656447	37.70135226833334
2266.1292489	0.00028166146587954534	37.768820815000005
2278.2758592	0.00032098964478611685	37.97126432
2288.3979488	0.000437811353907778	38.13996581333333
2306.6171045	0.0002741934982740568	38.443618408333336
2323.3179366	0.0002791264549377683	38.72196561
2327.3669686	0.0005723843722186417	38.78944947666666
2330.9097099	0.000312109163539975	38.848495165
2339.5125992	0.0005149262496490023	38.99187665333333
2348.1170417	0.0002755605501974337	39.13528402833333
2362.2875614	0.00021766298070943324	39.37145935666667
2373.927117	0.0002912957582964629	39.56545195
2378.4818339	0.00029286641367271926	39.64136389833333
2385.5681753	0.0003016813047792231	39.75946958833333
2388.6045837	0.0004381633027420051	39.810076395
2408.848158	0.000392480633973499	40.1474693
2410.8726871	0.00029433748601335227	40.18121145166666
2415.4266408	0.00020577567460956024	40.25711068
2424.0308055	0.00016785980129252047	40.400513425
2452.879199	0.00015957787922489893	40.881319983333334
2456.4218512	0.0001731614277485754	40.94036418666667
2461.4819792	0.00031757703129265514	41.02469965333333
2464.0130613	0.00023554588476922965	41.066884355
2476.1595247	0.00020835811740532942	41.269325411666664
2477.1714399	0.0002735753362666281	41.28619066500001
2477.677368	0.00015978287040077047	41.2946228
2483.75032259999	0.00025427146840311673	41.39583870999983
2496.90953069999	0.00017643311302570979	41.61515884499983
2529.80505699999	0.0003176533171213618	42.1634176166665
2550.55544499999	0.00031849429431815004	42.5092574166665
2559.15821849999	0.00042904359212255844	42.65263697499984
2568.77464569999	0.00022799504663604365	42.812910761666494
2575.8601149	0.00030549655855824045	42.931001915
2584.9706494	0.0004117073703059779	43.08284415666667
2591.5493447	0.00027779440819014547	43.19248907833333
2593.0676888	0.00010571379245568577	43.21779481333333
2599.64657	0.00027989085820166217	43.32744283333333
2660.88395699999	0.0001959584722336874	44.348065949999835
2664.93243669999	9.70613122219761e-05	44.4155406116665
2676.06729889999	0.0002876589553462962	44.60112164833317
2677.07905829999	0.00035186623551528815	44.61798430499983
2683.65787739999	0.0002683890196197696	44.727631289999835
2685.17693319999	0.00046441807726325387	44.752948886666495
2686.69480979999	0.00023436539188910108	44.77824682999983
2690.23735979999	0.0003953400278628091	44.837289329999834
2695.80432429999	0.00028878818452168813	44.9300720716665
2708.45622819999	0.00036787919547942734	45.1409371366665
2713.51720559999	0.00016579648185786802	45.22528675999983
2721.61492969999	0.0001871795724211497	45.36024882833317
2732.24333499999	0.0003267217053840492	45.5373889166665
2737.81008109999	0.00016285614113440325	45.630168018333165
2741.85884969999	0.0002671740703401966	45.697647494999835
2749.45070249999	0.00028517648180082617	45.82417837499983
2751.98129569999	0.0005046525298174933	45.866354928333166
2759.57173159999	0.00046310508582455596	45.99286219333317
2763.11489779999	0.00041967886794771114	46.05191496333317
2769.18875449999	0.00022153801637572848	46.153145908333165
2769.69400839999	0.00016346391716465998	46.1615668066665
2775.76733059999	0.0002860619710123869	46.26278884333317
2778.80344299999	0.0005361854532365969	46.3133907166665
2783.35903799999	0.00012433747987792854	46.38931729999983
2790.44342969999	0.00018740982313480186	46.50739049499983
2791.45572779999	0.00016420746440216753	46.52426212999983
2797.02332929999	0.00035702841156011174	46.61705548833317
2801.57789309999	0.0002946235007802207	46.69296488499983
2815.24260009999	0.0004509223246423251	46.9207100016665
2816.7613501	9.32321415278363e-05	46.94602250166667
2824.85829919999	0.0002571581763187188	47.08097165333317
2825.36449109999	0.0002643599140065602	47.08940818499983
2826.88222009999	0.00020429321496371364	47.11470366833316
2830.42519839999	0.0003070204842848175	47.173753306666505
2833.96828069999	0.0003891086566361521	47.23280467833317
2852.6930357	0.0003392545895096048	47.544883928333334
2853.7057276	0.00012217700628741672	47.561762126666665
2858.2604897	0.0003725683867033139	47.63767482833334
2859.7787446	0.00027388071815385805	47.66297907666667
2889.13275039999	0.0002870887529563306	48.1522125066665
2897.73645219999	0.00041261500606099005	48.295607536666495
2912.4133775	0.00022714686070123807	48.54022295833333
2919.4987465	0.00017042634121437327	48.658312441666666
2923.0415367	0.0002866493428671848	48.717358945
2954.4191793	0.00021033985715180137	49.240319655
2955.4311882	0.00031004213720378025	49.25718647
2956.4442244	9.815634547810564e-05	49.27407040666667
2974.663212	0.0002213731302366225	49.5777202
2985.2915058	0.0003022618637781533	49.75485843
2989.8458952	0.00029461936254594176	49.83076492
2991.3637482	0.00021927380568143495	49.85606247
2991.8703806	0.00030713088204649365	49.86450634333333
2998.9555952	0.0002101247578756091	49.982593253333334
3002.4980591	0.00023512673180603623	50.04163431833333
3003.5102009	0.0003240600884299563	50.05850334833334
3006.0406312	0.00048487408519059193	50.100677186666665
3007.5590628	4.691575806481881e-05	50.12598438
3012.6203308	0.0003492491144040313	50.210338846666666
3014.1386735	0.0001998883566703547	50.235644558333334
3024.2600534	0.0002824953366427031	50.40433422333333
3030.8396564	0.0003862770447382937	50.51399427333333
3044.5031683	0.00039356935022923437	50.74171947166667
3045.0097256	0.00019373237626488555	50.75016209333333
3054.6263255	0.00031946541277121516	50.910438758333335
3065.2541641	0.000310936011838816	51.08756940166666
3066.7714285	0.0002587242825924886	51.11285714166667
3083.9790047	0.00035938877396139956	51.39965007833334
3094.6070762	0.00030650396970879895	51.57678460333333
3130.0349947	0.00020318892613646651	52.167249911666666
3135.6014263	0.00014274288205636638	52.26002377166667
3136.6131374	0.00020159981672743935	52.276885623333335
3151.291264	0.00024802042279410414	52.521521066666665
3159.8941686	0.00028648864959254945	52.664902809999994
3166.4726592	0.00019223650378255694	52.774544320000004
3167.9911998	0.00021664676567114023	52.79985333
3175.0770717	0.00030979592285129427	52.917951195
3176.0884884	0.0003016846861785316	52.93480814
3190.7657223	0.0003413101930204539	53.179428705
3192.2840822	0.00024317189842165595	53.20473470333333
3196.3322917	0.00027370879947399656	53.272204861666665
3196.8393123	0.00024898631966226885	53.280655205
3202.9115845	0.0002692379270052505	53.381859741666666
3203.9238771	0.0002640328433897799	53.398731285000004
3208.9844597	0.00042661185168353676	53.48307432833334
3222.1439477	0.0003252059701129635	53.70239912833333
3228.7222483	0.00016345560859733674	53.81203747166667
3231.2534007	0.0001553365554438015	53.854223345
3241.3758059	0.0002442188485686497	54.02293009833333
3266.6801436	0.0003522176733286324	54.44466906
3268.703447	0.00019620694699177478	54.47839078333333
3278.8258816	0.00036023278490997284	54.64709802666666
3280.3437543	0.0002863641346048449	54.672395905
3284.3934267	0.0005142765451626786	54.739890445
3287.9361287	0.00035687114490488625	54.798935478333334
3304.6369258	0.0002742812889069353	55.077282096666664
3313.7467462	0.00030268251462476893	55.22911243666667
3320.3251706	0.00012202699461538353	55.33875284333333
3332.9776408	0.00020264839080911607	55.54962734666666
3334.4961275	0.0003574536408997284	55.574935458333336
3337.533243	0.00033425394593055043	55.62555405
3338.5452442	0.00022910712343038206	55.642420736666665
3343.10026459999	0.00026994536856337064	55.71833774333317
3348.16110089999	0.000340354336062784	55.80268501499983
3351.70273269999	0.00025135717779482006	55.8617122116665
3366.37977969999	0.00029704722418849225	56.1063296616665
3366.8861731	0.0005230735022081605	56.11476955166667
3367.3916558	0.00028887160722869957	56.12319426333333
3377.0074572	0.00015616778842329643	56.28345762
3399.7826039	0.00024857480208659977	56.663043398333336
3442.29387	0.00038809482644793294	57.3715645
3444.8250079	0.0002464632877484034	57.41375013166667
3447.86107959999	0.00020433341640828295	57.464351326666495
3449.37926689999	0.0001937052155923172	57.48965444833316
3465.57474319999	0.00021870250169329862	57.75957905333316
3466.08120519999	0.00024348427437364032	57.7680200866665
3467.09251079999	0.00040241037527125365	57.78487517999984
3469.62382359999	0.0003587367467722882	57.8270637266665
3474.68398039999	0.00016503862935418322	57.91139967333317
3477.72025939999	0.000340243064051922	57.96200432333317
3481.76897809999	0.0005846529313337165	58.02948296833316
3488.34799799999	0.000217307840508542	58.139133299999834
3501.50646179999	0.00025831334903612827	58.35844102999984
3506.56809199999	0.00035078034249962623	58.44280153333317
3513.65320339999	8.58207509038863e-05	58.56088672333317
3517.19571719999	0.0003400850361099024	58.61992861999984
3522.76264759999	0.0002937825739838711	58.712710793333166
3523.26920019999	0.0002645921023819372	58.7211533366665
3524.28180999999	0.00022030667573436172	58.7380301666665
3532.88516589999	0.0002602604785739471	58.8814194316665
3540.47657129999	0.00032888241068676044	59.00794285499983
3544.52532229999	0.00014679759930599407	59.075422038333166
3558.69595229999	0.00033960391154043754	59.31159920499984
3562.74426829999	0.00030557517411418774	59.37907113833317
3578.93915299999	0.0003778592542021788	59.64898588333316
3583.49378699999	0.0002981929360091278	59.72489644999983
3596.14660789999	0.00029958530007434916	59.93577679833317
3628.03037729999	0.0002594655147679122	60.46717295499983
3637.64628189999	0.00018753586905929297	60.6274380316665
3641.69450819999	0.0001792583406554978	60.69490846999984
3661.93841439999	0.0002835600546746357	61.0323069066665
3673.57882359999	0.00028922745617378795	61.2263137266665
3674.59151719999	9.760120450478737e-05	61.24319195333317
3686.23041559999	0.00021454454131238115	61.43717359333316
3694.32901229999	0.00025018332398740457	61.572150204999836
3715.07815859999	0.0002699464792063127	61.91796930999983
3725.70677509999	0.0004264257169282366	62.095112918333164
3731.77966009999	0.0002418263841083753	62.19632766833317
3737.85272269999	0.00015984723171711608	62.29754537833317
3745.44375519999	0.00015525737632048525	62.4240625866665
3745.94971809999	0.00030609230971678596	62.4324953016665
3753.03569859999	0.00030137843227641886	62.5505949766665
3754.55302369999	0.00021829212471504946	62.57588372833316
3759.61421089999	0.000346393326103122	62.66023684833317
3762.65101949999	0.00031454837687893046	62.71085032499983
3781.37582659999	0.00027490161864528753	63.022930443333166
3784.91949919999	0.00022739826366791147	63.08199165333316
3789.98006439999	0.0002391446205219623	63.1663344066665
3817.30896429999	0.00021653162732657258	63.621816071666494
3819.33350719999	0.00026306787764812715	63.655558453333164
3821.35810129999	0.0002890550210272628	63.68930168833317
3826.92442409999	0.00014808420707976456	63.782073734999834
3838.56495309999	0.00016061515604766255	63.9760825516665
3839.07150889999	0.00034788779121203183	63.98452514833317
3851.72382629999	0.0003002416298667157	64.19539710499983
3884.11348219999	0.0003161486890677643	64.73522470333316
3887.65645699999	0.0002464700383471852	64.79427428333317
3890.18605719999	0.00017545832864694635	64.8364342866665
3911.94928239999	0.000263143169544354	65.1991547066665
3912.45578219999	0.0002742072433350364	65.20759636999983
3918.02240009999	0.00035888463781490524	65.30037333499983
3953.95513529999	0.0002803998293863472	65.89925225499984
3959.52268549999	0.0002454175207827399	65.99204475833317
3979.25977949999	0.00015640922664175046	66.32099632499984
3994.44228499999	0.00043226250122801844	66.57403808333316
3999.50411739999	0.00030187392270184074	66.6584019566665
4005.07010429999	0.0002053447909568712	66.75116840499983
4033.91771439999	0.00026383962138640623	67.2319619066665
4039.48532859999	0.0002491039882056887	67.32475547666651
4052.64360969999	0.00023259355080248269	67.54406016166651
4058.71601509999	0.0004207673224694283	67.64526691833316
4077.9483636	0.00024675651493121577	67.96580606
4083.5155784	0.00015063287961331653	68.05859297333333
4104.2644063	0.0005568232204121376	68.40440677166666
4105.2774295	0.00031314024705536076	68.42129049166667
4118.4361013	0.0002681056948418067	68.64060168833333
4133.11220369999	8.474395220156242e-05	68.88520339499982
4135.13703719999	0.0002545443008035812	68.91895061999983
4135.64296139999	0.00020625355155988017	68.92738268999983
4138.67905399999	0.000278282297209742	68.97798423333317
4158.41737289999	0.0004986719657468102	69.30695621499984
4172.08107349999	0.0002972955812763542	69.53468455833317
4172.58811559999	0.00029973248175693657	69.54313525999983
4173.09405429999	0.0003126378258272341	69.5515675716665
4174.10553519999	7.589916795537129e-05	69.5684255866665
4179.16735379999	0.0002453345891456364	69.65278922999984
4193.84366629999	0.0003591055417197249	69.89739443833317
4203.45866899999	0.00021603891961517898	70.05764448333316
4204.97701239999	0.00021615369322802768	70.0829502066665
4211.05101859999	0.0001721784954704354	70.18418364333317
4212.56937119999	0.00015676505642468297	70.20948951999983
4221.67795779999	0.00020108992232995194	70.36129929666649
4243.44004799999	0.00041497643956229006	70.72400079999984
4262.67284259999	0.00047416829293640806	71.0445473766665
4264.69702879999	0.0002870518691187724	71.07828381333317
4285.9518963	0.00017275613989054922	71.432531605
4297.0870688	0.0003793444653413986	71.61811781333334
4318.34262789999	0.0002580035930472052	71.97237713166649
4332.00678109999	0.00023517669800443967	72.20011301833317
4334.53711599999	0.00015214195739577716	72.24228526666651
4335.04311179999	0.00017404786696358676	72.25071852999983
4348.20192179999	0.0002664567219180657	72.47003202999983
4364.3964109	0.00027674187578350664	72.73994018166667
4373.5068444	0.00017172858835507723	72.89178074
4383.1220859	0.0004905995252172355	73.05203476499999
4389.1950951	9.817701527747367e-05	73.15325158499999
4396.7869114	0.0003512118277563148	73.27978185666666
4399.3178135	0.0005355284543339219	73.32196355833334
4401.8484437	0.00028088775197391484	73.36414072833333
4408.9331638	0.00016869220082180357	73.48221939666668
4421.5853752	0.0003200443468147548	73.69308958666667
4426.6459219	0.0001627719089874621	73.77743203166666
4427.6587914	6.988721674527139e-05	73.79431319
4433.2251045	0.0004282536516466608	73.887085075
4445.3722592	0.0001942051683633516	74.08953765333334
4446.3847991	0.00021399180611305726	74.10641331833334
4451.4445562	0.00032541267725677114	74.19074260333333
4472.19509599999	0.00024340466962496958	74.53658493333317
4477.7617935	0.00020027848943238592	74.62936322499999
4478.26844669999	0.00017032501506721286	74.63780744499984
4483.3287098	0.0002951573388984235	74.72214516333334
4495.98065059999	0.00023480389876244533	74.93301084333318
4499.52378349999	0.00017040189006424291	74.99206305833316
4514.20054429999	0.0003315745247810321	75.23667573833316
4544.06087829999	0.0003067799131612437	75.7343479716665
4546.59088679999	0.00032693917709103573	75.77651477999983
4555.70119359999	0.00031846200586340215	75.9283532266665
4558.73827919999	0.00020942818135176108	75.97897131999983
4566.32938919999	0.00021020044113493938	76.10548981999983
4572.40271219999	0.0004278953355107974	76.20671186999984
4585.05489929999	0.0003309467737121886	76.41758165499984
4593.65875679999	0.0003233209799466588	76.56097927999984
4601.24957829999	0.00025018573239584877	76.6874929716665
4608.33516879999	0.00026430046385469676	76.8055861466665
4610.35895809999	0.00023604209295527624	76.83931596833317
4636.16982489999	0.00021235716452624128	77.2694970816665
4643.25534419999	0.00018783992623013805	77.38758906999983
4647.30449649999	0.0003590706116363642	77.4550749416665
4652.87165029999	0.00024637901856390483	77.54786083833316
4665.01691869999	0.0006220902682174756	77.75028197833316
4673.62176289999	9.559846864592551e-05	77.89369604833317
4683.74281369999	0.0003372500926903003	78.06238022833317
4693.35845679999	0.0002552167952612372	78.22264094666649
4701.45646639999	0.00021144068406745185	78.35760777333317
4709.04785979999	0.0004039350809125536	78.4841309966665
4723.72567079999	0.0004432386550458955	78.72876117999984
4726.25584729999	0.00032857553857303887	78.77093078833316
4751.56040789999	0.0002840767149882586	79.19267346499984
4752.57221149999	0.00018416032679032478	79.20953685833317
4757.12693739999	0.00034884741737398753	79.2854489566665
4762.18859369999	0.00024532663970566786	79.36980989499983
4787.99943969999	0.0003715964877592424	79.7999906616665
4791.03575789999	0.0002491492041840364	79.85059596499984
4818.87107189999	0.0002093197403255954	80.31451786499983
4822.41282209999	0.00027483924114896064	80.37354703499983
4823.93154209999	0.000314136609388065	80.39885903499983
4838.60906879999	0.00014272742790830443	80.64348447999984
4862.90107549999	0.00026826090288955314	81.04835125833317
4883.14462129999	0.00014872216351610504	81.38574368833316
4888.20491389999	0.0002441122367397583	81.47008189833316
4902.88193259999	0.0001679082381478522	81.7146988766665
4903.38869569999	0.00019492033417309765	81.72314492833317
4916.04082979999	0.0002821046753760426	81.93401382999984
4933.24744249999	0.0001647927620664718	82.22079070833317
4934.26019809998	0.00028982044406686665	82.237669968333
4950.96139489998	0.000370640629162468	82.51602324833301
4951.97296169998	0.00014262870586505413	82.53288269499967
4956.52808409998	0.0002511848305482995	82.60880140166634
4962.60076159999	0.00021074393350583665	82.71001269333316
4971.71111699998	0.0001930721023960317	82.86185194999966
4972.21730599998	0.00047234060466732453	82.870288433333
4979.30296429998	0.0002422521771306559	82.988382738333
4986.89332389998	0.0003516193094439782	83.11488873166633
5030.41764869998	0.00020135022225684204	83.84029414499967
5076.97869669999	3.598781884307799e-05	84.6163116116665
5085.58219129999	0.0001580435178692697	84.75970318833316
5098.74058299999	0.00024456830438189704	84.9790097166665
5099.75277859999	0.00019743421981778406	84.99587964333317
5102.78965829999	0.00022451110588663883	85.04649430499984
5106.33183579998	0.00028096502315577275	85.10553059666633
5118.98371119998	0.00011832320392446068	85.31639518666633
5137.71044849999	0.00023490530287640805	85.62850747499984
5141.25190239999	0.000306776960659953	85.6875317066665
5148.84479209999	7.693098624784649e-05	85.81407986833317
5149.35088269999	0.00027414850498469733	85.8225147116665
5164.53315759999	0.0003721446666636163	86.0755526266665
5182.75293879999	0.00021092360570708143	86.37921564666651
5193.38059879999	0.00045070363971033196	86.55634331333317
5223.74631869999	0.0003918702173429712	87.06243864499984
5230.32548819999	0.00020734090858421088	87.17209146999984
5251.58152659999	0.0002608019927401241	87.5263587766665
5258.16122329999	0.00022982341900639676	87.63602038833316
5268.28307829999	0.0004682032494948333	87.8047179716665
5269.80044789999	0.0003378700326607698	87.83000746499984
5282.95909159999	0.00028269434703643274	88.04931819333316
5299.15452809999	0.00036644197240296843	88.31924213499983
5313.32547229999	0.00037344508560330133	88.55542453833317
5329.01358449999	0.0003344205652583764	88.81689307499984
5348.75099429999	0.00019917502987625447	89.14584990499984
5370.51293169999	0.00025220775053818	89.5085488616665
5372.03188189999	0.0004908707291549472	89.53386469833318
5381.64801109999	0.0005606688142353122	89.69413351833317
5400.37294049999	0.0002769701517034397	90.00621567499984
5402.90402499999	0.0003414266429481599	90.0484004166665
5411.00079459999	0.0001763054187904003	90.1833465766665
5503.11019679999	0.00022326528844531196	91.71850327999984
5532.96914489999	0.0002993693450738898	92.21615241499984
5544.61032649999	0.00022795824472151565	92.41017210833317
5547.14043079999	7.818064262924629e-05	92.45234051333317
5549.1645134	0.000523618139005032	92.48607522333333
5560.80457249999	0.0003061681155938453	92.68007620833318
5565.3586927	0.00029028620780653983	92.75597821166666
5602.8109255	0.00014396369372752472	93.38018209166667
5664.04749359999	0.00028483871485048256	94.40079155999983
5723.26051229999	0.0003556305770160214	95.38767520499984
5793.10203009999	0.0004309557779022589	96.5517005016665
5829.53948819999	0.00016873993271034648	97.15899146999983
5831.56506679999	0.000477898409453993	97.19275111333316
5859.39893319998	0.00034104438753604566	97.65664888666633
5863.44877449998	0.00019331583850364407	97.72414624166633
5875.08992109999	0.0003773824107365296	97.91816535166649
5882.68058339999	0.000233349420300945	98.04467638999982
5884.19867489998	0.0003073135818160227	98.06997791499967
5927.21736469998	0.0003200014876582477	98.786956078333
5929.24220899999	0.00018226673804251265	98.82070348333316
5936.83221809998	0.00020622293324001225	98.94720363499967
5938.35087349998	0.0002611051522973828	98.97251455833299
5964.66822509998	0.00045566879993339063	99.41113708499967
5971.24751299998	0.0003679667097418193	99.520791883333
5979.85124749998	0.00042770220255116304	99.66418745833299
5982.88677369998	0.0001214795579090686	99.71477956166633
6001.61291149998	0.00019855818614751777	100.026881858333
6066.89828639998	0.0004884330878080191	101.11497143999966
6069.93516609998	0.00018496631646862892	101.16558610166634
6107.89185459998	0.00037681299447415263	101.79819757666634
6177.22774179998	0.00029864880176547963	102.95379569666633
6186.84363559998	0.00026282270112727447	103.11406059333301
6280.47056499998	0.00021580995392165848	104.67450941666633
6348.79262069998	0.00025623103852410924	105.81321034499966
6385.73715999998	8.034883756864417e-05	106.42895266666633
6425.71898499998	0.00042112890779394326	107.09531641666634
6442.92626359998	9.155271184300778e-05	107.38210439333301
6486.45039789998	0.00030878930838090964	108.10750663166634
6518.84069269999	0.00036723207837781785	108.64734487833316
6525.92574219998	0.0003238589904174489	108.76542903666633
6565.90746319998	8.270456656445231e-05	109.431791053333
6568.94292299998	0.0004192296294154638	109.48238204999966
6578.55991589998	0.00037786035595540777	109.64266526499968
6597.79029069998	0.00022320007607664564	109.96317151166633
6610.94943539998	0.000137141264935881	110.18249058999966
6617.52836469998	0.0004013164468827866	110.29213941166633
6634.23025639998	0.00031702306239311855	110.570504273333
6695.97492489998	0.0002593701683885028	111.59958208166633
6735.45136129998	4.450432298810116e-05	112.257522688333
6768.34702779998	0.0003774067576338017	112.80578379666635
6783.52973839999	9.619837967793714e-05	113.05882897333316
6785.55431819999	0.00038116972178726613	113.09257196999984
6789.60307059999	0.00025327620457920143	113.1600511766665
6801.24274979999	3.543443802162446e-05	113.35404582999983
6816.93174629999	0.00046799050392925477	113.61552910499982
6820.47519289999	0.0003154394862701463	113.67458654833317
6821.48714679999	0.0002986850837604998	113.6914524466665
6857.41940749999	0.0002606835882329204	114.29032345833316
6891.32811549999	0.0003272238944480005	114.85546859166651
6915.61983689999	0.0004297192839707079	115.26033061499984
6933.33327689999	0.0004685360342047406	115.55555461499983
6955.09618979999	0.000471711415159882	115.91826982999983
6982.93078599999	0.0002354782862487314	116.3821797666665
7060.86995079999	0.0002713176148413108	117.6811658466665
7079.08887229999	0.00033225930326049127	117.98481453833317
7091.74107769999	0.0003395370599014855	118.19568462833315
7112.99645649999	3.62783858214394e-05	118.5499409416665
7183.84992769999	0.00038560871625611416	119.73083212833316
7187.39196179999	0.0002715919976676061	119.78986602999983
7218.77064799999	0.00010182672212390834	120.31284413333316
7264.31802179999	0.0005139595547405667	121.07196702999983
7309.36060499999	0.0002679575818092193	121.82267674999983
7311.38478249999	0.0005400325188051509	121.8564130416665
7318.9764349	0.0002249408380509587	121.98294058166667
7329.6054743	0.0003991943688590456	122.16009123833334
7349.34231709999	0.00035189158979100397	122.48903861833317
7359.96965679999	0.0005043180623189352	122.6661609466665
7371.61026229999	0.0002982672217179678	122.86017103833316
7468.27450259999	0.0001910731287489936	124.47124170999983
7484.97544419999	0.0003841494558171761	124.7495907366665
7487.50592479999	0.000379335688375732	124.79176541333317
7521.92031789999	0.0004071917432660553	125.36533863166649
7523.94443789999	0.00038140055444190537	125.39907396499983
7575.56598099999	0.0003916235170741299	126.25943301666649
7583.15745889999	0.0003467367596890554	126.38595764833318
7598.34020889999	0.00038984716013239966	126.6390034816665
7670.20581789998	0.00033832862172941734	127.83676363166633
7712.71661269998	0.0002600262287326374	128.545276878333
7754.72221019998	0.0004356843324164321	129.24537016999966
7766.86979239998	0.00025694776812816263	129.447829873333
7806.85043899998	0.0006420351069031769	130.114173983333
7851.89229929998	0.00035484216046693056	130.86487165499966
7865.55755729998	0.0005389132704661873	131.09262595499965
7884.78828359998	0.0001713453711349349	131.41313805999965
8059.39049489998	0.00032754242045497775	134.32317491499967
8111.01283649998	0.00010120198244470565	135.18354727499965
8118.60427989998	0.00011016601307421813	135.31007133166634
8124.17118399998	0.0004416589745935213	135.40285306666632
8257.27314059997	0.0005480029904768003	137.6212190099995
8269.42042769997	0.000332616720074636	137.8236737949995
8303.83402319997	0.00028431092813761057	138.3972337199995
8312.94334049997	0.00026107908398013225	138.54905567499952
8327.11431619997	0.00041603530589811623	138.78523860333283
8341.28570149997	0.0002932405706292868	139.02142835833283
8344.32201859997	0.00043938623773380085	139.07203364333284
8490.58279499997	0.00029153877465702937	141.5097132499995
8502.72892209997	0.0003438893540323619	141.71214870166617
8531.57614079997	0.00028222240962829303	142.19293567999952
8544.22768869997	0.0005358303983230275	142.40379481166616
8553.33761539997	0.00022205284857796154	142.55562692333285
8560.92929329997	0.00034870270772296286	142.68215488833283
8567.50786439997	0.00018274442066263627	142.79179773999948
8582.69114789996	0.00027846403314401175	143.0448524649993
8583.19785449996	0.00022582371019452406	143.05329757499933
8588.76421469996	0.00041529510357145516	143.14607024499935
8611.53912969997	0.0002571595558153127	143.52565216166616
8627.22771389997	0.0002931063458320357	143.7871285649995
8653.54419179997	0.0002953671091397969	144.22573652999952
8678.84884549997	0.00024008043883217903	144.64748075833282
8682.39175539997	0.0001903740928947551	144.7065292566662
8692.00815899997	0.00026642731529804523	144.8668026499995
8773.99477749997	0.0002910918369651501	146.23324629166615
8780.57397679997	0.00018996281020966648	146.34289961333283
8784.62267829997	0.0003522021479506338	146.41037797166615
8797.27537469997	0.00010484993548599119	146.6212562449995
8812.45844149997	0.0003689920902466334	146.87430735833283
8830.67706339996	0.0002870980839175808	147.17795105666602
8831.68919859996	0.00024890203274902724	147.194819976666
8843.32970559997	0.000500542054314002	147.38882842666618
8848.39053899996	0.00041494042354421726	147.47317564999932
8893.93849239997	0.0003365430121501042	148.23230820666615
8903.04803899997	0.000282924125220922	148.38413398333284
8924.81092939997	0.0002675379996352485	148.74684882333284
8986.04826359997	0.0004039756778781526	149.7674710599995
9020.96901619998	0.00023164393803868684	150.349483603333
9036.15194349998	0.00036306106158092653	150.60253239166633
9054.87759939998	0.0003660649439327243	150.91462665666634
9062.46894599998	0.0002733032885636518	151.04114909999967
9077.65196269998	0.00027688815365802194	151.294199378333
9121.68118549998	0.0003291766061808143	152.028019758333
9126.74293579998	0.0002619895080178091	152.11238226333302
9129.27302199998	0.0003030689090073188	152.1545503666663
9168.74820309998	9.374838099013092e-05	152.81247005166634
9223.40633249998	0.0002644580317810256	153.7234388749997
9246.68716099998	0.00033183485390829947	154.111452683333
9268.44836379998	0.00016412727481188188	154.47413939666635
9282.61900279998	0.0003025321460413909	154.71031671333301
9290.71762719998	0.0002966883693255284	154.84529378666633
9325.13138589998	0.00017086278520711523	155.41885643166634
9367.64242829998	0.00017641401065572845	156.12737380499965
9385.86276519998	0.0002169935543051028	156.43104608666633
9387.88707759998	0.00023393206701050268	156.46478462666633
9394.46572999998	0.00047492408081950066	156.574428833333
9450.64255319998	0.00048489727229438016	157.51070921999965
9466.33089089998	0.000343139533082369	157.7721815149997
9480.50148499998	0.0002247963112353798	158.008358083333
9482.52627199998	0.00037048152081855384	158.04210453333297
9501.75780479997	0.00022238382474206722	158.36263007999952
9564.51407189997	0.0004073162507366358	159.4085678649995
9644.98170219997	0.0002615511684778208	160.74969503666617
9738.60903629998	0.00029663466836546	162.31015060499968
9744.68188069998	0.0002806513820763838	162.411364678333
9745.18813839998	0.00012789894213900121	162.41980230666636
9745.69462459998	0.00026785687185666544	162.428243743333
9755.81615449998	0.0002995325636299734	162.596935908333
9808.45017249997	0.0004759055092226304	163.47416954166616
9821.60871759997	0.0004243473266916064	163.69347862666615
9822.62125039997	0.00019229632548517386	163.71035417333283
9853.99842599997	0.00028267390564534533	164.23330709999948
9920.29650489998	0.00029935897594489814	165.33827508166632
9920.80317179998	0.0002393928747975265	165.34671952999966
9934.46764969998	0.00024212263892357453	165.574460828333
9935.98587599998	0.00037576334706431776	165.59976459999967
9944.08310759998	0.00038270307574070296	165.73471845999967
9967.86882989998	0.00018939365128141158	166.13114716499967
9968.37593399998	0.0003509469156733854	166.13959889999967
10008.8627419	0.0001688307583430533	166.81437903166668
10009.3687835	0.00027541232707588086	166.82281305833334
10065.5457059	0.00034358010469087897	167.75909509833335
10066.5582036	0.0003581392746080853	167.77597006
10075.1629107	0.00029312307075073893	167.919381845
10081.7417126	0.0001772769770632733	168.02902854333334
10084.2714332	0.00020021913748118018	168.07119055333334
10094.9000258	0.0002994328099170827	168.24833376333333
10104.5154524	0.00033010526874550043	168.40859087333334
10119.698369	3.541335650153812e-05	168.66163948333332
10122.2283612	0.0003104032281935732	168.70380601999997
10165.7523198	0.00017170054141834275	169.42920533
10167.7775207	0.00022096469503105642	169.46295867833334
10181.947726	0.00043866142898095093	169.69912876666666
10217.3743929	0.0003203892326677878	170.289573215
10218.8922551	0.00036809183849825176	170.31487091833333
10226.4839572	0.00030948624464642013	170.44139928666667
10235.0873493	0.00026815959037357665	170.584789155
10242.679575	0.0004451405490066771	170.71132625
10261.9111562	0.0002209554468340068	171.03185260333333
10272.5389355	0.0009463056196367284	171.20898225833335
10284.6846787	0.00038913797479062686	171.41141131166665
10288.2272328	0.0003409770378884222	171.47045388
10308.4705935	0.0001893439851038374	171.807843225
10311.5079993	0.0002020125180141916	171.858466655
10312.013728	0.00039058414909698213	171.86689546666668
10313.5324503	0.00037147132987556123	171.892207505
10322.1354197	0.0004374489163272052	172.03559032833334
10327.196977	0.00036467232837708076	172.11994961666667
10367.1783138	0.00029593488806145426	172.78630522999998
10376.7936199	0.0002245646884678916	172.94656033166666
10414.7508579	0.00014722210799029487	173.579180965
10429.427463	0.0004188676244458074	173.82379105
10434.9948756	0.00036790459445498795	173.91658126
10453.2142715	0.00033697602230009787	174.22023785833335
10466.3731956	0.00025830361905831485	174.43955326
10481.5562137	0.00021006100202164549	174.69260356166666
10486.1108012	0.00024931804182676796	174.76851335333333
10503.3176053	0.00023086719178609286	175.05529342166668
10524.5735237	0.0002006566946369938	175.40955872833334
10538.2388843	0.0002732638046729728	175.63731473833334
10569.6157935	0.000430833975941981	176.160263225
10571.1345564	0.0002776014251301565	176.18557594
10606.054986	0.00030666845820061494	176.7675831
10628.8292102	0.0002344806899822693	177.14715350333333
10656.1579039	0.00032214337686608803	177.6026317316667
10657.1700852	0.0002883869122993342	177.61950141999998
10678.9325413	0.00035791829214851164	177.98220902166668
10681.9693959	0.000286721478124257	178.032823265
10710.8160711	0.0001658549154510143	178.513601185
10713.3470345	0.0002488753380967361	178.55578390833335
10716.3837899	0.00017961601390494627	178.6063964983333
10722.4559856	0.00025028767089330307	178.70759976
10758.3892761	0.0001934574812445257	179.306487935
10761.4262594	0.00042965447464345607	179.35710432333332
10768.0045756	0.00042443826809094866	179.46674292666665
10776.6087775	0.00028466623657311357	179.61014629166667
10827.2174848	0.0003843396265731492	180.45362474666666
10847.9679328	0.00037197730328651093	180.79946554666668
10853.0281798	0.00041218535670458197	180.88380299666667
10853.5342839	0.00021429110635089033	180.89223806500002
10856.5706419	0.00040833253580884935	180.94284403166665
10879.3457082	0.0003368062348777715	181.32242847
10918.8210663	0.00026303947908257126	181.980351105
10922.362807	0.00047909271500236165	182.03938011666665
10957.2843733	9.977345556559811e-05	182.6214062216667
11034.2096322	0.0005206815242883944	183.90349387
11036.235039	0.00039938901080714575	183.93725064999998
11066.093794	0.0002738305639991284	184.43489656666668
11103.0386634	0.00025757100819610385	185.05064439
11105.5696272	0.0003830051481340518	185.09282712
11115.1852257	0.00041516789973695224	185.25308709499998
11121.764599	0.00020647550156660408	185.36274331666667
11126.825335	0.00032359495157632687	185.44708891666667
11127.3313498	0.0002851313300366874	185.45552249666667
11130.3677679	0.0004008278452389317	185.506129465
11165.7946666	0.0003419097047552442	186.0965777766667
11170.8558875	0.00031806144666507116	186.18093145833333
11189.0752139	0.0004968854832320867	186.48458689833333
11191.6048313	0.00034584931762212653	186.52674718833333
11193.1235258	0.0006612882965748346	186.55205876333332
11210.3309221	0.0004699967300939241	186.83884870166668
11216.4032536	0.00038053751952001313	186.94005422666666
11236.6468888	0.00032042362706824305	187.27744814666667
11244.2391714	0.0002209476436221286	187.40398619
11259.9270496	0.00028986472979276336	187.66545082666667
11267.012687	0.0002746740697868333	187.78354478333333
11286.2437391	0.00028822768964188137	188.10406231833335
11291.8114893	0.0003584950493737928	188.196858155
11304.9692359	0.00042579630777235815	188.41615393166666
11319.1403016	0.0002948417909395438	188.65233836000002
11342.4206205	0.00033360165430677504	189.04034367499997
11377.3416099	0.0008513860042003643	189.622360165
11389.9932485	0.0002807200990392392	189.83322080833335
11406.1882345	0.0004319395733754543	190.10313724166664
11435.0361885	0.000222186002743113	190.583936475
11498.2973297	0.00020428419652899127	191.63828882833334
11501.3336308	9.460873326061446e-05	191.68889384666667
11505.3827991	0.00041990425864190056	191.756379985
11505.8894132	0.0001394371031405526	191.76482355333334
11533.7236503	3.5590369087945384e-05	192.228727505
11539.2904891	0.0003335193833394123	192.32150815166668
11555.9921972	0.00030704855481464326	192.59986995333333
11573.7055548	0.00032899591676095833	192.89509258
11579.7780311	0.00031648644323533444	192.99630051833336
11586.3571841	0.00015094359965444698	193.10595306833332
11599.0103586	0.00016936247332902931	193.31683931
11604.5773744	0.00043886199708294873	193.40962290666667
11608.6259171	0.00032368872035563407	193.47709861833334
11623.810036	0.00017867014437158502	193.73016726666668
11637.9804852	0.0004657752089732361	193.96634142
11702.7596696	0.00038670041800858995	195.04599449333332
11710.3510139	0.00023067676012865915	195.17251689833336
11712.3753717	0.00023797051207641445	195.206256195
11721.991749	0.00023206544561301588	195.36652915000002
11760.4552419	0.0004359276949322083	196.00758736499998
11760.9606723	0.0002606373529728675	196.01601120499998
11770.0703308	0.00039063756990504215	196.16783884666665
11771.5888292	0.00026607243822130577	196.19314715333334
11828.2709918	0.00031680220009017255	197.13784986333334
11870.2768725	0.00014266599695251923	197.837947875
11876.8560776	0.00042527277851592385	197.94760129333332
11897.1008772	0.00044501616660292737	198.28501462
11905.7035322	0.0003430474044428002	198.42839220333332
11914.8132189	0.00037565236057260154	198.58022031500002
11953.2758545	0.0005818644611082426	199.22126424166666
11967.4472605	0.00039112874654573796	199.45745434166665
11984.1480991	0.00026896818469445067	199.7358016516667
11989.2090537	0.00028879981090872717	199.820150895
11992.7522161	0.00019281698308615266	199.87920360166666
12026.6598806	0.0005978363094160543	200.44433134333335
12071.7016257	0.000252905569960769	201.195027095
12077.2691853	0.00037898238154897203	201.287819755
12125.8546239	0.0004947998439477415	202.09757706500002
12138.0000866	0.0005242025853063737	202.30000144333331
12145.0870561	0.0003298138833561103	202.41811760166667
12191.1415171	0.00015741937753388036	203.18569195166668
12192.1529015	0.000265230342351165	203.20254835833333
12249.3421268	0.00036354917563031434	204.15570211333335
12254.9093916	0.00021238761155555186	204.24848986
12277.6831062	0.00029434987092110223	204.62805177
12379.4073486	0.0005379505335718664	206.32345580999998
12405.2187506	0.0003951584132896127	206.75364584333332
12409.7740489	0.000349571730713829	206.8295674816667
12464.9374286	0.00019653989003845128	207.74895714333334
12475.0591141	0.00029811595928587757	207.9176519016667
12492.2672972	0.00048635836435237633	208.20445495333334
12504.9206812	0.00020531234966668957	208.41534468666666
12517.5721581	0.0005212113215016164	208.626202635
12569.6995885	0.00016136464583787344	209.49499314166667
12666.8700529	0.00024568126840555324	211.11450088166666
12667.3754558	0.00023069136790565195	211.12292426333335
12678.5096636	0.000377615802179335	211.30849439333332
12698.7541732	0.00011588485867102621	211.64590288666668
12743.2896568	0.00020258510645508447	212.38816094666666
12754.9302186	0.0001633612738300461	212.58217031
12760.496926	0.00015677992479174783	212.67494876666666
12807.5639437	0.00014504737965179658	213.4593990616667
12825.784042	0.0002894535530423636	213.76306736666666
12868.2946914	0.00029217967543958734	214.47157819
12886.5137239	0.0003661093073717411	214.77522873166666
12894.1058901	0.00026431566053035664	214.901764835
12919.4109434	0.0003223638952437327	215.32351572333334
12938.1362813	0.0002587143236293159	215.63560468833333
12967.9950162	3.4993883846745455e-05	216.13325027000002
12976.0929804	0.00016350755802226147	216.26821634
12998.8673199	0.0004090065254779245	216.647788665
13015.0617633	0.00022116807812337037	216.917696055
13017.5924603	0.0003112571851045726	216.95987433833335
13024.6785452	0.000284774280586985	217.07797575333333
13072.7565519	0.0002977042585953202	217.879275865
13091.4820333	0.00027391780726621334	218.19136722166667
13118.8109037	0.00041337464968082253	218.64684839499998
13184.6038651	0.0006300305104662933	219.74339775166666
13185.1087957	0.0003783288829428504	219.75181326166665
13188.1453343	0.00017458604013140716	219.80242223833332
13207.3771248	0.00026536566320827084	220.12295207999998
13212.9445918	0.000303892731824347	220.21574319666666
13220.5358381	0.00018338808281773787	220.34226396833336
13236.7309685	0.0002692212945654669	220.61218280833333
13247.3590902	0.0003242534868482636	220.78931817
13265.5775434	0.0001611962769058953	221.09295905666667
13270.6393747	0.00015588703200833997	221.17732291166666
13282.7848645	0.00043838843418225504	221.37974774166665
13297.9676771	3.692402217804468e-05	221.63279461833332
13308.5959395	0.0004549090734821926	221.809932325
13310.6200741	0.00047461227771346915	221.84366790166666
13344.5286789	7.798264886062852e-05	222.408811315
13406.777992	0.00038490589131481596	223.44629986666666
13413.8633858	0.00036482144236057594	223.5643897633333
13461.9421113	0.00041044135903189666	224.36570185500003
13466.4966653	0.0004059792763716664	224.44161108833333
13476.1130659	0.00033014806258531974	224.60188443166666
13484.2102351	0.00023338813127656493	224.73683725166666
13507.4911206	0.00039882746448239	225.12485200999998
13542.4107071	0.000369855969714519	225.70684511833332
13544.4359973	8.972625726761115e-05	225.740599955
13610.7330155	0.00035216052395361434	226.84555025833333
13625.9169513	0.00012555538004803505	227.098615855
13647.6779736	0.0006233531001459629	227.46129956000001
13663.8728698	4.0253759701156085e-05	227.73121449666667
13725.1104949	0.00041831220120557054	228.75184158166667
13754.4646376	0.00030921459492888067	229.24107729333335
13797.9880125	0.0001412414032876653	229.966466875
13828.8601353	0.00018938520221726366	230.481002255
13886.5539826	0.00016795251883496937	231.44256637666666
13919.4501232	0.00029659620545172073	231.99083538666667
13930.5845574	9.919158855329068e-05	232.17640928999998
13948.8042676	0.0003077798668981034	232.48007112666667
13955.88945	0.00025147850676266966	232.5981575
13968.036025	0.0003072204013597912	232.80060041666667
14002.9562341	0.00031558229751942675	233.38260390166667
14019.1509969	0.0002922571997729128	233.652516615
14025.7298277	0.00040333829938501135	233.76216379500002
14032.8160755	0.00016089470072796965	233.88026792500003
14044.9615403	0.00025037388608741814	234.08269233833335
14075.8335192	0.0003887035242452865	234.59722531999998
14127.4543851	0.00026783755806033274	235.457573085
14143.1449267	0.00010935177880116691	235.71908211166667
14180.0899546	0.0004251721067917248	236.33483257666666
14212.479727	0.0002158557771328111	236.87466211666666
14248.9187139	0.00042307617155144074	237.48197856500002
14281.8148033	0.00025909354159213383	238.03024672166666
14288.8991269	0.00038216929629945786	238.14831878166666
14303.5769181	0.0004092400443735374	238.39294863499998
14305.6005304	0.00038731766412094994	238.42667550666664
14311.6741113	0.00031718213243160426	238.527901855
14324.3254586	0.0003680222420429252	238.73875764333334
14328.8817293	0.00022137431356424338	238.8146954883333
14350.6426061	0.0002943653826310026	239.17737676833335
14381.0080687	0.0002900770622714108	239.68346781166667
14442.7514221	0.0004389762935653963	240.71252370166667
14475.1416049	9.777548448163383e-05	241.25236008166667
14502.4716912	0.0003699623941160112	241.70786152
14563.7077972	0.000159977710282663	242.72846328666668
14578.3851242	0.00038186686363216694	242.97308540333333
14597.110312	0.00025928696886308683	243.28517186666667
14605.7142906	0.00027010276147554157	243.42857151
14610.7743516	0.00018259728288864117	243.51290586
14619.378809	0.00017308258465679503	243.65631348333332
14661.891072	0.0004011388111156948	244.3648512
14729.2002518	0.0002680181072358989	245.48667086333336
14738.310298	0.00020310822172092598	245.63850496666666
14747.9259479	0.0002525192484436862	245.79876579833333
14775.2559576	0.00039553755580306883	246.25426596
14802.5847541	0.0003407132937251128	246.70974590166668
14826.8767148	0.0003214622274543421	247.11461191333333
14835.47992	0.0003618598310607061	247.25799866666665
14863.3155319	0.0002389812080392417	247.72192553166667
14868.3762937	0.00018193638164315195	247.80627156166665
14884.0649121	0.0003214972193910706	248.06774853500002
14900.2602884	0.0001682052195846176	248.33767147333336
14910.888933	0.0004058735703828257	248.51481555
14955.9310788	0.00028716860702074365	249.26551798
14973.6435067	0.0003106218516226869	249.56072511166667
14976.1743445	0.0002491765550287897	249.60290574166666
15025.7709457	0.00026898838409345426	250.42951576166666
15048.545124	0.0005437304673864388	250.80908540000001
15051.0766073	0.00020613636178926363	250.85127678833334
15066.2595417	4.266343975922306e-05	251.104325695
15070.814134	0.0005470620597738913	251.18023556666668
15074.3563286	0.00028533214444939815	251.23927214333335
15076.3801537	0.0002391064251312239	251.27300256166666
15080.4292607	0.00021105998934295688	251.34048767833335
15107.7585699	0.0003532225934330033	251.79597616499998
15144.1972342	0.0004267857677183025	252.40328723666667
15146.2215628	7.623755622519772e-05	252.43702604666666
15161.4039343	0.0002723219910180695	252.69006557166668
15187.2153391	0.00015559154010104395	253.12025565166667
15202.9042157	0.00016076835791629853	253.38173692833334
15221.6288674	0.00012324282091190385	253.69381445666667
15236.8127639	0.00013766191617696708	253.94687939833332
15243.8978451	0.00032246784723505826	254.064964085
15254.0192754	0.00011790004449058283	254.23365459
15286.4100817	0.0003852772899873231	254.77350136166666
15310.7034078	0.00018887098935068246	255.17839013
15375.482328	0.00029106226757983185	256.2580388
15398.2570409	0.0003461992220449449	256.6376173483333
15398.7637826	0.00043518348285879744	256.6460630433333
15402.8114281	0.000237694893990187	256.71352380166667
15415.4644315	0.00028619813108305856	256.92440719166666
15424.067943	0.0004205256108018968	257.06779905
15462.0244137	0.0003641912672754875	257.700406895
15473.665071	0.00011382058555948746	257.89441784999997
15476.7011635	0.00017116657871644499	257.9450193916667
15478.7262449	0.0004915778453752644	257.9787707483334
15506.5606668	0.00029835619941560073	258.44267778
15526.804222	0.0002942870129568656	258.7800703666667
15547.5550481	0.0002596526601705149	259.12591746833334
15590.5724638	0.00022553841805303228	259.8428743966667
15606.2616704	0.0003372240323543738	260.1043611733333
15611.322875	0.00030083536087062375	260.1887145833333
15670.5346684	0.0005223946178707781	261.17557780666664
15677.1139425	0.00020715614629932024	261.285232375
15678.6325682	0.00033079960592395614	261.31054280333336
15701.4070483	0.00018836698165354952	261.69011747166667
15764.6687007	0.00043063001462105284	262.744478345
15775.803185	0.000258311554123868	262.93005308333335
15812.7478572	0.00019694433292682004	263.54579762
15844.1248796	0.00024988337423686183	264.0687479933333
15844.6319642	0.00041922685476314945	264.07719940333334
15876.00912	0.00030844947631566874	264.60015200000004
15902.8316323	0.0004238162374058664	265.04719387166665
15903.3384687	0.00020597389159285936	265.055641145
15906.3748389	0.00018287241894675768	265.10624731499996
15925.0994614	0.0004324073653387896	265.41832435666663
15927.6310929	0.0005421838547890197	265.460518215
15949.392871	0.00038890717084991177	265.82321451666667
15966.0942246	0.0003381634904439805	266.10157040999997
15981.2760839	0.0003337775619044232	266.35460139833333
16020.7521796	0.00037195593776933385	267.0125363266667
16039.4766362	0.00021883089593844883	267.3246106033333
16058.7091324	0.0004095004095004095	267.64515220666664
16066.2999513	0.00023994075372945974	267.771665855
16074.3971015	0.0002674855201723832	267.90661835833333
16077.9412022	0.0003649093506511432	267.96568670333335
16080.9766366	0.00027635886817350025	268.0162772766667
16082.4950239	0.0002716673030044935	268.04158373166666
16117.9218676	0.0002470374736187058	268.6320311266667
16164.4822172	0.0001936949130476545	269.40803695333335
16177.1347093	0.0004000980691507843	269.6189118216667
16188.7749218	0.00023974323715285828	269.81291536333333
16190.7987435	0.00022931886341232425	269.846645725
16198.8965096	0.00019861570869696057	269.98160849333334
16200.415155	0.00023837694371687797	270.00691925
16206.4883523	0.00023210119891072745	270.108139205
16209.5250849	0.00021579803065946852	270.158751415
16218.6344798	0.00016994247029489197	270.31057466333334
16227.2382667	0.0003182660454231064	270.45397111166665
16235.8413874	0.00015515523689754854	270.59735645666666
16243.4333624	0.00021741027735005703	270.7238893733333
16264.1830977	0.00038862469227791046	271.06971829500003
16271.2684914	0.0002921822295214085	271.18780819
16302.1399909	0.00025992035976781506	271.70233318166663
16311.2491166	0.00033489415681513387	271.8541519433333
16331.9987647	0.00023746819196960407	272.1999794116667
16384.6325749	0.00022825720436801288	273.07720958166664
16393.236667	0.00027933307223349034	273.2206111166667
16396.7789107	0.0003454621552852388	273.27964851166666
16402.3465041	0.00024858390540472946	273.37244173500005
16417.0225106	0.00019758669593085838	273.6170418433333
16423.602273	0.00023676463689247513	273.72670455
16468.6441467	0.00010514920601763967	274.477402445
16473.1994441	0.0005094436018316714	274.5533240683333
16503.0585741	0.00017438445570525378	275.050976235
16520.2655299	0.0003410702830657475	275.3377588316667
16524.8201149	0.00012328036654389693	275.4136685816667
16529.3758174	0.00025756322169862223	275.4895969566667
16536.9663525	0.0004843221451397292	275.616105875
16557.2110881	0.00029421135463630525	275.953518135
16561.2599715	0.00015760408025706352	276.020999525
16580.9973618	0.0002493823347745522	276.34995603
16630.5937643	0.0002936581964209295	277.1765627383333
16721.691348	0.00024610998399486047	278.6948558
16751.5510759	9.6779130518286e-05	279.19251793166666
16756.6113334	0.00037353170250981516	279.27685555666665
16764.2034759	0.0003409236420758498	279.40339126500004
16773.8187947	0.00022878555600523088	279.56364657833336
16820.3797195	0.0005442910481926485	280.3396619916667
16829.4890416	0.00018719834002435833	280.4914840266667
16891.7383455	0.00010631557377400567	281.528972425
16975.2436627	0.00014849244809835385	282.92072771166664
16997.0053697999	0.00030460474699665766	283.2834228299983
17015.2249887999	0.0003616255184210321	283.58708314666495
17022.3107592999	0.0004123342710179744	283.705179321665
17026.8652668999	0.00031093476453451037	283.78108778166495
17032.9379267999	0.00014211347451998084	283.88229877999834
17073.4255821999	0.000314826025520033	284.557093036665
17113.9131497999	0.0002853825949187939	285.23188582999836
17115.9373283999	0.0002579143872555684	285.26562213999836
17119.9860972999	0.00022054021282556292	285.33310162166504
17120.9986998999	0.0002116528953205745	285.349978331665
17122.0116048999	0.00021593661278884588	285.36686008166504
17129.0965758999	0.0003660433503533629	285.484942931665
17134.1565017999	0.00023059271103621502	285.5692750299983
17139.2174721999	0.0002501416618595225	285.653624536665
17168.5708685999	3.637821704699419e-05	286.1428478099984
17220.1934029999	0.0002724165966648787	287.00322338333166
17225.2547005999	0.0002371503169328357	287.0875783433317
17229.8089944999	0.0003188732470407213	287.163483241665
17286.4917879999	0.00023606485063298118	288.108196466665
17286.9973508999	0.0006083661968679897	288.1166225149983
17297.6250303999	0.00044448202142693223	288.293750506665
17309.2654771999	0.0003305616786664296	288.48775795333165
17312.8078740999	0.00025487263581585695	288.546797901665
17333.0514731999	0.0002961433873881027	288.88419121999834
17377.5887921999	0.000183975174272374	289.6264798699983
17378.0937852999	0.000206006068128534	289.634896421665
17379.6118390999	0.00043777540969442124	289.66019731833165
17384.6729868999	0.0002496188994475416	289.744549781665
17424.1491389999	0.00032478783778310173	290.4024856499983
17438.3191962999	0.0001910023789189735	290.638653271665
17449.4538363999	0.00023497437106163312	290.824230606665
17456.5385056999	0.0004767405472857855	290.94230842833167
17457.0448632999	0.0004171893480520411	290.950747721665
17470.7096890999	0.0004283641064416205	291.1784948183316
17496.0137210999	0.00028006622833344393	291.6002286849983
17518.2823918999	0.00021333173084145846	291.97137319833166
17519.8005056999	0.0004068998590382631	291.9966750949983
17522.8361470999	0.00023781790658394824	292.04726911833166
17544.5992700999	0.000337614147111896	292.40998783499833
17558.2627545999	0.0003567626477653056	292.63771257666497
17564.3368699999	0.0003516896484350642	292.7389478333317
17587.6166023999	0.0002045543755286625	293.12694337333164
17644.8049215999	0.0002033636647023023	294.080082026665
17661.0004695999	0.0002630262177997156	294.35000782666503
17735.9017131999	0.0004164787021408526	295.598361886665
17747.0362064999	0.000297517816235621	295.7839367749983
17801.6944278999	0.0003083480782609508	296.694907131665
17824.9739020999	0.0001985640593961107	297.08289836833166
17826.9992044999	0.0003070051398333329	297.1166534083317
17839.1454283999	0.0002989451506825914	297.3190904733317
17850.2785925999	0.0004006652868738568	297.50464320999833
17913.0345115999	0.00017538046419758767	298.55057519333167
17945.4243747999	0.0002119672451507568	299.090406246665
17983.3813677999	0.00046188171531513837	299.72302279666496
18004.1319514999	0.00032196675693234674	300.06886585833166
18028.9302821999	0.0002599774399742171	300.48217136999835
18041.0757921	0.00027422973359527	300.684596535
18089.155077	0.0002129458149694455	301.48591795
18121.5455330999	0.0002751947310202114	302.0257588849983
18126.6055780999	0.0004343576073327822	302.1100929683317
18140.2711222999	0.0004369643557678923	302.3378520383316
18143.3066358999	0.00033272810780390693	302.388443931665
18180.7585152999	0.0002699928596929668	303.012641921665
18213.654556	8.903690189070642e-05	303.56090926666667
18223.2694637	0.00021575612264975868	303.7211577283333
18236.4277298	3.53409895005847e-05	303.94046216333334
18240.9827165	0.0002726568039514956	304.0163786083333
18271.8555368	0.0003564346572779599	304.53092561333335
18289.0623233	0.0003763747323699014	304.81770538833337
18305.2572227	0.00037963733986573906	305.0876203783333
18305.7633846	0.0002904555453516434	305.09605640999996
18319.4278894	0.00019860313335203698	305.32379815666667
18353.8416061	0.0001464072101244892	305.89736010166666
18354.8547627	0.00031596626248085193	305.914246045
18361.4337831	3.183755770557334e-05	306.023896385
18373.0734327	0.0004918297274111917	306.217890545
18375.6051755	7.462736690022545e-05	306.26008625833333
18377.1228287	0.00031996439618641137	306.28538047833337
18389.269105	0.0003397197839297772	306.48781841666664
18421.1533429	0.0003573753708318717	307.0192223816667
18424.189858	0.00042022413846953236	307.0698309666667
18427.2262371	0.0001624908556401324	307.120437285
18458.6044615	8.067055630840212e-05	307.64340769166665
18465.1832448	0.00041961469625932045	307.75305407999997
18477.8363987	0.00031346103968283375	307.96393997833337
18521.3594976	0.00015078430010214897	308.68932495999996
18548.1827267	0.00020115292782199237	309.1363787783333
18556.2807737	0.0004152621036689628	309.27134622833336
18561.3426788	0.00037848096974158813	309.3557113133333
18572.9828812	0.00030587358755649956	309.5497146866667
18604.3597453	0.0002759319102453234	310.0726624216667
18611.4454491	0.00030866607365808704	310.190757485
18618.5313312	0.00024646151679459194	310.30885552
18655.9813482	3.520340881648252e-05	310.93302246999997
18659.0186306	0.0002732995273700565	310.9836438433333
18688.878347	0.00022781581761192597	311.48130578333337
18692.9269078	0.0003412724893238082	311.5487817966667
18715.1947679	7.419272458332975e-05	311.9199127983333
18721.2679989	0.0002516187092489144	312.021133315
18736.9570565	0.0004438787166682986	312.28261760833334
18739.9927152	0.000260179718392837	312.33321192
18769.3465121	0.0002986463234876126	312.8224418683333
18769.852897	0.000258279985250426	312.83088161666666
18781.9998135	0.0005266269704087336	313.033330225
18785.5414846	0.0003444937652712261	313.09235807666664
18787.5655441	0.0004006125637080172	313.1260924016667
18808.3162766	0.0005708236623019295	313.47193794333333
18811.8583479	0.00015660136974973783	313.530972465
18824.5115507	0.00015813009611054225	313.74185917833336
18851.8404162	0.0002156703444000306	314.19734027
18861.9619174	0.00014021666070684034	314.3660319566667
18870.0591526	0.00015838840537662024	314.5009858766667
18876.638892	0.0003001229535971188	314.61064819999996
18883.2175831	0.00019362178739762426	314.72029305166666
18884.2294877	0.00012416965876235454	314.7371581283333
18908.5229476	0.00013124480489313964	315.1420491266666
18911.0523086	0.0003256217934516965	315.1842051433333
18914.0887939	0.00028442916196441036	315.23481323166664
18919.6567468	0.00024530605454817163	315.32761244666665
18954.5768848	0.00035632503478648034	315.9096147466667
19025.9353984	0.0003624885812051289	317.0989233066667
19042.1313937	0.00028866726692267086	317.3688565616667
19059.8436843	0.0002444009650424698	317.66406140500004
19094.7641112	0.0002639166940079123	318.24606852
19098.8135297	0.00024289189459380403	318.3135588283333
19111.465613	0.00029734033240981836	318.5244268833333
19146.8930165	0.00028202427648176464	319.1148836083333
19159.5442163	0.00034427157648141	319.32573693833336
19162.074894	0.0002862728272389661	319.3679149
19170.6790277	0.0002199303968706256	319.51131712833336
19177.2583623	9.105364010708996e-05	319.620972705
19189.9100428	0.0003975100299566837	319.83183404666664
19244.0617714	0.0003096853583086941	320.7343628566667
19252.6654037	0.00031554542362159616	320.87775672833334
19278.4768771	0.0004126394982532548	321.3079479516667
19294.1653134	8.868037875103699e-05	321.56942189
19296.1895487	0.0003573297358538328	321.603159145
19319.9764597	0.0005991413116424234	321.99960766166663
19322.5071009	0.0002689607827749286	322.04178501499996
19323.0138693	0.0003543570010494419	322.050231155
19340.7270930999	0.00028766949403968335	322.345451551665
19343.2569579999	0.0005815357097848318	322.387615966665
19345.7873871999	0.0001379575044643511	322.429789786665
19355.4030566999	0.00010948364676637293	322.5900509449983
19362.9944362999	0.00021436380965131216	322.7165739383317
19366.5379750999	0.0002797703382485908	322.7756329183317
19369.0676606999	0.000428944248226194	322.81779434499833
19394.3724768999	0.0003318551183228219	323.239541281665
19434.3540509	0.00027501250056820764	323.9059008483334
19445.9944193	0.0004113010223991259	324.0999069883334
19451.0549486	0.00025881055653800925	324.1842491433334
19499.1348565	0.000499917079144767	324.9855809416667
19506.7258952	0.00036671279226006815	325.11209825333333
19540.1283652	8.538782174917702e-05	325.6688060866666
19542.6586469	0.0002786135330959106	325.7109774483333
19548.2264607	0.00031692505626795977	325.803774345
19562.3968545	0.00034235094688104845	326.039947575
19566.9516538	0.000323130733926096	326.1158608966667
19603.8969258999	9.642320652835858e-05	326.731615431665
19628.1884266999	0.00040352480642880545	327.13647377833166
19638.3104663999	0.0002976684500172376	327.3051744399983
19644.3840076999	0.0003056002457737426	327.40640012833165
19647.4210509999	0.00028574664826904464	327.45701751666496
19671.2066119999	0.0003369833058633463	327.85344353333164
19682.3411263999	0.00021316162235095112	328.0390187733317
19684.8712816999	0.0005265999640045594	328.08118802833167
19717.2615220999	0.00016397807427192466	328.6210253683317
19763.3162623999	0.00031992248353401577	329.3886043733317
19797.7298072999	0.00026796452403396014	329.96216345499835
19820.5049755	0.00016532612754001052	330.34174959166666
19824.5534042999	4.41658397839996e-05	330.40922340499833
19847.3278296	0.000113571574483135	330.78879716
19856.9432943	0.00019639345891472502	330.94905490499997
19886.2967294	8.819512321425104e-05	331.43827882333335
19917.6747225	0.0004306007348295149	331.961245375
19991.0585355	0.0001439222523090619	333.184308925
20015.8577698999	0.00027122844014758677	333.5976294983317
20019.9067987999	0.0002777044627795692	333.6651133133317
20055.8390295999	0.0002129051608521801	334.263983826665
20056.3455199999	0.00030217533395301174	334.2724253333317
20079.1194970999	0.0002825482813380462	334.65199161833164
20090.7596503999	0.00022885848015001303	334.8459941733317
20095.3135149999	0.00030108982099123733	334.921891916665
20099.8683048999	0.0003871345681329356	334.99780508166504
20101.3876821999	0.0002911433877383784	335.023128036665
20114.5459983999	0.0002065620085823183	335.24243330666496
20124.1630596999	0.00023959024459038882	335.40271766166495
20137.3213180999	0.00019081105075414276	335.6220219683317
20188.9427574	0.0003148967512262293	336.48237929
20255.7464644999	0.00015462869343696515	337.5957744083317
20280.0389357	0.00023395340795809438	338.0006489283333
20283.0753509	0.00036760271336752805	338.0512558483333
20289.6544074	0.00018688254432089432	338.16090679
20324.5752086	0.000590789970589245	338.7429201433333
20335.2026571	0.0004488364591173808	338.92004428499996
20354.4344524999	0.0003375215500017126	339.2405742083317
20393.4033064	0.00045817739601085924	339.89005510666664
20409.5986722	0.0003901056529855533	340.15997787000003
20430.8550234	0.00031003774691244914	340.51425039
20433.8909598	0.0002510056223837286	340.56484932999996
20435.4097116	0.00028553308596698145	340.59016186
20443.5075215	0.00030645097860259837	340.72512535833334
20447.5553516	0.0002473645717261529	340.79258919333336
20551.8116155	0.00011337140901409655	342.53019359166666
20566.488292	0.000269321468747879	342.7748048666666
20572.5606338	0.00035073507614913433	342.87601056333335
20598.3716818	0.00033921489297873334	343.30619469666664
20614.5673529	0.00030932465243187934	343.57612254833333
20671.7549897	0.0004565599794836971	344.5292498283333
20675.8048118	0.00023056929655403707	344.59674686333335
20707.6888715	0.0002559103556623952	345.1281478583333
20739.572644	0.00022117949416872724	345.6595440666667
20747.6699092	0.00020856390809182292	345.79449848666667
20761.840682	0.0003551125810889921	346.0306780333333
20802.3285703	0.0002987151495864897	346.70547617166665
20839.7794716	0.00027591273647476584	347.32965786
20850.9130639	0.0005035886395880006	347.51521773166667
20852.4310812	0.0002135905683135066	347.54051802
20855.9746502	0.00019156518186719452	347.59957750333336
20864.5781816	0.0002799139746473508	347.74296969333335
20877.2295453	0.00019711601761714895	347.953825755
20888.3646812	0.00017522340984755565	348.13941135333334
20889.8819034	0.00034112552471738696	348.16469839
20898.4855147	0.0004144225211243584	348.3080919116667
20905.5709821	0.00030118390027649783	348.42618303499995
20980.9803804	0.00015279435763228746	349.68300634
20988.0648544	0.0002844517756412958	349.80108090666664
21031.0839667	0.0002192542268200417	350.51806611166666
21040.6988361	0.00017394898388518773	350.678313935
21069.0402177	0.00028194371844152697	351.150670295
21079.6679943	0.0002764597914746807	351.327799905
21101.9362657	0.00032365224926970287	351.6989377616666
21123.6985959999	0.0004430440841239236	352.061643266665
21191.5153079999	0.00018365898474343099	353.19192179999834
21217.3265733	0.00036368072872914567	353.622109555
21248.196889	0.0003641103870912594	354.1366148166666
21261.3558809999	4.008761549242023e-05	354.35593134999834
21283.6238728	0.0002949397492334109	354.72706454666667
21288.6852954	3.646500170170008e-05	354.81142158999995
21295.7707043999	0.00030856770084361403	354.9295117399983
21303.8673488999	0.0003296214831906299	355.0644558149983
21324.6180036999	0.0002745572960840082	355.410300061665
21351.4402683	0.0003782367631429106	355.857337805
21386.3613341	0.00038921737368092157	356.4393555683333
21412.1720621	0.00026066430078621595	356.8695343683333
21419.2570863	0.0002520089077434329	356.987618105
21420.7756203	0.00025226083172933756	357.012927005
21436.4636513	0.00031332175425845753	357.27439418833336
21450.63461	0.0001324976865483301	357.51057683333335
21464.2999608	0.00029081367935590905	357.73833268
21465.3110644	0.00032589519571775215	357.7551844066667
21474.9268076	0.00030140925246126564	357.91544679333333
21476.9521877	0.00020308330862733471	357.94920312833335
21482.5187255	0.00044466477383688617	358.0419787583333
21505.7993712	0.00029140455473688375	358.42998952
21510.3537275	0.000180781763885401	358.5058954583334
21524.5241774	4.238705391479123e-05	358.7420696233333
21536.1647852	0.0003048153850330217	358.93607975333333
21547.804269	0.0002948110877422608	359.13007115
21551.8537378	0.000302197493185559	359.19756229666666
21566.5296563	0.00028481846941849956	359.44216093833336
21589.3046654	0.00033403529155471645	359.8217444233333
21599.4256413	0.0002285438242337476	359.990427355
21640.9264158	0.00028673846771186764	360.68210693000003
21679.8964969	0.0003018736394290542	361.33160828166666
21682.427116	0.00026402743385644097	361.37378526666663
21735.0599661	4.265268416895865e-05	362.25099943500004
21761.8832204	0.0002928499767401454	362.69805367333333
21779.5965669	0.0003043029662067481	362.993276115
21786.6823796	0.0002829049361224822	363.1113729933333
21851.9675422	0.0003520683432269978	364.19945903666667
21894.9871894	0.0003822117015582477	364.91645315666665
21895.4925144	0.00039646023128124904	364.92487524
21924.3402226	0.00043148846015694917	365.40567037666665
21938.5108656001	0.00022095612015637567	365.64184776000167
21959.2609818001	0.00027190175858576556	365.9876830300017
21966.3456804001	0.0002432416676327091	366.10576134000166
21973.9374314001	0.00015816164796326324	366.232290523335
22009.8701075001	0.00020278141611781186	366.831168458335
22023.0284707001	0.0005624417879684616	367.05047451166837
22039.7291603001	8.711917390524508e-05	367.328819338335
22044.2836743001	0.00019090809088360638	367.40472790500166
22068.0705137001	0.0002629223005848185	367.80117522833496
22090.8448947001	0.0003655013124819857	368.18074824500167
22096.4113400001	0.00024124074827455767	368.273522333335
22105.5220614001	0.00023021882192110835	368.4253676900017
22144.9967965001	0.00034410441065563414	369.08327994166837
22163.2166587001	0.0004875156069041855	369.38694431166834
22190.5457990001	0.0003379410488996172	369.842429983335
22215.8493488001	0.00043539191031080225	370.264155813335
22241.1540487001	0.0003509825236477318	370.6859008116683
22246.7212832001	0.00020103622921234938	370.778688053335
22255.3254003001	0.00021211321271781279	370.9220900050016
22263.9289468001	0.000423338170302662	371.06548244666834
22268.9904367001	0.00031252196251829896	371.1498406116683
22277.0869883001	0.00046752782439899376	371.284783138335
22293.2825345001	0.0002833299742666281	371.554708908335
22302.8978543001	9.19528861229186e-05	371.71496423833497
22306.9470056001	0.0004855819230405597	371.782450093335
22321.1168798001	0.0004359495754133352	372.01861466333503
22346.4214596001	0.0002373780540477523	372.44035766000167
22369.7019066001	0.0003237828124932992	372.8283651100017
22371.2208469001	0.0001993156116274584	372.85368078166834
22371.7263691001	0.0002199948368558697	372.86210615166834
22372.2327002001	0.00031068550105250585	372.870545003335
22375.2689699001	0.00022535785152336327	372.92114949833496
22379.8247973001	0.0001992848201103645	372.9970799550017
22405.1288216001	0.00022313138161098007	373.41881369333504
22406.6471311001	0.00026872942774894065	373.44411885166835
22439.5435450001	0.00042490362521126494	373.99239241666834
22517.9875759001	0.00023778183516623498	375.2997929316683
22539.7499677001	0.0002670640279992173	375.66249946166835
22552.9076043001	0.0004358931094149603	375.8817934050017
22576.1885198	0.000341866539769472	376.2698086633334
22578.2121154	0.00021710294215604602	376.3035352566667
22578.7182045	0.0002070679182771949	376.31197007500003
22582.7672423	0.00032211051864530424	376.37945403833334
22585.2971162	0.0002821439601993372	376.42161860333334
22585.8033218	0.0007664003355317513	376.4300553633333
22594.9130048	0.0003597064509737066	376.58188341333334
22598.9626638	0.00023666752800766995	376.64937773
22625.2793993	0.00029017573768113313	377.08798998833333
22626.2908993	0.00020234443248075086	377.1048483216666
22632.3638477	0.00033409480542852395	377.2060641283333
22645.522656	0.0002787532222750578	377.4253776
22670.8275095	0.0003288403124321979	377.8471251583333
22698.6626174	0.00036833648414818566	378.3110436233334
22732.5714497	0.0002908152738131406	378.87619082833334
22745.2238467	0.00024508165675199965	379.0870641116666
22764.9616227	0.0005789234367895297	379.416027045
22778.1202532	0.00012890491922934948	379.63533755333333
22790.7729189	0.0002397677654225015	379.846215315
22831.7656597	0.00029128265607155604	380.52942766166666
22868.7104932	0.000527747508759995	381.14517488666667
22879.8456532	0.0005154105131555921	381.3307608866666
22937.5391878	0.00010671614623898736	382.2923197966667
22941.5884833	0.0003338170781811194	382.359808055
23084.8129528	0.0006527700562818967	384.74688254666665
23093.4167838	0.0001674956249925225	384.89027973
23098.9837549	0.00030775564819103497	384.9830625816667
23117.2025849	0.0003152086477887944	385.2867097483333
23121.251238	0.0003242337436370465	385.35418730000004
23127.8310371	0.00016745883394281825	385.46385061833337
23157.1835668	0.0006036771814399888	385.95305944666666
23260.9341125	4.495917706722296e-05	387.68223520833334
23316.6052999	0.000405702290587888	388.61008833166665
23322.6780628	0.0002899369641839849	388.7113010466667
23324.7015974	0.00029273208760574154	388.74502662333333
23336.8482125	0.00038463078704027075	388.94747020833336
23353.0429568	0.00014759758137862739	389.2173826133333
23355.5734011	0.0003390409655320155	389.25955668499995
23365.190101	0.00025856154447429235	389.4198350166667
23382.9024129	0.00021824875098606363	389.715040215
23415.2932134	0.00027773555138313125	390.25488689
23424.4019589	8.888181992543282e-05	390.406699315
23555.4803197	4.186720281496464e-05	392.59133866166667
23579.2662317	0.00023099665876381026	392.98777052833333
