retention_time	intensity	retention_time_min
2.7365582	1.708100762761885e-05	0.04560930333333334
10.3274986	0.00014057997342171655	0.17212497666666668
26.0171871	3.945263415375086e-05	0.43361978500000004
38.1632007	1.792597290230265e-05	0.636053345
41.1993947	0.0002743844199046408	0.6866565783333333
44.2357975	9.282720005738408e-05	0.7372632916666666
46.7673327	0.00017378412108586924	0.7794555449999999
48.2843939	1.670675049247788e-05	0.8047398983333333
58.4061257	7.754253848654273e-05	0.9734354283333333
58.9133631	0.00019773737617590208	0.981889385
71.0586349	8.90904887789039e-05	1.1843105816666666
80.6741145000001	5.4470565556563616e-05	1.3445685750000016
87.7595746	0.0001419127646142716	1.4626595766666666
91.3033505	0.00017923109111988686	1.5217225083333332
101.9302526	0.000179824738940689	1.6988375433333334
107.4974191	0.00023077644862941614	1.7916236516666666
116.6080078	0.00022955239533423505	1.9434667966666666
117.1133796	0.0002089326267978804	1.95188966
124.7043531	0.00014115055161490056	2.078405885
127.741047	0.0003226614446517535	2.12901745
154.0581047	1.4779655049419882e-05	2.5676350783333333
179.8694742	1.7538806558266448e-05	2.99782457
183.9170988	0.00016999067865682596	3.06528498
188.4720074	0.00026908329088864757	3.1412001233333333
191.0024551	0.00010883175546791804	3.1833742516666663
197.58249	0.0001072032325897827	3.2930415
202.1370724	0.00016277224788822136	3.3689512066666665
214.2828971	9.578421300790084e-05	3.5713816183333336
222.3800761	0.00019005250537775344	3.7063346016666667
224.4046892	0.00011544967648992827	3.7400781533333336
225.4166841	9.551871634208057e-05	3.756944735
245.6609061	1.6387245915752077e-05	4.094348435
280.0751148	0.0001854188890662854	4.66791858
298.2945285	1.68206943881678e-05	4.971575475
304.8737041	9.116397416636645e-05	5.0812284016666664
324.6115981	0.00013726745808909248	5.410193301666666
360.0385266	0.0001293253940486139	6.00064211
362.5679164	0.00022092317036137262	6.042798606666667
367.6299105	1.747779834116274e-05	6.127165175
385.342985	0.0002102207423433169	6.422383083333333
393.4405883	0.00018607705410358897	6.557343138333334
402.5495634	0.00018353684732912872	6.70915939
404.5740925	0.000196710078379167	6.742901541666667
411.1528609	0.0001509271308653562	6.852547681666667
436.4573564	0.00018095186922934263	7.274289273333333
450.6281836	1.539625864072249e-05	7.510469726666667
470.8717715	0.0001682170425901311	7.847862858333333
477.4519696	9.783258989051115e-05	7.957532826666666
478.4629988	0.00017303737225029544	7.974383313333333
478.9697759	1.5194915308607042e-05	7.982829598333334
486.0543827	0.0001227457486865724	8.100906378333333
527.0495118	1.6818098067451038e-05	8.784158530000001
528.5679164	0.00018226069034319825	8.809465273333332
532.1106128	0.00020172708889786993	8.868510213333334
535.1473447	0.00021280629877641817	8.919122411666667
543.2439862	0.0001200048454786665	9.054066436666666
546.280598	0.00017647464512368776	9.104676633333334
554.88403	0.00011773003944652948	9.248067166666667
567.5376556	0.00012016441670106635	9.458960926666666
571.080057	0.0001582696211667717	9.51800095
572.0910486	0.00019384728010968073	9.53485081
578.1647961	0.00019496330663419163	9.636079935
587.7803515	0.0001173671541578209	9.796339191666668
596.889999700001	0.00018858927042362283	9.948166661666683
598.9143295	0.00020106197932281467	9.981905491666668
611.5663122	0.0002064841808570393	10.19277187
622.1952529	0.00012606823460805457	10.369920881666667
627.2566277	0.000185790172498192	10.454277128333333
641.9328716	5.7454090272274596e-05	10.698881193333333
659.1396932	0.00013448170644996034	10.985661553333333
666.2251952	0.00018622555500420453	11.103753253333334
667.2369953	0.00021696799685396405	11.120616588333332
682.9254926	3.3210626219568e-05	11.382091543333333
694.0598474	4.481945480711251e-05	11.567664123333333
703.6756488	0.00010719327554334856	11.72792748
705.6994696	0.00029376034460807196	11.761657826666667
724.931427500001	5.200429436803963e-05	12.082190458333349
726.449236400001	9.558855074961745e-05	12.107487273333351
726.955793900001	0.00011289969536831468	12.11592989833335
738.596306300001	7.72527017191868e-05	12.309938438333349
748.717452600001	0.00017420075527126594	12.478624210000017
785.156102300001	0.0001225848494989168	13.08593503833335
794.265905400001	1.4884264917423752e-05	13.237765090000016
796.796153800001	0.0001037802636173016	13.279935896666682
802.363310200001	0.00013162210666404814	13.372721836666683
807.930580900001	0.00016047634419322094	13.465509681666683
820.582784300001	6.246103115401006e-05	13.676379738333349
829.187585700001	0.00015443933600170186	13.819793095000017
853.479321800001	0.0002284837208081983	14.22465536333335
860.563825000001	0.00013444272364434418	14.342730416666683
878.784140500001	7.719057330390458e-05	14.646402341666683
889.918141100001	8.664248553661236e-05	14.83196901833335
918.258950900001	0.0001970039552055504	15.30431584833335
929.898724800001	1.6330043978622882e-05	15.498312080000016
931.923015900001	3.831194618055684e-05	15.532050265000017
966.844505200001	0.0001318111505697292	16.114075086666684
987.087205500001	6.896763896387617e-05	16.451453425000018
989.618342400001	0.00013618720435042082	16.493639040000016
994.173484900001	0.00014753569169585922	16.56955808166668
995.691513300001	0.00013763967298633726	16.594858555000016
1009.8617537	1.625568090893098e-05	16.831029228333332
1017.9588664	0.00019594127891639	16.965981106666668
1019.9832477	0.00011870789353204841	16.999720794999998
1036.1786174	0.00014234797882897333	17.26964362333333
1043.7702256	0.00011582975322001497	17.396170426666668
1058.952108	0.00019846438634594049	17.6492018
1060.9765058	0.00019991890414822912	17.682941763333336
1065.5314636	0.00013146646548113422	17.75885772666667
1068.0623617	0.00012453924111668492	17.801039361666668
1114.6225059	0.0001793327893792637	18.577041765
1122.2142159	0.00018152836454024275	18.703570265
1125.2507169	0.0001945371872334075	18.754178615
1130.3121739	0.00017412349945978003	18.83853623166667
1144.9882443	0.00015251423901488338	19.083137405
1186.9947673	4.020299191403494e-05	19.783246121666664
1188.5127353	0.0002384718048556103	19.808545588333335
1230.5182855	0.000124542117577266	20.50863809166667
1234.5663141	0.000145671413847498	20.576105235
1237.0970401	8.98080336891567e-05	20.618284001666666
1242.1583353	5.978592515626804e-05	20.70263892166667
1272.0171377	0.00013461189833892975	21.200285628333333
1279.608866	7.895078883559998e-05	21.326814433333332
1280.6208669	0.00012749670513118256	21.343681115
1297.8280451	9.190265170443185e-05	21.630467418333335
1332.7489475	0.00010755144809433471	22.212482458333334
1335.2792208	0.00019170340695157166	22.25465368
1337.8095131	1.6490384456823225e-05	22.296825218333332
1341.3523152	0.00014261934027123802	22.355871920000002
1357.0414201	0.00017353839205877167	22.61735700166667
1366.6567704	8.870847313195026e-05	22.77761284
1393.986369	0.00017123228197406856	23.23310615
1399.0467496	8.198381687328683e-05	23.317445826666667
1400.0590027	1.5335410997534408e-05	23.334316711666666
1413.21772	3.6645932783644344e-05	23.55362866666667
1413.7237392	1.5173816063001685e-05	23.56206232
1429.9188112	0.00018782377604797945	23.831980186666666
1459.2713558	6.098203757228976e-05	24.321189263333334
1478.5026202	9.3788529457471e-05	24.641710336666666
1480.0220278	1.641277920872897e-05	24.667033796666665
1497.7347204	3.4778758605652686e-05	24.96224534
1506.3385587	0.00022635705779207058	25.105642645
1514.4356321	1.5245756513071882e-05	25.240593868333335
1520.5089939	1.5473526000509593e-05	25.341816565
1521.0147287	1.5867396519892074e-05	25.35024547833333
1528.1005971	0.00012496415029761372	25.468343285
1529.1128767	0.00010204449973204642	25.485214611666667
1531.1363339	0.0002062946475005002	25.51893889833333
1535.1855032	9.56178866208511e-05	25.586425053333336
1550.3680326	0.00014833399314127192	25.839467210000002
1572.6361194	9.744748867402773e-05	26.21060199
1577.1916775	0.00013402263011527918	26.286527958333334
1584.2768087	0.00016695707389937484	26.40461347833333
1585.2888644	0.00011352569914231018	26.421481073333332
1599.4588486	1.3542693340756736e-05	26.657647476666668
1599.965122	0.00014167926037870034	26.666085366666668
1610.0874171	0.0001664837114591866	26.834790285
1634.3795368	0.00014063574423517122	27.23965894666667
1648.5497841	6.596190186393751e-05	27.475829734999998
1651.5877422	0.00037410201452528426	27.52646237
1675.8794908	1.4137721514533263e-05	27.931324846666666
1676.8914719	0.0002836004216807233	27.948191198333333
1693.5928225	0.00015995734470807785	28.226547041666667
1694.6053965	9.548846246036742e-05	28.243423275
1710.8000172	0.00020976019044274035	28.51333362
1720.9214798	0.00014854779270867744	28.682024663333333
1732.0552656	1.5094602907958479e-05	28.86758776
1746.2257977	0.00011523718903662997	29.103763295
1751.7936914	8.04329976372807e-05	29.196561523333333
1759.3839181	1.5019390032532e-05	29.323065301666666
1760.9026153	0.00021916210412881678	29.348376921666667
1765.4579658	1.506531315429492e-05	29.42429943
1796.8354153	0.0002315886984715146	29.947256921666668
1799.8714952	8.260480960455454e-05	29.997858253333334
1811.5118586	0.00018717426031206468	30.191864310000003
1814.0430563	0.00012492874666961305	30.234050938333333
1817.5854772	6.585275864422701e-05	30.293091286666666
1837.8287539	0.0001531142681760116	30.630479231666666
1853.0112114	8.199921541659794e-05	30.883520190000002
1856.5537461	1.4089053462948451e-05	30.942562435
1859.0852962	9.678292203999315e-05	30.984754936666665
1866.1707926	0.0001327883893569105	31.10284654333333
1877.8110336	1.3056894693242768e-05	31.29685056
1879.834821	0.00014012005820371648	31.330580349999998
1895.5238451	0.00011288661332696441	31.592064085
1899.0657017	0.00011354321855811233	31.651095028333334
1902.608315	0.00021579323150665568	31.710138583333332
1916.7794704	7.595484422252901e-05	31.946324506666667
1934.9990626	0.00013186265951514321	32.24998437666667
1946.1321797	0.00019464335734652982	32.435536328333335
1952.2061588	0.00014972692815918914	32.53676931333333
1956.7604579	0.00012851973518732528	32.61267429833333
1959.7977091	0.00017044407916792236	32.66329515166667
1970.93164	0.0001573356458242274	32.84886066666667
2001.2969617	1.510078262322742e-05	33.35494936166667
2019.5166334	0.00012918774248747632	33.658610556666666
2039.7597148	6.99673897087573e-05	33.995995246666666
2041.2784931	1.463865457101748e-05	34.02130821833334
2042.29002	0.00015087940447770096	34.038167
2042.7964104	0.00011052805093945667	34.04660684
2068.6064389	0.00010955540213345786	34.47677398166666
2071.6437488	0.00016905612274640416	34.527395813333335
2087.8383547	0.00011091522023897988	34.79730591166666
2096.9479704	5.875881903813552e-05	34.94913284
2147.5577283	0.0001470824368155689	35.792628805
2165.2708659	0.00019302377939221931	36.087847765
2167.2952805	0.00025487203053164704	36.12158800833333
2169.8261644	0.0001650048960469155	36.16376940666667
2171.3445243	1.5209624109349761e-05	36.189075405000004
2181.9717092	2.953870390731411e-05	36.36619515333334
2182.4781541	0.00011564184435892658	36.37463590166667
2215.8797174	1.578903602321199e-05	36.931328623333336
2216.3858481	0.00014140897148740713	36.939764135000004
2229.5450361	0.00011247344925884309	37.159083935
2232.581133	0.00020276778019972627	37.20968555
2244.7279351	7.418159303510776e-05	37.41213225166667
2253.8371957	9.867988246129556e-05	37.56395326166667
2255.3552593	9.188289727000887e-05	37.589254321666665
2269.0204485	2.829218915528954e-05	37.817007475
2285.2146535	1.4060202035729786e-05	38.08691089166667
2294.3249814	0.0001039813442251678	38.23874969
2300.9038668	0.00012681459937347628	38.34839778
2327.7274387	0.00014333261773670757	38.795457311666674
2331.774997	0.00012152790221988796	38.862916616666666
2337.8491347	0.00015559537284367563	38.964152245
2343.415985	0.0001511756215116968	39.056933083333334
2352.0191313	0.00023912087022284105	39.200318855
2353.0316678	0.00011625300969454222	39.217194463333335
2354.0429642	0.0002022097846604769	39.23404940333333
2361.128669	1.376811616373778e-05	39.35214448333333
2379.8542606	0.0001820069850306352	39.664237676666666
2393.5185028	0.0001399668123838086	39.891975046666666
2410.7265756	1.4689934652641806e-05	40.17877626
2425.4026865	8.248359768939924e-05	40.42337810833333
2443.1156755	0.00013080137332165294	40.71859459166667
2444.1278205	1.4742541175098472e-05	40.735463675
2468.9259801	1.4542803348335043e-05	41.148766335
2491.7007654	0.000226293025923632	41.52834609
2536.236539	0.00023586062904063605	42.27060898333333
2556.4809046	1.5444137353979973e-05	42.60801507666667
2570.6513192	0.00010438218058314188	42.84418865333334
2571.1570671	0.0001717229706704904	42.852617785
2573.6870037	0.00012354167937592752	42.894783395
2580.7733126	0.00015133256000107208	43.01288854333333
2585.3275364	0.00011644932748398681	43.08879227333333
2590.388592	0.00010355388601185772	43.1731432
2605.5713591	0.00011264200106808201	43.42618931833333
2632.900633	0.00021664777359495636	43.88167721666667
2635.9371736	1.4958500134460296e-05	43.93228622666666
2637.9615149	0.00014753162414466182	43.96602524833334
2644.5408719	5.969299276308228e-05	44.075681198333335
2649.601047	0.00012424566802494028	44.160017450000005
2658.71114	8.936967971125469e-05	44.311852333333334
2659.7232333	0.00014029576025013414	44.328720555000004
2669.3394586	0.00016796371983651532	44.48899097666666
2675.4116861	1.4022334774829347e-05	44.59019476833334
2677.4368712	0.00010562335335174332	44.623947853333334
2681.9919521	0.0001362678517405773	44.69986586833333
2692.6191936	1.460636811683017e-05	44.87698656
2699.1985221	0.00023510620714370674	44.986642035
2719.4421481	1.4367981241163692e-05	45.32403580166667
2727.539451	0.00020173581400230564	45.45899085
2736.6493747	9.148564535876413e-05	45.610822911666666
2779.6676366	0.000225916965506197	46.32779394333333
2791.3074563	1.468441719016614e-05	46.52179093833333
2791.8129539	1.564258704752079e-05	46.53021589833334
2793.3316049	0.00020555940618050784	46.555526748333335
2796.3680867	8.073553014514422e-05	46.60613477833333
2800.4165494	0.0001229114468213684	46.673609156666664
2803.4534715	1.31220431662732e-05	46.724224525
2811.5515386	0.00014467645139537108	46.859192310000005
2818.6360495	0.00011280290616076427	46.977267491666666
2819.6479553	0.00011320412232160836	46.99413258833333
2822.1794859	1.4160958489195661e-05	47.036324765
2844.9523751	0.00010391376187813067	47.415872918333335
2854.0622154	1.3408724133081288e-05	47.567703589999994
2855.0747393	0.00012115320247809635	47.584578988333334
2863.1723807	8.775534440557053e-05	47.719539678333334
2892.0191109	0.00014682565289736392	48.200318515000006
2911.2510159	0.00011209809410421072	48.520850265
2937.5680128	0.00013946537656575286	48.95946688
2940.6049364	0.00014423339181771365	49.01008227333333
2945.6655364	1.3404586155743418e-05	49.09442560666666
2946.171588	0.00010796372046703616	49.102859800000004
2969.4510277	0.00022048685551724227	49.49085046166667
2974.0064398	1.3561201703286934e-05	49.56677399666667
2975.5253035	1.3699184776735252e-05	49.59208839166667
2983.6216009	0.00011140778339609645	49.727026681666665
2999.3108823	0.00023419988314593755	49.98851470499999
3002.8531232	0.00016960927061318532	50.047552053333334
3012.4697199	0.00010106493235807105	50.207828665
3022.5912073	0.00012692952860278556	50.376520121666665
3033.2201189	1.3288965905829072e-05	50.553668648333336
3034.2314049	0.0002043950388158051	50.570523415000004
3052.9574168	0.0001160635962749175	50.88262361333333
3065.1033673	0.0002283355594917767	51.08505612166667
3080.7915294	0.00012195077110882054	51.34652549
3082.8159868	1.331376702682872e-05	51.38026644666666
3083.3225636	0.00013438134418774608	51.388709393333336
3084.3340514	0.00010390838268428218	51.40556752333334
3104.5787787	0.00016844952586951388	51.742979645
3119.2546371	6.687203291856125e-05	51.987577285
3142.5356254	1.434039443732913e-05	52.37559375666667
3148.6088329	8.382995319344047e-05	52.476813881666665
3154.1746863	0.00014946707098076702	52.569578105
3162.7790355	0.00014379533344766957	52.712983925
3175.9377782	0.00016548473652154815	52.93229630333334
3191.1198608	1.4594634039551459e-05	53.18533101333333
3200.7361146	9.935126392955473e-05	53.34560191
3211.87043489999	0.00016425134118576857	53.53117391499983
3216.42459419999	1.3148609972782377e-05	53.60707656999984
3217.43714519999	0.00012093713635775604	53.62395241999983
3222.49796919999	1.289343973190814e-05	53.708299486666505
3225.53455749999	0.00014010812482184528	53.758909291666505
3231.1011092	9.131900667671492e-05	53.85168515333333
3242.74154109999	1.3823415391175009e-05	54.0456923516665
3265.00987889999	1.4237559694923899e-05	54.41683131499983
3268.04578049999	1.3616405287159396e-05	54.467429674999835
3279.17977899999	0.00010708403005595843	54.6529963166665
3291.32694759999	0.00010278042997942198	54.8554491266665
3317.13718559999	1.4166370484587461e-05	55.28561975999983
3374.32497549999	7.655213356524637e-05	56.238749591666505
3383.94207369999	1.417350869176247e-05	56.399034561666504
3409.24590119999	0.0001940223352092647	56.82076501999983
3427.97094209999	0.0001799930435121021	57.132849034999836
3428.98375559999	1.3055443858980318e-05	57.14972925999984
3433.03179709999	7.272166527356489e-05	57.21719661833317
3433.53769279999	0.00022504245941844925	57.22562821333317
3436.06920519999	5.56449112728641e-05	57.2678200866665
3458.84355279999	0.0001222723227203077	57.6473925466665
3462.89181069999	0.00010077103168742425	57.7148635116665
3468.96478979999	0.0001462102479878475	57.81607982999983
3471.49490209999	9.205985201450042e-05	57.85824836833317
3477.06170389999	6.788873517406244e-05	57.951028398333165
3479.59210849999	1.2959108828004116e-05	57.99320180833317
3487.69003219999	9.904193934701876e-05	58.12816720333317
3489.20786579999	0.00011752026744098245	58.153464429999836
3494.77519709999	9.34565431482688e-05	58.24625328499983
3498.82393019999	1.3283709331185899e-05	58.31373216999984
3499.33085049999	1.3811840983353969e-05	58.3221808416665
3508.94585159999	9.069920844327176e-05	58.48243085999983
3514.00640419999	0.00014978696315123686	58.566773403333166
3529.18990659999	7.981146177636109e-05	58.819831776666504
3537.28790999999	9.918073245115494e-05	58.95479849999983
3546.90284729999	7.636214571878346e-05	59.11504745499983
3558.03718029999	1.410492939072347e-05	59.300619671666496
3566.64074119999	0.00014664379929805207	59.444012353333164
3578.78642319999	1.433867178015566e-05	59.646440386666505
3592.45104509999	0.0001256796773975739	59.87418408499983
3593.46284049999	0.00010012319893028138	59.8910473416665
3600.04227539999	0.0001135774526509358	60.000704589999835
3606.11516749999	0.00010915195240755474	60.10191945833317
3674.94429139999	7.784663088222743e-05	61.24907152333317
3677.98075299999	0.0001827853296884681	61.2996792166665
3686.07839489999	0.0002162673894452297	61.434639914999835
3697.71863449999	1.443617590191613e-05	61.62864390833317
3714.41959979999	9.682532743314114e-05	61.906993329999835
3714.92547879999	8.541546518696323e-05	61.915424646666494
3723.02328489999	9.723142761978139e-05	62.0503880816665
3734.15743979999	0.00010816931051848704	62.23595732999983
3736.18089209999	0.0001141047322884964	62.26968153499983
3748.32801349999	9.071226190276603e-05	62.47213355833317
3751.87049289999	0.00011884073134525592	62.5311748816665
3765.02861459999	0.00014403630504127067	62.75047690999983
3771.60738479999	0.00014817530685222227	62.86012307999984
3782.23562229999	0.00011281428557660855	63.037260371666505
3783.75360039999	0.00017199131373029042	63.062560006666494
3791.85113119999	8.625198936039977e-05	63.197518853333165
3814.11964169999	0.0001467464716019057	63.568660694999835
3816.14414899999	8.677624714119626e-05	63.60240248333317
3826.77167519999	0.0001448157750471632	63.779527919999836
3828.79656099999	0.00017564760508308896	63.8132760166665
3842.96627809999	0.00012120297106677562	64.04943796833317
3846.00340199999	0.0001653662161215579	64.10005669999983
3850.05274859999	0.00010093575058585586	64.16754580999984
3854.60727789999	0.00013342336478570395	64.2434546316665
3855.11221869999	7.36874315283957e-05	64.25187031166651
3874.85021019999	0.00012795464053367067	64.5808368366665
3884.97253109999	3.6164491219585395e-05	64.74954218499984
3894.58862889999	0.00011222594987220574	64.9098104816665
3898.13027549999	0.00013856898178725546	64.96883792499983
3927.99046779999	0.0001852306552426737	65.46650779666649
3935.07493009999	9.82173711381521e-05	65.58458216833317
3971.51359949999	0.00013286605272352914	66.19189332499984
3983.15493899999	0.00011427325493575085	66.38591564999983
3991.25142039999	0.00014062348138788998	66.5208570066665
3995.80642429999	0.00011535105723912213	66.59677373833317
4001.87892789999	0.00015094780614406263	66.69798213166649
4041.86105709999	1.5486311477215162e-05	67.3643509516665
4042.36725969999	1.5640879837724134e-05	67.3727876616665
4043.37943319999	1.624671319966019e-05	67.38965721999983
4051.47625239999	7.80253563977106e-05	67.5246042066665
4056.53784109999	0.00016115109916883623	67.60896401833317
4060.08046189999	0.00018351373953000237	67.66800769833317
4083.36082419999	0.00017068427877957177	68.0560137366665
4088.42156099999	0.0001975414574011351	68.14035934999984
4094.49422979999	9.760695531489464e-05	68.2415704966665
4115.75086609999	8.255433953314167e-05	68.59584776833317
4121.82388619999	0.0001875457384420105	68.69706476999983
4127.39081449999	0.00011661855721172254	68.78984690833316
4155.73210129999	1.6747170937629442e-05	69.26220168833316
4174.96359579999	0.00013523194859947187	69.5827265966665
4181.03636489999	0.00020376370202688281	69.68393941499984
4197.73711089999	0.00018868098794948626	69.96228518166649
4242.27377659998	0.00012355719902198744	70.704562943333
4274.66260969999	8.014583447440578e-05	71.24437682833316
4280.22966639998	1.3891045430818427e-05	71.33716110666633
4287.31531049998	9.776695152098868e-05	71.45525517499966
4292.88211989998	0.00015134345861078413	71.54803533166634
4318.69359989999	0.00023955084884977118	71.97822666499982
4332.35729559999	9.335401204198614e-05	72.2059549266665
4346.02265149999	1.304992757290197e-05	72.43371085833317
4349.05929779999	0.00012589097666975628	72.48432162999984
4376.38830219999	1.263807092485403e-05	72.9398050366665
4387.52129749999	0.00010043613919690884	73.12535495833318
4414.85030179999	0.00012928972669466588	73.58083836333317
4447.24026289999	0.00010613536528205474	74.12067104833316
4465.96641799999	0.00015571697033560445	74.43277363333317
4491.77626879999	0.00014605812092719482	74.86293781333318
4494.81308859999	9.941268262370648e-05	74.9135514766665
4504.42833939999	1.3554225032665683e-05	75.07380565666651
4527.70920319999	0.0001536237370620009	75.46182005333317
4533.78295509999	0.00017028041151582926	75.56304925166651
4572.24469399998	0.00014141677120068163	76.204078233333
4579.83604959998	4.213044251816383e-05	76.33060082666633
4591.47716019998	9.038039077529775e-05	76.52461933666633
4608.68359619997	0.00012522325989098985	76.81139326999951
4610.70807159997	0.00021231065734869553	76.84513452666617
4621.84232719998	1.3333787669802083e-05	77.030705453333
4627.40874419998	8.225050072771051e-05	77.12347906999966
4650.68951889998	8.610248308038195e-05	77.51149198166632
4679.03079389997	1.4068575866202215e-05	77.98384656499951
4688.13993389998	9.78269529071593e-05	78.13566556499967
4692.18889929998	0.00016085826890863006	78.20314832166633
4700.79320099998	1.3307140937112522e-05	78.34655334999967
4737.73710959998	8.426275424849797e-05	78.96228515999967
4744.82287359998	0.00014134412113805722	79.08038122666633
4745.32905839998	0.000191322806470819	79.08881763999966
4747.85899989997	0.00016823299065216803	79.13098333166616
4778.22501179997	1.3415603778191773e-05	79.6370835299995
4789.86417789998	0.0001139382944096474	79.83106963166634
4793.40732279998	0.0001298298413564152	79.89012204666633
4813.65073369997	6.048956009435124e-05	80.22751222833284
4836.93175919998	1.4325261101759014e-05	80.61552931999967
4849.07810559998	0.00019613569238226971	80.81796842666633
4851.10164369998	1.3255446294675642e-05	80.85169406166634
4865.77830449997	0.00011774426832439552	81.09630507499949
4868.30848839997	0.00023871907404060544	81.13847480666617
4873.37059629998	1.4068149241179661e-05	81.22284327166633
4874.38263529998	0.00012894019497663295	81.23971058833301
4877.41854959998	0.00016643045677358956	81.29030915999967
4880.45472429998	8.430502048704302e-05	81.34091207166632
4886.02182429998	0.00011117181350436506	81.43369707166633
4890.07083929998	1.436200113230017e-05	81.50118065499967
4900.19241139998	0.00013727471090344226	81.66987352333301
4901.20552519998	1.2483940797268847e-05	81.686758753333
4907.78447929998	0.00012505182358239712	81.796407988333
4909.30285949998	1.237787847563951e-05	81.82171432499966
4918.41194129998	1.283108109842038e-05	81.97353235499966
4939.16150569997	0.00015415783163129698	82.31935842833283
4972.56364479997	0.00013598390041654314	82.87606074666616
4987.24134569997	1.3034531660587748e-05	83.1206890949995
5007.48444029997	1.3265441784903515e-05	83.45807400499949
5033.29575479997	4.1549913402806385e-05	83.8882625799995
5036.83725799997	1.2951056518410647e-05	83.94728763333282
5038.35584119997	0.00015029671685877954	83.97259735333283
5109.71526069998	1.4640307173164902e-05	85.16192101166634
5114.77540739998	0.0001853221521375396	85.24625678999968
5124.89792309998	7.576667961531642e-05	85.41496538499968
5131.47701509998	1.2373151141890622e-05	85.52461691833301
5144.63474789997	0.00015353027575462953	85.7439124649995
5145.14101369997	1.3068759681772798e-05	85.75235022833284
5165.38506909997	8.621257531837181e-05	86.08975115166616
5169.43415219997	0.00011836710712796401	86.15723586999951
5174.49493339997	0.00010595971572851048	86.24158222333284
5187.14716259997	0.00038235539426924824	86.4524527099995
5200.30507289997	0.00023728284021011848	86.67175121499949
5204.35385959997	0.00015508834059265318	86.73923099333282
5233.20141579997	0.00014855488419245503	87.22002359666617
5239.27427739997	8.881220444767558e-05	87.32123795666617
5248.38476959997	0.00014844267577640872	87.47307949333283
5250.91481609997	1.2873481143783053e-05	87.51524693499951
5262.04910769998	1.3935227822394592e-05	87.70081846166633
5284.82327229998	0.00013857281013679532	88.08038787166633
5293.42651199998	1.4242836565349458e-05	88.22377519999966
5304.55963319998	0.00020383229535020375	88.40932721999967
5320.24894119998	1.5045779291123123e-05	88.67081568666634
5324.80356709998	0.00010795028118478004	88.746726118333
5334.41938649998	0.0001607374980849634	88.90698977499966
5335.43120519998	1.4717343604512927e-05	88.92385341999966
5336.44367449998	1.4877538025334134e-05	88.940727908333
5353.65181659998	0.000142089322928156	89.22753027666633
5363.77338489998	0.00014636778384451873	89.39622308166632
5373.38804819998	1.3571152193837068e-05	89.55646746999967
5384.01678899998	1.3485437076501086e-05	89.73361314999967
5386.04137029998	0.00018020113124912868	89.76735617166634
5414.38179659998	5.4429960196191116e-05	90.23969660999965
5421.97298599998	0.0001732475828224209	90.366216433333
5427.54091889998	2.732654400287111e-05	90.45901531499968
5435.63868349998	1.4908338565055848e-05	90.59397805833301
5446.26637219998	0.00014420946762109973	90.77110620333299
5448.29102779998	0.00016583521168882302	90.804850463333
5449.30226579998	1.4910487374130636e-05	90.82170442999967
5469.54600319997	0.00011111560673046555	91.15910005333284
5474.10089399997	0.00021880783592538133	91.2350148999995
5480.17481239998	6.425060707137661e-05	91.336246873333
5486.24747679998	0.00013192738199049444	91.43745794666634
5491.81407649998	0.00010811761789378564	91.530234608333
5492.82620379998	3.05516928210597e-05	91.54710339666634
5501.43009359998	1.5751515295771455e-05	91.69050155999966
5504.97243829997	0.0001268200634100317	91.74954063833283
5524.20454889997	0.00017247644054812868	92.0700758149995
5533.31436239997	9.784166476110142e-05	92.22190603999951
5542.42363819997	0.0001925130139903854	92.37372730333283
5544.44802199997	1.412152355548582e-05	92.40746703333282
5552.54611309997	0.00013371324019769402	92.54243521833284
5577.84976279997	0.0001265962442642707	92.96416271333284
5579.36799999997	0.00013896599272935657	92.98946666666617
5582.91084909997	1.644214010895658e-05	93.04851415166617
5586.96004989997	0.00014786891521945873	93.11600083166617
5588.98354559997	9.640866063350831e-05	93.1497257599995
5601.63687819998	0.00016577176073151448	93.36061463666633
5609.22850139998	0.00022712193231528178	93.48714168999966
5615.80643489998	1.6110311960080794e-05	93.59677391499966
5621.88049379998	1.676688919433607e-05	93.69800822999967
5622.89279529998	0.0001482848781957874	93.71487992166634
5624.41003109998	0.00015473961216299153	93.74016718499966
5668.44040479998	0.00015621733507010252	94.47400674666633
5685.14207519998	9.99372742184167e-05	94.75236791999967
5690.70900069998	8.920989520636788e-05	94.84515001166633
5716.51951529998	0.000192613816113706	95.27532525499967
5718.03745109998	0.00026895644133411605	95.30062418499966
5745.87331419998	0.00016458856573882803	95.76455523666634
5756.50139169998	0.00011663781928627797	95.94168986166633
5788.38397839998	0.0003280086854793811	96.47306630666634
5802.04959749998	1.8345033387960766e-05	96.70082662499968
5810.65249579998	0.00022774898127729347	96.844208263333
5819.76170929998	0.00023316887315733492	96.996028488333
5820.26832559998	0.00027980864698980054	97.004472093333
5842.02966669998	0.0002215737681132185	97.36716111166633
5852.65883999998	0.00022840545433895203	97.54431399999967
5856.20126209998	0.00017439361491899464	97.603354368333
5857.71965629998	2.071989192504372e-05	97.628660938333
5861.76827219998	4.4616306456916485e-05	97.69613786999966
5872.90188049998	0.0001077257742483985	97.88169800833299
5876.44402649998	0.00017211983298823948	97.94073377499967
5893.65185519998	0.0001689700480167302	98.22753091999967
5920.47510359998	1.837680536798736e-05	98.67458505999966
5923.51074369998	0.00032427083368259104	98.72517906166632
5929.58440159998	0.00019540743472144833	98.826406693333
5933.12727709998	0.00022664566918597406	98.885454618333
5943.75509359998	0.0001864570854969592	99.062584893333
5946.79134299998	1.9554691865856553e-05	99.11318904999966
5951.85168859998	0.0002404811501762511	99.197528143333
5968.55338649998	0.00011667776987379982	99.47588977499966
5976.14454589998	0.00021199786223789248	99.602409098333
5976.65068479998	0.0001878717719899765	99.61084474666633
5991.83412059998	0.00015856901727397582	99.86390200999968
5995.37657079998	0.00016553512992911631	99.92294284666633
6010.55880569998	0.0001389530134602408	100.17598009499967
6013.08961889998	1.9220961611895467e-05	100.21816031499968
6023.71734019998	0.0001918228292816235	100.39528900333299
6025.74173189998	0.00017758795891945439	100.42902886499967
6039.40602879998	0.00021364984236000662	100.65676714666634
6042.44357659999	0.00011902056891831943	100.70739294333316
6059.14428219998	0.00018159252783238195	100.98573803666633
6073.82034489998	0.00018983639554275044	101.23033908166634
6094.06450099998	0.0001977679454321185	101.567741683333
6097.60694459998	0.00025011971922503834	101.62678240999966
6107.22234689998	0.00018009189859180362	101.78703911499967
6154.79519259998	1.9825046170329747e-05	102.57991987666632
6162.89368339998	0.00011256663460362935	102.71489472333299
6193.76520769998	0.00022814785649458117	103.229420128333
6221.09392509999	2.2041168985234376e-05	103.6848987516665
6230.70889379999	0.00026867681850362564	103.84514822999982
6243.86844309999	0.00011029344182940055	104.06447405166651
6255.50845519999	0.00016016385664261346	104.25847425333316
6282.33090599999	8.62187443234721e-05	104.70551509999983
6288.40378889999	0.00030790011665639576	104.80672981499984
6292.95937779999	4.052405394842613e-05	104.8826562966665
6298.01938769999	0.00019940379137138868	104.96698979499983
6313.20306569998	0.0002965282359716401	105.22005109499966
6324.33635789998	2.625962654036582e-05	105.40560596499967
6325.34938309998	0.00018957827628395308	105.422489718333
6331.92859559999	0.00022355059347264374	105.53214325999984
6334.45811139998	4.742242521127876e-05	105.57430185666634
6336.98913589998	0.00023631398568377905	105.616485598333
6337.49508939999	0.00011535172512138045	105.62491815666651
6340.53209029999	5.2432770393373554e-05	105.67553483833316
6363.81214989999	0.00015713758495125736	106.0635358316665
6365.32983609999	0.00012075564830137789	106.0888306016665
6366.34181429999	0.0003236615733394655	106.10569690499983
6376.96987049999	8.606537308102659e-05	106.28283117499983
6378.99520049999	0.00019122943006331009	106.31658667499983
6385.06824629999	0.00023764816210932583	106.41780410499983
6389.11632599999	0.00017931081682236595	106.48527209999983
6390.12835169999	0.00023085336270090866	106.50213919499984
6393.67143049999	0.00021418939467562879	106.56119050833315
6400.75723519999	0.00021485685723750717	106.67928725333316
6406.32430259999	0.00019830088720540956	106.77207170999984
6410.37260959999	2.150963201321552e-05	106.83954349333317
6445.29244729999	0.00013075879899573744	107.42154078833317
6455.92082469999	0.00022866267049362067	107.59868041166649
6463.0065479	0.00018608217096439126	107.71677579833334
6463.51264469999	0.0001864251425375569	107.72521074499984
6489.82951379999	0.00025899165382382963	108.16382522999984
6500.45642699999	0.00021684082401207195	108.34094044999983
6510.57853409999	2.397843858802165e-05	108.50964223499983
6520.70038459999	0.00015404839655814553	108.67833974333317
6523.23139699999	0.00014623439837060627	108.72052328333316
6540.43836889999	0.00020796661389555298	109.00730614833316
6556.12737229999	0.0002095132711917673	109.26878953833317
6593.07147209999	0.0002329433688787659	109.88452453499984
6602.18131499999	0.0001749607825158171	110.03635524999983
6608.25496079999	0.00018739557811535849	110.13758267999984
6639.12607239999	4.220457966583352e-05	110.6521012066665
6640.13914309999	0.00014481867349101698	110.66898571833318
6644.69322189999	0.00013650668329342664	110.7448870316665
6659.36961069999	0.00022239171244186614	110.9894935116665
6662.91272709999	0.0001725948192788413	111.0485454516665
6675.05854699999	0.0002920421122647294	111.25097578333316
6677.58920599999	0.0002320264237150772	111.29315343333316
6679.61316709999	0.0003929709379713652	111.32688611833318
6691.75961399999	0.00010581303147251451	111.52932689999983
6717.57061139999	2.207709124020268e-05	111.95951018999985
6746.41855259999	2.126775680461879e-05	112.44030920999984
6754.51557789999	0.00017866480104363549	112.5752596316665
6785.89364459999	0.00019682587456792895	113.09822740999984
6792.47230509999	0.0002535558922723496	113.2078717516665
6806.64271309999	0.00024547759623052125	113.44404521833317
6835.99556259999	7.600500788551956e-05	113.9332593766665
6869.39894949999	0.00012604058230749026	114.4899824916665
6889.6417804	0.00016529175506583952	114.82736300666667
6921.5257983	0.00015516734525527508	115.358763305
6929.1168434	2.2407022061953922e-05	115.48528072333333
6962.0128131	0.00022498216140311674	116.033546885
6978.2085536	0.00010691419849193705	116.30347589333334
7030.3355653	0.0001832293426450076	117.17225942166667
7042.4821562	0.0002304518509108751	117.37470260333333
7042.987503	0.000159853712708201	117.38312505
7077.9080551	0.00012049288850004258	117.96513425166667
7093.5989844	8.084836243794649e-05	118.22664974
7103.7209297	0.0002324800816387885	118.39534882833333
7113.3363187	0.00024298890587890815	118.55560531166667
7145.2197329	0.0002501095840961246	119.08699554833333
7153.82300260001	0.00017431357427342932	119.23038337666684
7180.1399355	0.00013319624662777395	119.66899892500001
7185.2010806	2.4082574330865673e-05	119.75335134333334
7186.2128198	0.00012860364399930666	119.77021366333334
7230.7488549	9.89437090520123e-05	120.512480915
7231.7618619	0.00014823369419428629	120.529364365
7255.5477554	0.00024163872135395367	120.92579592333333
7260.6087485	0.0002819276415225863	121.01014580833333
7266.175563	0.00024820579532598957	121.10292605
7278.8280524	0.00016872688741157647	121.31380087333334
7282.8768151	9.545118018857727e-05	121.38128025166667
7359.2967521	0.00014937446479089747	122.65494586833333
7360.8145358	0.00012875959069598346	122.68024226333334
7362.838916	0.00016043560102727773	122.71398193333333
7364.8642795	0.00015932812141342947	122.74773799166665
7384.6014437	0.00011320858191561456	123.07669072833333
7410.9180829	0.00015650356871391423	123.51530138166666
7415.4728617	0.0003057545814683262	123.59121436166667
7436.2226578	0.0001403103034936056	123.93704429666667
7457.9853909	0.00013241573884156192	124.299756515
7518.7155092	0.0002491612780444967	125.31192515333333
7529.8503514	0.0002253776803914123	125.49750585666668
7537.440853	0.00016437004137721597	125.62401421666667
7551.6117091	0.00011117022252389426	125.86019515166666
7576.9160665	0.00017269014960231413	126.28193444166666
7581.9779866	0.00014954827833438996	126.36629977666666
7586.0260299	0.000169633855548952	126.433767165
7587.5438135	0.00013711694965982108	126.45906355833334
7598.678032	0.0001449103071243812	126.64463386666667
7604.7519181	0.0001466297524193909	126.74586530166667
7645.7451985	7.944580732231064e-05	127.42908664166666
7658.9028584	0.0001340580431507622	127.64838097333333
7663.4581178	0.00011776286114869894	127.72430196333333
7671.5564287	0.0002341287061736589	127.85927381166667
7688.2564472	0.00012221035873802256	128.13760745333335
7690.7870592	1.8341040646191544e-05	128.17978432
7691.799847	0.0001751781681569709	128.19666411666668
7701.9218544	0.00016330731762665435	128.36536424
7713.0556673	7.624943942905678e-05	128.55092778833333
7714.5732144	0.0001640387369732192	128.57622024
7721.6588777	8.238024513838304e-05	128.69431462833333
7734.3118387	0.00014743006795488937	128.90519731166668
7775.8109461	0.0002251461820078667	129.59684910166666
7789.982038	0.00010388272723043034	129.83303396666668
7797.5722211	0.00026806652358736814	129.95953701833335
7803.1391703	0.00015875608153530045	130.05231950499999
7808.200209	0.00014671428943549856	130.13667015
7824.3950611	0.0001107447193473247	130.40658435166668
7855.7736894	0.00023331160568895474	130.92956149
7879.0533905	0.0001612267636427647	131.31755650833333
7880.06558340001	0.00014381111746658288	131.33442639000017
7880.5721301	9.882543539894695e-05	131.34286883500002
7885.1262031	9.142264798141312e-05	131.41877005166666
7886.1393486	0.0001800709776597778	131.43565581
7911.9497554	6.450156416293096e-05	131.86582925666667
7918.5285632	0.00012103242809671135	131.97547605333332
7929.1568176	1.7180949762902895e-05	132.15261362666666
7930.6746119	0.000154123172220331	132.17791019833334
7959.01576850001	0.00022032776133452744	132.6502628083335
7965.08890160001	0.00013818723719136327	132.7514816933335
7975.211174	0.00011384109762616564	132.92018623333334
7985.8396688	2.09159513411308e-05	133.09732781333335
7986.3447406	0.0003626662691755631	133.10574567666666
7996.97282120001	0.0001368660393922876	133.2828803533335
8044.0398277	0.0002132069483655638	134.06733046166667
8056.69238960001	0.00010087448230789449	134.2782064933335
8062.76473000001	0.00013451105232479936	134.37941216666684
8064.28277140001	0.0002312260647452632	134.40471285666683
8068.33181040001	0.00020675838329994262	134.47219684000018
8100.2154199	0.00015877079498588154	135.00359033166666
8101.2279571	0.00014439521276958894	135.02046595166667
8104.7711118	0.00016829547719699744	135.07951853
8124.0018714	0.0002333193799194362	135.40003119
8139.6908467	0.00016431889249825436	135.66151411166666
8182.2030845	0.00012114724968041873	136.37005140833332
8188.782876	0.00029193802749757355	136.4797146
8189.7942352	5.351448979136781e-05	136.49657058666668
8190.30089100001	7.458757595683532e-05	136.50501485000015
8193.33748860001	0.0001886586025423293	136.55562481000015
8264.18996549999	0.00018168756580472768	137.73649942499983
8282.9155142	0.00020740020940855408	138.04859190333335
8283.9279284	8.874277704385709e-05	138.06546547333335
8318.84778859999	8.060998570000938e-05	138.64746314333314
8337.0671679	0.0001433983463705462	138.951119465
8378.0609007	0.00014057252872226456	139.634348345
8388.6893829	0.00013201379285622699	139.811489715
8413.9928685	0.00018582416947792837	140.23321447499998
8425.1276294	0.00019229130819399843	140.41879382333335
8428.1633883	0.00010038266355117581	140.469389805
8434.7425878	0.00010840988799699499	140.57904313
8452.4564896	0.00015647431916100172	140.87427482666666
8462.072393	0.0001564473462772067	141.03453988333334
8467.6389577	0.0002124722440151254	141.12731596166668
8482.82225100001	0.00019329029992211537	141.38037085000016
8538.9984102	0.00023099815786773093	142.31664017
8542.0347471	0.0001941960839245437	142.367245785
8542.5408991	9.358632183043881e-05	142.37568165166667
8546.5897009	0.00017008922853605432	142.44316168166668
8566.8328991	0.00016741801459901914	142.78054831833333
8581.5103693	0.00019371582713318257	143.02517282166667
8584.5470531	0.0001733179556127618	143.07578421833333
8608.3322951	6.822065555058229e-05	143.47220491833332
8615.9244676	0.0001137189789466118	143.59874112666665
8640.2165247	0.00023045610621826162	144.00360874499998
8642.7476517	0.0001482436645502606	144.04579419499998
8660.46070310001	0.00017409400754755822	144.3410117183335
8666.53325440001	0.00014084387900115044	144.44222090666685
8669.06441220001	0.00011359623887425072	144.48440687000019
8762.18476930001	4.982736171072397e-05	146.03641282166686
8779.89880190001	0.00014087364629230517	146.3316466983335
8790.52691040001	0.00010606654165782779	146.50878184000018
8816.33729770001	0.00015395829350859532	146.93895496166684
8842.65374050002	0.00018477407569048756	147.377562341667
8852.77558180002	0.0002044688588444141	147.54625969666702
8906.92873100002	0.00011774352936229264	148.44881218333367
8939.8233759	8.03388648268566e-05	148.997056265
8940.329462	0.00011648612387127994	149.00549103333333
8942.3534603	0.00013849002142950857	149.03922433833336
8969.1762246	0.00010071850596154255	149.48627041
8996.5054887	0.0002793412281612482	149.94175814500002
9019.78600540001	0.00011390353731918228	150.32976675666683
9023.32813320001	0.00010275732145915397	150.38880222000017
9024.84648690001	9.564750881264374e-05	150.41410811500018
9032.43827880001	0.00010829071382451447	150.54063798000016
9075.45649240002	0.00018255814025814406	151.25760820666702
9078.99910800002	0.0001290886520044218	151.31665180000033
9090.63912930002	0.00012358640655965898	151.51065215500032
9097.72410160002	0.00010092513756410747	151.62873502666702
9098.73701010002	0.00015340751085617894	151.64561683500034
9107.84674160002	0.00012259533050816397	151.79744569333369
9160.47943710001	8.554299675173409e-05	152.67465728500017
9193.88143980002	0.00013546038451884315	153.23135733000032
9210.58322100002	0.00012527989798548058	153.50972035000035
9213.11276480002	0.00010101797173723083	153.55187941333367
9231.33314380001	0.0001260772044517507	153.85555239666684
9236.89987370001	3.154496628783387e-05	153.9483312283335
9255.62517380001	0.00016385881085153518	154.2604195633335
9273.33861430001	0.00018286051501660724	154.55564357166682
9382.6537159	9.861538418599978e-05	156.37756193166666
9399.3552346	2.7306657704481574e-05	156.65592057666666
9426.1777197	0.00011107149361659556	157.102961995
9433.2634741	4.8253308891983396e-05	157.22105790166668
9445.4104744	0.00017244235769038773	157.42350790666666
9451.4824638	9.533600333174243e-05	157.52470773
9475.7748349	9.488010520560493e-05	157.92958058166667
9484.8845868	0.00012149737517968564	158.08140978
9490.9577764	0.00012481850733593705	158.18262960666667
9494.5006611	0.00015221973998418898	158.241677685
9499.0550987	0.00011731168200208832	158.31758497833334
9532.45724790001	0.00010474744227806289	158.87428746500018
9546.62882110001	0.00013739176914615613	159.11048035166684
9560.79836850001	0.00011545210416236223	159.3466394750002
9634.68868550001	0.000139178098279499	160.5781447583335
9638.73723040001	0.00010248398653365913	160.64562050666683
9645.31659690002	1.3947412057692696e-05	160.75527661500033
9673.65711040002	0.00017498184222217842	161.227618506667
9679.73123570002	0.00010815784421233921	161.32885392833364
9696.43135330002	4.680802118234207e-05	161.607189221667
9710.60249700002	0.00012633011890084532	161.84337495000034
9719.71207820002	0.00013191659189998659	161.99520130333366
9725.27902180001	0.0001597846846222211	162.08798369666684
9784.99862010001	9.77131142964257e-05	163.08331033500016
9808.27830740002	0.00010230461728959791	163.47130512333368
9831.05310200002	1.3408728128502099e-05	163.85088503333367
9834.59518470002	0.0001341398018805272	163.90991974500034
9852.81524880002	0.00014160814714923246	164.2135874800003
9872.04714770002	0.0001585717929560265	164.53411912833366
9917.08834690002	0.0001388126368300833	165.284805781667
9946.94715900002	0.00011716358155527295	165.78245265000032
9948.97136270002	0.00018626867260287188	165.81618937833366
9980.34920290003	8.843194342615863e-05	166.33915338166716
9995.53271990003	9.88599736690801e-05	166.59221199833382
10002.6175225	9.50654922986807e-05	166.7102920416667
10020.8367989	0.00013715949715218198	167.01394664833333
10040.5753252	0.00010645528969604567	167.34292208666665
10145.8429298	0.00016304377783457556	169.09738216333332
10184.8119938	3.414927149544425e-05	169.74686656333333
10234.408544	0.00016281682546714715	170.57347573333334
10260.7258721	0.0001808979343026399	171.01209786833334
10290.0789192	8.808869146187893e-05	171.50131531999997
10322.4687849	0.00018811070562157358	172.04114641500001
10364.979954	0.00012622797561320591	172.7496659
10371.5591918	0.00012258101891693792	172.85931986333333
10375.6084747	0.00015086584107437955	172.92680791166669
10397.875822	8.814254777554045e-05	173.29793036666666
10398.8887365	0.00011593360388205614	173.31481227499998
10406.4794687	1.1748184709659279e-05	173.4413244783333
10418.1204965	0.00019311642720133183	173.63534160833333
10419.1323812	9.421697221546474e-05	173.65220635333333
10488.4674704	0.00011576583069360757	174.80779117333336
10496.0581498	7.853182275863901e-05	174.93430249666665
10544.6429256	9.66778920441318e-05	175.74404876
10568.429222	0.0003157234740820236	176.14048703333336
10577.5390587	0.00013245596769989414	176.292317645
10594.240514	0.00011659140291813219	176.57067523333333
10595.7581614	0.0001988521606521216	176.59596935666664
10663.5744853	6.270384116859345e-05	177.72624142166666
10677.2400772	0.00014923131822142493	177.95400128666668
10706.592914	0.00013091070299308286	178.44321523333335
10727.8491022	0.00016057719500334536	178.79748503666667
10737.9707292	6.889785022105419e-05	178.96617882
10802.7498174	0.00011551068146113639	180.04583029
10810.3414408	0.00010901366541799056	180.17235734666667
10820.9701024	0.00011486115796785792	180.34950170666667
10831.5978504	0.00010359170976959525	180.52663084
10855.8904405	0.00013949176431989535	180.93150734166665
10860.4444621	0.00010693603153913833	181.00740770166666
10866.0121288	0.00011055346434472051	181.10020214666665
10925.2251101	7.289356242160146e-05	182.08708516833335
10992.0288439	0.00010268884236039605	183.20048073166666
11033.0222756	0.00010354496316757739	183.88370459333333
11047.1925387	1.2478073252390383e-05	184.11987564499998
11062.3765401	1.2091066690024817e-05	184.372942335
11105.8998139	1.2019294974866318e-05	185.09833023166667
11146.8936331	0.0001681806560081381	185.78156055166667
11152.460724	0.00016705899052811394	185.8743454
11179.7899995	0.00012882920159133866	186.329833325
11183.838445	7.778750763434326e-05	186.39730741666665
11217.7464953	0.00011383544568891822	186.96244158833332
11293.1546083	7.432438752533413e-05	188.21924347166666
11297.7094966	9.645545593950976e-05	188.29515827666668
11338.7030518	0.00011674159518498903	188.97838419666667
11341.7387805	0.00014117134364941222	189.028979675
11380.7075696	9.12039163454673e-05	189.67845949333332
11384.7567078	8.8736257716064e-05	189.74594513
11389.3120011	0.00017227280780914963	189.82186668499997
11393.359797	0.00010160518088178302	189.88932995
11439.414858	5.06430047984247e-05	190.6569143
11450.5485121	0.0001299192076456795	190.84247520166667
11525.4504012	0.0001140418044671804	192.09084002
11529.4987822	0.00010548067517173075	192.15831303666667
11540.6340239	8.676631330455888e-05	192.34390039833335
11579.6022184	0.00011149259792520397	192.99337030666666
11604.4011793	9.654232883083409e-05	193.40668632166668
11604.9065075	1.134987034664774e-05	193.41510845833332
11619.5842485	0.0001176674375993405	193.659737475
11633.2481292	0.00011253180039449635	193.88746881999998
11641.8514874	0.00011860817194766531	194.03085812333333
11674.7479557	8.477633217720511e-05	194.579132595
11687.3998817	7.02724968036956e-05	194.78999802833332
11703.0891925	9.602870630995461e-05	195.05148654166666
11734.9721975	0.00010397867134431393	195.58286995833333
11735.9845199	0.000100362142246959	195.59974199833331
11757.7468033	5.943247266393094e-05	195.96244672166668
11769.8939266	0.00014353943435842936	196.16489877666666
11779.0031556	8.99775784331967e-05	196.31671925999999
11782.5459104	0.0001641184821601787	196.37576517333335
11797.7283744	0.00013536849680584792	196.62880624
11819.4906959	7.513774835036205e-05	196.99151159833335
11843.7826415	0.00013963683490503454	197.39637735833332
11844.7944751	0.00010739665124109962	197.41324125166665
11849.3502059	0.0001327760198209702	197.48917009833335
11860.4832029	7.073893794949738e-05	197.67472004833334
11879.7154028	4.488070496168144e-05	197.99525671333333
11951.0739832	7.081349476779646e-05	199.18456638666666
11962.7144447	0.00015210151162703254	199.37857407833332
11968.281298	0.00015445261180129912	199.47135496666667
11999.1527774	0.00011541221643243083	199.98587962333335
12013.8300571	9.970576777825237e-05	200.23050095166667
12019.3964003	7.960433186007634e-05	200.32327333833334
12025.9756584	8.11887396825691e-05	200.43292764
12026.9879095	0.0001066578910626315	200.44979849166666
12029.5181911	8.036741477074803e-05	200.49196985166665
12034.0733254	0.0001771901394230939	200.5678887566667
12037.61614	9.558300045947372e-05	200.62693566666667
12051.2813266	0.00015189063470605126	200.85468877666665
12079.1164673	0.0001418355977832622	201.31860778833334
12080.1280659	0.00011521393511244802	201.335467765
12084.1774863	0.00011312699710877069	201.40295810499998
12115.5543808	0.00013375857413359973	201.92590634666666
12134.2800523	0.00010020006426238759	202.23800087166669
12138.8345275	0.00010080882619266593	202.31390879166665
12142.8832608	0.0001452627142690234	202.38138768
12221.8341991	0.00020749641877465102	203.69723665166666
12245.1137476	7.708276154727775e-05	204.08522912666666
12307.3654451	9.370030923648252e-05	205.12275741833335
12335.7055446	0.00011874190036678595	205.59509240999998
12344.3100121	9.87591238133474e-05	205.73850020166668
12348.8647452	5.418683621125641e-05	205.81441242
12353.9255113	0.00013733874845270124	205.89875852166668
12438.9491895	6.455079003559442e-05	207.31581982499998
12456.1556927	0.00012263288368763483	207.60259487833335
12481.9672039	8.004247109776332e-05	208.03278673166668
12485.508704	8.713883178489635e-05	208.09181173333334
12511.8253495	9.248136945783124e-05	208.53042249166668
12516.8865258	9.930134236688077e-05	208.61477543
12518.4058114	0.00013399182977790386	208.64009685666667
12562.4347164	0.00011688074777462333	209.37391194
12578.1237757	0.00017994990567941733	209.63539626166667
12644.4225107	1.2351314193553877e-05	210.74037517833332
12732.9884392	0.000181347524909977	212.21647398666667
12832.1826651	9.549869809938101e-05	213.86971108499998
12832.6885914	0.00011723850518221041	213.87814319
12837.7492118	6.213639484637102e-05	213.9624868633333
12849.8955704	0.00017483765677063043	214.16492617333333
12851.9201945	7.145228330465246e-05	214.19866990833333
12862.5486528	0.00012150836359967442	214.37581088
12908.0962704	0.0001174657794545442	215.13493784
12977.9368954	0.000150795975291925	216.29894825666668
13003.7474919	3.543651533388642e-05	216.729124865
13007.7971067	7.398488068081492e-05	216.796618445
13041.1996846	0.00017545767944373902	217.35332807666666
13065.9973021	0.00011333586294305779	217.76662170166668
13081.6869446	0.00011832546280715565	218.02811574333333
13098.3874375	9.3744517385942e-05	218.30645729166665
13133.8140864	7.854357918470134e-05	218.89690144
13135.8378468	0.00011198440513469236	218.93063077999997
13167.7219436	0.0001076018959837387	219.46203239333332
13169.2400762	9.958590664578971e-05	219.48733460333332
13223.8984315	7.882747767583672e-05	220.39830719166667
13229.4655372	0.00011719948386266519	220.49109228666666
13231.9954825	0.00010877167609860912	220.53325804166667
13234.5269139	9.293916336332599e-05	220.575448565
13281.5929055	9.203114900427837e-05	221.35988175833333
13289.1848966	1.3502731602603206e-05	221.48641494333333
13291.2092182	1.3028018345765922e-05	221.52015363666666
13295.7636277	0.0001599714904698578	221.59606046166667
13343.8422707	0.0001627254380309419	222.39737117833334
13370.1591695	0.00011620163258742807	222.83598615833336
13377.2444486	0.00013901623924045164	222.95407414333334
13377.7503479	9.724510342302764e-05	222.96250579833335
13384.8363314	0.0001501268069001798	223.08060552333333
13401.0309779	0.00013585870963892262	223.35051629833333
13439.9998094	0.00013000700086125702	223.99999682333333
13444.554812	0.00014263084689882546	224.07591353333333
13482.0058384	0.0001268923054163885	224.70009730666666
13496.6830546	7.868624960768646e-05	224.94471757666668
13498.7066594	8.212169493291481e-05	224.97844432333335
13570.5715405	1.3541385181391368e-05	226.17619234166665
13599.9258783	0.0001050674192389597	226.665431305
13611.0594009	0.0001480904362720463	226.850990015
13714.3017919	0.00014693766169702503	228.57169653166665
13722.3991363	0.00012070497480644611	228.70665227166668
13744.6681975	0.00012697541685742223	229.07780329166664
13775.0327172	0.00011181373921615085	229.58387862
13816.027322	1.4613734637311462e-05	230.26712203333332
13832.221232	0.00010386181584869854	230.53702053333333
13836.2706239	0.00011669330863124463	230.60451039833333
13853.4781517	0.00012167285866206377	230.8913025283333
13867.1427316	0.00019712274053885765	231.11904552666667
13879.7943504	0.00013918253832248623	231.32990583999998
13899.0256446	0.00011720046193849564	231.65042741
13962.2871643	1.2928155367698286e-05	232.70478607166666
13973.9279032	0.00015960150272765447	232.89879838666667
13988.6041496	0.0001091903367677634	233.14340249333333
14019.9825821	0.0001474812686942873	233.66637636833332
14025.5486736	0.00011634033155551065	233.75914456
14035.6707683	0.00015744442833171056	233.92784613833334
14136.3828241	0.00013793419153698445	235.60638040166666
14145.4939858	0.00013578980449825963	235.75823309666666
14223.4311513	0.000156970380569678	237.057185855
14226.9743327	0.00015410267828666437	237.11623887833332
14229.5040952	0.00010634256267716996	237.15840158666666
14238.6143454	0.00013358601279770597	237.31023908999998
14249.242329	9.14553388448187e-05	237.48737215
14275.0530632	5.713370193136096e-05	237.91755105333334
14360.0761582	8.168649815449619e-05	239.33460263666666
14420.3009756	0.00019800584949076287	240.33834959333333
14423.8435926	0.00013278863717323914	240.39739321
14457.2463062	0.0001646174446437315	240.95410510333335
14475.4655714	8.854177410422859e-05	241.25775952333333
14495.2033656	0.00017553197513108274	241.58672276000001
14515.4472438	0.00011792624329986083	241.92412073
14578.2023224	0.00016977206471573144	242.97003870666668
14647.0305609	0.00023352544263279164	244.117176015
14687.0127912	0.00018216825604688402	244.78354652000002
14699.158582	0.00019909860057065485	244.98597636666668
14807.4624879	0.00020038220116790087	246.791041465
14812.017448	0.0001546405501962213	246.86695746666666
14821.1269612	8.678987614639598e-05	247.01878268666667
14825.1752014	0.00010808845566162418	247.08625335666665
14850.480556	0.0001299265780888872	247.50800926666668
14992.186457	3.9103102149124684e-05	249.86977428333333
14994.7169993	0.00013100229555171918	249.91194998833333
15005.8513219	0.00018265628617673637	250.09752203166667
15013.4415458	1.3261880287069608e-05	250.22402576333334
15038.2399218	0.00011656742819460202	250.63733202999998
15061.014361	0.0001913480709935391	251.01690601666667
15119.7210184	0.00011089385546069387	251.99535030666667
15133.8914194	0.00018598300905801597	252.23152365666667
15161.7266775	0.00010018214635123728	252.69544462500002
15177.9221204	0.00023584451932250633	252.96536867333333
15199.6842521	0.00016333368233692808	253.32807086833333
15305.4578833	0.00014152405110200275	255.09096472166667
15319.1216798	0.00014969169805645615	255.31869466333333
15343.4142144	0.00018135423440884897	255.72357024
15355.561251	1.2734426645174727e-05	255.92602085
15366.1886444	0.00018208827088727673	256.10314407333334
15382.8891453	0.00016852565232352226	256.38148575499997
15413.2544006	0.00019031640629252054	256.8875733433334
15440.5844415	4.97911504123861e-05	257.34307402499996
15490.6871507	0.0001526504930124389	258.1781191783333
15524.0889415	0.00016740903708245422	258.73481569166665
15577.7348808	0.0001521702061528566	259.62891468000004
15593.9298116	1.549898998248614e-05	259.89883019333337
15626.3200914	0.00013764981390667556	260.43866819
15633.4052728	0.00017590572254360342	260.5567545466667
15676.9285448	9.752739804433091e-05	261.2821424133333
15683.508193	9.80060852869319e-05	261.3918032166667
15737.6605703	7.86715924423542e-05	262.29434283833336
15761.9530872	0.0001333391526021926	262.69921812
15780.6777794	0.00012813400650382815	263.01129632333334
15799.4037021	0.00014587147528546287	263.32339503500003
15802.440473	0.00011421833887060388	263.3740078833333
15838.8784961	0.0001837470717712987	263.98130826833335
15914.2877256	0.00016443807595962004	265.23812876
15962.3659582	0.00011636729408933405	266.0394326366667
16056.4992665	0.00019289158260291962	267.60832110833337
16088.3837083	0.00026902523314898324	268.1397284716667
16146.5844913	0.00023203959446044638	269.10974152166665
16238.6935815	0.0002116424353589966	270.644893025
16256.9118021	0.00019159721785910015	270.948530035
16284.2407536	0.000196096657825339	271.40401256
16292.3388449	0.0003001266829369272	271.5389807483333
16298.9197589	0.00045294531018427546	271.6486626483333
16302.9674289	2.955665024630542e-05	271.716123815
16359.1440873	0.0002626826465276638	272.65240145499996
16368.2539603	0.0003032964914019127	272.8042326716667
16376.3516328	8.707327691863039e-05	272.93919388
16394.0638678	0.00022146874327405664	273.23439779666666
16458.8448787999	0.00037243028710785446	274.31408131333166
16556.0145531	0.00039523661110292936	275.93357588500004
16591.439824	0.0002740648574862741	276.5239970666667
16639.0124136	0.00044415219846663393	277.31687356000003
16648.1229323	9.5600604774246e-05	277.46871553833336
16703.286774	0.00018662510475144634	278.3881129
16801.9744872	0.00022164627772782342	280.03290812
16809.0604186	3.7748257708194227e-05	280.1510069766666
16871.308592	0.00037414991552396436	281.18847653333336
16885.9857362	9.352625995870078e-05	281.43309560333336
16891.5524984	0.0002112226227063471	281.5258749733333
16973.0336665	0.0001621088735605081	282.88389444166665
17079.3130067	0.00039257707542950186	284.6552167783333
17098.5451995	0.00023799909810868084	284.975753325
17176.9889491	0.00027031980590535795	286.28314915166663
17369.8097201	0.0004100550774781777	289.4968286683333
17418.9007066	0.00030264287035032295	290.31501177666667
17487.223347	0.0003412267057736744	291.45372245
17540.8694891	4.927750222196737e-05	292.3478248183334
17596.0332897	0.00032757581070736705	293.267221495
17617.2892379	0.0005044017853477146	293.62148729833336
17650.6918676	0.0002547741502091969	294.1781977933333
17720.0262723	3.999289015286171e-05	295.333771205
17813.1470861	0.00022285559255736854	296.88578476833334
17843.512319	0.00024328665374102881	297.3918719833334
18034.309883	0.0003673990022112889	300.57183138333335
18068.7239079	0.00022404289624657842	301.14539846499997
18070.2418725	4.420536437008338e-05	301.170697875
18117.8145256	0.00028271813290637124	301.96357542666664
18195.2477273	0.00035681221015605784	303.25412878833333
18199.8024943	3.777135571468021e-05	303.33004157166664
18233.7098483	0.00030685702913377103	303.89516413833337
18263.5689481	0.00045460321045869744	304.3928158016667
18266.6063574	0.000518463102876317	304.44343929
18283.307455	0.0002854094165647733	304.72179091666663
18290.89857	0.0005228401449462609	304.8483095
18303.0445476	4.921302898538045e-05	305.05074246
18401.7322654	0.00010552708669261226	306.6955377566667
18463.4755028	0.00027643383453563946	307.7245917133333
18486.2497411	0.000701297786232985	308.1041623516667
18613.7856448999	0.0005304726418579978	310.22976074833167
18630.9934462999	4.87652635274841e-05	310.5165574383317
18635.5473388999	4.954195708345398e-05	310.5924556483317
18651.2365278999	0.00023629362125908896	310.85394213166495
18669.9614519999	0.0002422567752555333	311.16602419999833
18849.6252473999	4.9107284138019844e-05	314.16042078999834
18852.1554604999	0.00042948935402023855	314.2025910083317
18882.5212543999	0.00038882037279889045	314.7086875733317
18899.7279577999	0.000717580066120646	314.99546596333164
18940.2166390999	4.895358982113446e-05	315.67027731833167
18947.3011070999	5.2082790804262454e-05	315.7883517849983
18994.8747475999	0.00023546538820071113	316.5812457933317
19038.9046184999	0.0007929373925185075	317.3150769749983
19105.2018169999	4.9911102780270254e-05	318.42003028333164
19116.8420229999	0.00039268361854837957	318.614033716665
19152.7744484999	0.00042748583550388013	319.2129074749983
19236.2807984999	0.00011929138727128066	320.60467997499836
19309.1579874999	0.0006268019109363056	321.819299791665
19313.7118811999	4.666050747967935e-05	321.8951980199983
19492.3639933	0.0006331990183900385	324.8727332216667
19567.2661709	5.244522969845158e-05	326.1211028483333
19577.3870711	4.546813996912208e-05	326.28978451833336
19646.7225379999	0.0003092771241985559	327.44537563333165
19673.0394962999	0.0002542199002136848	327.88399160499836
19701.8857324999	0.0003888508055625709	328.3647622083317
19740.8549365	0.00039801055487532545	329.01424894166666
19890.6591255	0.0003447365919233903	331.510985425
19895.720494	0.00024827084600913355	331.59534156666666
19951.8962473	0.0005102596363168156	332.53160412166665
19985.298417	0.00031147463727563516	333.08830695
20152.8155585	0.0003074603693217167	335.88025930833334
20157.8764701	0.00018374722943630616	335.964607835
20176.6010078	0.00039036720915443105	336.2766834633333
20199.3759287	0.00031736228382611345	336.6562654783333
20207.4729539	0.0003493387752000852	336.79121589833335
20271.7460087	0.0004081768584215511	337.86243347833334
20302.1119401	0.00022799912461649965	338.368532335
20369.9287943	0.0004364447897340986	339.49881323833336
20398.7759701	0.00019304498363269143	339.97959950166666
20561.7371514	0.00022827316224445412	342.69561919
20613.8652427	0.0004488462972975779	343.5644207116667
20622.4687523	0.0002853076142067253	343.7078125383333
20679.6566283	0.00046730897612356077	344.660943805
20696.8646474	0.0003624195221228547	344.94774412333334
20732.7977317	0.00020188063393828575	345.54662886166665
20811.7472149	0.00036789978324511805	346.86245358166667
20838.5699474	3.4949556140637015e-05	347.3094991233333
20852.7411981	0.0003017893825294678	347.545686635
20859.3198724	0.00043710901806424404	347.65533120666663
20885.1307215	0.00024078979051288225	348.085512025
20899.3012202	0.00036080119039959345	348.3216870033333
20902.8436433	0.000378965275858588	348.3807273883333
20919.0385579	0.00029423272309624327	348.65064263166664
20919.5454864	0.00034474728425897596	348.65909144
20953.4535372	0.00023767695941713708	349.22422561999997
20960.0327597	0.00017630508024296288	349.33387932833335
20985.3369056	0.00027808791442344717	349.75561509333335
21034.9346131	0.0004238198193038473	350.58224355166664
21058.2136794	0.00018434065113791408	350.97022799
21067.829565	0.00025829089402763225	351.13049275
21130.0794433	0.0006046100734930172	352.1679907216667
21171.5795342	0.00027374477021294494	352.8596589033333
21240.9138938	0.0003580928995293636	354.0152315633333
21307.2121526999	3.481996530383902e-05	355.12020254499834
21313.7918573999	0.00016744383530104757	355.2298642899984
21325.4306042	0.00022973739981779995	355.4238434033333
21332.0108821999	0.0003535125421142763	355.53351470333166
21364.9063822	0.00022682694889317707	356.0817730366667
21500.5386871	0.00032666967894781835	358.34231145166666
21614.9165827	0.0005548088022314826	360.2486097116667
21654.3918112	0.0004195475123383821	360.90653018666666
21692.3489289999	0.0002641037293217108	361.53914881666503
21698.4210890999	0.00026536446388756863	361.6403514849983
21698.9273815999	0.00041579733350585214	361.64878969333165
21708.0365097999	0.00019920672770736014	361.80060849666495
21734.3544668999	0.0002663329754043611	362.2392411149983
21798.1213856	3.0416359405110082e-05	363.30202309333333
21803.1829984	0.00037703027812466337	363.3863833066667
21813.3044347	0.00019798059790140566	363.5550739116667
21838.6087763	0.0004152122461367428	363.97681293833335
21926.1625329	0.00042720880078515584	365.43604221500004
21941.346102	2.813986136428301e-05	365.6891017
21949.9498547	0.00014652043404062148	365.83249757833335
21969.1817008	3.0379931422368136e-05	366.15302834666664
21989.9305836	0.0003930431364842291	366.49884305999996
22036.9972047	0.00028790104528891565	367.283286745
22040.0339945	0.00042794331318524696	367.33389990833336
22055.7231051	0.00033261233593711	367.59538508500003
22066.8567538	0.00017378711078928314	367.78094589666665
22073.4362039	0.0004424986518730783	367.8906033983333
22107.344388	0.00019177577493909915	368.4557398
22129.6119452	0.0002954122060365859	368.8268657533333
22138.2158524	4.343468092215169e-05	368.9702642066667
22157.4484993	0.0004209655666215044	369.2908083216667
22217.6730616	0.0003397949137236396	370.2945510266666
22267.7758485	0.00028567846987180757	371.129597475
22289.0313312	0.00014776637997226963	371.48385552
22293.0801512	0.0002863424791437074	371.55133585333334
22305.2264905	0.00033044661519491663	371.7537748416667
22332.0497564999	0.0002140259249324915	372.2008292749983
22346.2191396999	0.000375947530801136	372.436985661665
22375.5734509	0.00022498205799509563	372.92622418166667
22378.6098436	0.00028172084720112464	372.97683072666666
22390.2499296	3.2452242918740306e-05	373.17083216
22398.3474914	3.0020213610497736e-05	373.3057915233333
22485.3954163	0.0001371674913045608	374.7565902716667
22520.8221802	0.0003053132410460202	375.3470363366667
22543.5954132	0.00028610832480532124	375.72659022
22567.3830432999	0.0003004651962241103	376.123050721665
22585.0962778999	0.00017673009897542532	376.41827129833166
22610.3995917999	0.0002591073136123878	376.839993196665
22642.2841159999	0.0003369430539390791	377.3714019333317
22648.8634484999	0.00042883065739326114	377.4810574749983
22661.0093839999	7.37537171253652e-05	377.68348973333167
22709.0882878999	0.0002661671123103305	378.48480479833165
22722.2470664999	0.00030651546129573055	378.7041177749983
22746.0324885999	0.0003086364796448306	379.100541476665
22774.3741042999	2.964094930080294e-05	379.57290173833167
22790.0631543999	0.00039207536101149547	379.83438590666503
22847.7577797999	0.00046761093254655455	380.795962996665
22891.7874425999	0.00031335730218575	381.52979070999834
22920.6345684999	0.0002518029598424929	382.010576141665
22937.3361308999	0.00016207053960996912	382.28893551499834
22978.3290460999	0.00035060802813299905	382.9721507683317
23001.1033945999	0.00031537010466208785	383.35172324333166
23019.8290507999	0.0002897710808461316	383.6638175133317
23175.7055361999	0.0003823969918103311	386.261758936665
23210.1199745999	0.0004380063301819377	386.83533290999833
23246.5577575999	0.0002845750357214808	387.44262929333166
23340.6914659999	0.00017035898387114808	389.01152443333166
23468.2267793999	0.00021571781262756984	391.13711298999834
23509.7266453999	0.00014426729188345779	391.82877742333164
23535.5372471999	0.00017854571783955004	392.25895411999835
23552.7439796999	0.00013851611923835559	392.54573299499833
23589.6887152999	8.532438065818183e-05	393.1614785883317
23594.2443563999	0.00019034202978553323	393.2374059399983
23595.7618760999	1.337028068594888e-05	393.2626979349983
23606.3899930999	0.00011402044620488548	393.43983321833167
23623.5972952999	4.588816413504143e-05	393.7266215883317
23630.6826513999	0.00013985805608836722	393.844710856665
23633.2134415999	0.0001221782322818522	393.8868906933316
23648.3963607999	0.00010138396050192004	394.139939346665
23665.6039141999	0.0001691558639774504	394.42673190333164
23688.3767031999	4.0374725230882506e-05	394.80627838666504
23698.4985328999	5.819666292695061e-05	394.97497554833166
23699.0051855999	5.837119060584842e-05	394.98341975999836
23800.7296621999	4.426615152420773e-05	396.6788277033317
23849.3149870999	0.00014910305195309467	397.4885831183317
23850.3272187999	8.89466371578376e-05	397.505453646665
23863.4856046999	6.519746032204388e-05	397.7247600783317
23868.5467789999	9.501069460109771e-05	397.80911298333166
23869.0519300999	1.0468928916903225e-05	397.8175321683317
23904.9852569999	7.286045732623537e-05	398.4164209499983
23923.2044472999	6.625864049236153e-05	398.720074121665
23956.1003209999	0.0001303752231399782	399.26833868333165
23967.7411118999	2.25353991683987e-05	399.46235186499837
23985.9607749999	8.938829067980364e-05	399.76601291666503
23986.4668524999	0.00011997060030806243	399.774447541665
23992.0344516999	6.912800384561594e-05	399.867240861665
24004.6864681999	6.008363015912334e-05	400.07810780333165
24031.5090015999	8.159808249064699e-05	400.525150026665
24042.1365879999	0.00011048736581287843	400.702276466665
24082.6243608999	9.441332568417229e-05	401.37707268166497
24088.1909061999	9.9942943683928e-06	401.469848436665
24117.5447133999	0.0001948969334470232	401.959078556665
24137.2819186999	5.620959359542362e-05	402.2880319783317
24150.4409265999	6.853768807722257e-05	402.50734877666497
24153.9835250999	7.287361781742182e-05	402.5663920849983
24155.5017659999	7.348898670473304e-05	402.59169609999833
24176.7572836999	8.376519684599658e-05	402.9459547283316
24189.9157728999	0.00013323188234518212	403.165262881665
24212.6900146999	0.00013959376302715768	403.54483357833163
24243.5621853999	0.0001197661941500353	404.059369756665
24252.1650859999	0.00011210429361677706	404.2027514333316
24329.0907977999	7.152231192499603e-05	405.48484662999834
24348.3236108999	0.00012376763289149962	405.80539351499834
24381.2188469999	6.950060102721015e-05	406.3536474499983
24384.7620674999	0.00012306984347388713	406.41270112499836
24405.5119002999	0.00011879095386405127	406.758531671665
24460.1689409999	0.00012195367960842782	407.66948234999836
24473.8337942999	8.531718355788906e-05	407.8972299049983
24477.8825725999	0.00013692420797623784	407.9647095433317
24489.5232055999	8.207766968072887e-05	408.1587200933317
24610.9855322999	0.0002095662434339707	410.18309220499833
24615.0332637999	7.57103634347727e-05	410.25055439666505
24618.0708962999	6.930239266510676e-05	410.30118160499836
24694.9979738999	2.5503955066967423e-05	411.5832995649983
24722.8329011999	3.6236392550891624e-05	412.04721501999836
24744.0886305999	0.00014376023479942648	412.401477176665
24755.7287191999	7.42542374165587e-05	412.59547865333167
24798.2406711999	7.745954074505394e-05	413.304011186665
24824.5568707999	0.00010445900071635273	413.74261451333166
24832.6542437999	8.248526304393484e-05	413.87757072999835
24837.2090804999	4.9448961064648814e-05	413.9534846749983
24857.9592067999	0.000128620094706061	414.29932011333165
24867.0686830999	6.334291281652903e-05	414.45114471833165
24873.1416063999	8.320857478484718e-05	414.552360106665
24874.6599647999	6.961090395874764e-05	414.5776660799983
24875.1661652999	0.0001302140339585563	414.5861027549983
24883.7695805999	3.929449300493957e-05	414.7294930099983
24885.2875738999	0.00010255874090649523	414.75479289833163
24886.8063440999	6.662799546589041e-05	414.7801057349983
24889.3369000999	7.765221924763138e-05	414.8222816683317
24903.5067922999	9.144201209178415e-05	415.0584465383317
24964.2386986998	5.466826914349808e-05	416.07064497833
24971.3240314999	0.00011568133647844736	416.18873385833166
24977.9026805998	0.0001066493554669387	416.29837800999667
24986.5065707998	8.894739263144975e-05	416.4417761799967
24991.0617149998	8.287603773935529e-05	416.5176952499967
25004.7256511998	8.4688761354518e-05	416.74542751999667
25005.2324337998	8.728636229645005e-05	416.7538738966633
25026.4877482999	8.364819981743996e-05	417.10812913833166
25047.2376586998	0.00012567736571134414	417.45396097833
25080.1332090999	0.00010121235685398559	418.002220151665
