retention_time	intensity	retention_time_min
56.8879975	1.7335662732755348e-05	0.9481332916666666
65.4925428	0.00012420028223443446	1.09154238
117.6193276	0.00012174652818246539	1.9603221266666668
120.1499815	0.00017037712221633038	2.0024996916666664
137.8628099	0.00013330610901869078	2.297713498333333
175.8196219	8.867168364269091e-05	2.9303270316666663
184.4238459	8.644638434124446e-05	3.073730765
191.0024551	0.0001572014245647705	3.1833742516666663
225.4166841	9.551871634208057e-05	3.756944735
234.5274083	9.723032474928466e-05	3.908790138333333
239.0818116	0.00014546988958062676	3.98469686
260.3373972	0.00011538562019408006	4.33895662
276.0259215	1.664303971436106e-05	4.600432025
296.2705599	0.00013566255884318027	4.937842665000001
303.8610098	0.00010630706187880259	5.064350163333333
306.3919221	0.00014441538259284475	5.106532035
307.9101232	0.00010410297293322704	5.131835386666666
385.8484391	3.979079813360214e-05	6.430807318333334
390.403728	9.090261920016647e-05	6.5067288
413.1770782	4.837280695062046e-05	6.886284636666667
419.7564298	0.00011650699376966753	6.995940496666666
427.3483986	5.545496817554111e-05	7.12247331
428.3600361	1.6840422402701654e-05	7.139333935
450.6281836	9.37461081679547e-05	7.510469726666667
479.4763466	1.5940816354002315e-05	7.991272443333333
487.0671246	0.00017896901478137175	8.11778541
501.2373726	0.00017162106362520894	8.35395621
504.2738674	0.0001825116426189044	8.404564456666666
516.9271303	0.0001483779234792773	8.615452171666668
517.9403913	8.059627998485232e-05	8.632339855
534.6411334	4.696880106491744e-05	8.910685556666666
535.1473447	1.6313941132774815e-05	8.919122411666667
537.1712011	8.209925578134084e-05	8.952853351666667
540.7137989	0.00010210116139156198	9.011896648333334
545.2695037	0.00014607686359026834	9.087825061666667
555.3909427	4.797789293267735e-05	9.256515711666667
571.080057	0.0001448852980237043	9.51800095
601.4453649	0.00010732553459642387	10.024089414999999
604.9877341	0.00016895197070921562	10.083128901666667
618.6519539	0.0001014028525063292	10.310865898333333
622.7007333	8.980620254292213e-05	10.378345555000001
625.7376971	9.9592382605479e-05	10.428961618333334
628.2687502	1.663003132358789e-05	10.471145836666667
648.5114378	0.0001248179737882255	10.808523963333332
650.5355981	0.00017061140397891625	10.842259968333334
656.1026728	0.00010950000660775902	10.935044546666667
683.4316267	1.8262678682048226e-05	11.390527111666668
703.1702606	0.0001569780506695042	11.719504343333334
716.327875600001	1.614076294803933e-05	11.938797926666684
717.340471700001	9.989798947239898e-05	11.95567452833335
720.377258000001	9.91934199284649e-05	12.00628763333335
747.199214700001	0.00023266357390819357	12.453320245000016
765.925729800001	9.575003378934015e-05	12.765428830000017
773.515962300001	1.6996807621821786e-05	12.891932705000016
776.046869900001	0.00016349436746258697	12.934114498333349
787.687168300001	0.00014419281550239423	13.128119471666682
794.772259800001	0.00015530273184356905	13.246204330000017
824.632188500001	0.0001571023592005173	13.74386980833335
839.308686500001	1.586607061952775e-05	13.98847810833335
843.357483700001	0.00014108278424262058	14.055958061666683
854.491212100001	1.619256049000847e-05	14.241520201666683
883.845096700001	1.8713793488048998e-05	14.730751611666683
894.472116300001	0.0001407829266921032	14.907868605000015
901.052114300001	0.00016160646708150364	15.01753523833335
901.557380400001	0.00015765991488741378	15.025956340000016
918.764466700001	1.6606311948462863e-05	15.312741111666684
942.045990700001	0.0001226432150284458	15.700766511666682
952.673354100001	1.6477293739983178e-05	15.877889235000017
956.215208200001	1.6394314597424855e-05	15.936920136666684
974.941542300001	0.00015459512331850712	16.249025705000015
1003.7879332	0.00017505424378211934	16.729798886666668
1027.5749379	0.00012526064472517706	17.126248965
1037.697135	0.00013503242839845356	17.294952249999998
1041.7459075	1.6564780993349425e-05	17.362431791666666
1063.0016492	0.0001411871231120598	17.716694153333332
1080.2086904	0.00012913445200108108	18.003478173333335
1105.5132078	0.000114776857500554	18.42522013
1106.5251428	0.00015329154282697118	18.44208571333333
1112.093141	0.00011999736915388911	18.534885683333336
1113.1048877	0.00011526242184547627	18.551748128333333
1117.6591271	0.00019566347600792305	18.627652118333334
1132.3364018	0.00012196310021276612	18.87227336333333
1142.4573638	6.863138509956805e-05	19.040956063333333
1148.0244156	1.5241320914479254e-05	19.133740260000003
1161.1834463	1.5016863938202602e-05	19.353057438333334
1184.4633822	8.85275128324507e-05	19.741056370000003
1203.6947728	6.92808175679852e-05	20.061579546666668
1214.3226132	6.930700444439263e-05	20.238710219999998
1217.3597088	7.414700988421734e-05	20.289328479999998
1234.5663141	0.00014733432953068862	20.576105235
1235.5790348	0.00011094001121043962	20.592983913333335
1239.1217274	9.41289771894112e-05	20.65202879
1255.8223515	0.00010554151378667978	20.930372525
1258.8588305	0.00012847802606102512	20.980980508333335
1283.6573486	1.3740411864265494e-05	21.39428914333333
1299.8521612	0.0001550262593028732	21.664202686666666
1301.37129	0.000149439601494396	21.6895215
1303.395373	6.796845223151161e-05	21.723256216666666
1310.4810927	0.00013195744101381876	21.841351545000002
1310.9874821	0.00011737260384523762	21.849791368333335
1342.8701849	8.874707990661291e-05	22.38116974833333
1345.9076803	0.00011303542003864642	22.43179467166667
1348.9433114	6.374464216672844e-05	22.482388523333334
1349.4500123	0.0001046840248164685	22.490833538333334
1355.5227232	0.00018256738472054507	22.592045386666666
1363.1138746	3.7925577375330475e-05	22.718564576666665
1371.7176957	0.0001238864494178202	22.861961595
1378.8033526	8.575322611368488e-05	22.980055876666665
1383.3574338	7.985162965816486e-05	23.05595723
1392.467708	0.00013242368815085073	23.20779513333333
1406.13233	8.39069281092086e-05	23.435538833333332
1415.7472119	0.00010469120241473886	23.595786864999997
1417.7721746	5.669672292941468e-05	23.629536243333334
1418.7841494	9.323475680959894e-05	23.64640249
1444.5954991	0.00015445584659704446	24.076591651666668
1454.716949	1.5681398585607544e-05	24.245282483333334
1467.874917	7.474392697251392e-05	24.464581950000003
1470.4056312	0.00015244162243334704	24.50676052
1475.4671176	2.8728202476371054e-05	24.591118626666667
1492.1677255	1.5736670253461805e-05	24.869462091666666
1500.2656635	1.4429241724108408e-05	25.004427725000003
1500.7710876	3.173123502902703e-05	25.01285146
1501.7833375	8.726990001646227e-05	25.029722291666666
1513.4241357	0.00011402036136579273	25.223735595
1514.4356321	1.5245756513071882e-05	25.240593868333335
1517.4717907	1.436495410875994e-05	25.291196511666666
1530.6315811	1.4574686360846562e-05	25.510526351666666
1581.2406757	0.0001663349173052314	26.354011261666667
1595.9166879	8.345426636367065e-05	26.598611464999998
1609.0752221	8.723347254189579e-05	26.817920368333333
1618.6911272	0.00013762331284949744	26.97818545333333
1626.7882612	9.25927435327718e-05	27.11313768666667
1629.3190023	0.00015307684457597714	27.155316705
1643.9949944	0.00010097602507877278	27.399916573333332
1647.5381182	1.5437382204197458e-05	27.45896863666667
1696.6293285	0.00013199003906649485	28.277155474999997
1707.7626459	0.00014352795016232248	28.462710765
1711.8120859	0.00012262766427504365	28.53020143166667
1713.8364926	8.74232121953106e-05	28.563941543333332
1719.909743	0.00011498192964955481	28.66516238333333
1721.9335838	9.928263612258221e-05	28.698893063333333
1736.104873	7.819125766328197e-05	28.935081216666667
1737.6226788	1.3744285431546128e-05	28.960377979999997
1774.0610932	9.717607713063774e-05	29.567684886666665
1777.0982493	0.00010879241743385223	29.618304154999997
1782.6657251	9.621761320312573e-05	29.711095418333333
1786.2082438	0.00013589824182598647	29.770137396666666
1827.200906	0.00015069754383647047	30.453348433333336
1831.7565277	0.00011600154668728916	30.529275461666668
1832.7680986	1.628081732597344e-05	30.546134976666668
1837.3231829	1.5214169869249425e-05	30.62205304833333
1837.8287539	0.00014101720409890006	30.630479231666666
1839.8537718	0.0001482131384330563	30.66422953
1843.9017904	0.00012567244895063506	30.731696506666665
1847.4455481	0.00011945824245859795	30.790759135
1909.6948079	0.00011368457336798007	31.828246798333332
1929.4309856	0.00012450221158956875	32.15718309333333
1950.181587	1.4842741157436955e-05	32.50302645
1961.3152598	1.4868350667076813e-05	32.68858766333333
1963.8462202	0.0001289766138018667	32.730770336666666
1989.151418	8.859102760418821e-05	33.15252363333333
2000.2847059	0.00012065833581242448	33.338078431666666
2000.7910924	1.5296627093725835e-05	33.346518206666666
2005.8518975	0.0001033133739498011	33.43086495833333
2007.3694133	0.00012594637785495597	33.45615688833333
2010.9120945	0.00010183453495982737	33.515201575
2039.2534351	0.00019274255239174894	33.987557251666665
2065.064789	1.449744136268217e-05	34.41774648333333
2076.1984866	8.741799561001601e-05	34.60330810999999
2121.7463949	7.604514096423817e-05	35.362439914999996
2125.2895149	7.738288544288382e-05	35.421491915000004
2140.9781255	0.00013880807418053886	35.68296875833333
2173.8738676	5.640504672964136e-05	36.231231126666664
2196.6491557	1.4659107345059751e-05	36.61081926166666
2202.2160145	8.561434017919177e-05	36.70360024166666
2211.3259852	4.8782787599087993e-05	36.85543308666667
2226.001959	0.00010135497892117493	37.10003265
2227.5204156	1.5479258481601698e-05	37.12534026
2231.0626176	0.00010293937787924497	37.18437696
2259.4044045	8.47240051347882e-05	37.656740075
2259.9107885	7.647483601789261e-05	37.66517980833333
2269.0204485	1.414609457764477e-05	37.817007475
2279.6479832	0.00011636694799219583	37.994133053333336
2280.1535794	0.00010514661399605685	38.00255965666667
2317.6045407	5.711119767458102e-05	38.626742345000004
2338.860664	0.0001744939077041159	38.98101106666666
2341.8981286	0.00011846341208857036	39.031635476666665
2347.9708862	9.441536108234444e-05	39.13284810333334
2384.9155106	1.2844272895701365e-05	39.74859184333333
2385.9274797	0.0001244456547725542	39.765457995
2396.0489229	0.00014949317570181006	39.934148715
2413.7621271	0.0001340832471910696	40.229368785
2422.3655769	0.00015322424092955225	40.372759615
2425.4026865	0.00011527828110807604	40.42337810833333
2439.5734813	9.190642050751101e-05	40.65955802166666
2442.1041667	0.00012185332628175253	40.70173611166667
2443.1156755	1.3915039715069463e-05	40.71859459166667
2447.6710114	0.00013151423387366024	40.79451685666667
2450.201436	7.539644159695843e-05	40.8366906
2466.9015928	5.075114997492102e-05	41.11502654666666
2468.4204117	1.4036488632003817e-05	41.140340195
2477.0244345	0.00011210723167864541	41.283740575
2486.6401301	0.00011274364789797193	41.444002168333334
2487.652444	1.3766090265171609e-05	41.46087406666666
2492.713458	0.0001342895896747862	41.5452243
2496.2549866	8.700392110853541e-05	41.60424977666666
2497.2671329	0.0001272072727602295	41.62111888166667
2497.7733577	1.4782728385762196e-05	41.62955596166667
2512.4509566	1.4704118819736326e-05	41.874182610000005
2519.0299579	0.00014974703447390657	41.98383263166667
2520.0420134	0.00015057881143768338	42.00070022333333
2552.43161759999	0.00012780962738867798	42.54052695999984
2578.2426515	1.373291015625e-05	42.970710858333334
2585.8340731	0.00012464497590355714	43.097234551666666
2601.0169506	0.00016377820975702287	43.35028251000001
2602.0289769	0.00016728137321909205	43.367149615
2620.7544723	6.10754126657604e-05	43.679241205000004
2649.601047	1.4047877037995762e-05	44.160017450000005
2652.1313244	0.0002496874831925446	44.20218874
2662.7597031	0.00013961009259846576	44.379328385
2672.8812589	0.00010534196152513322	44.54802098166667
2679.4603583	9.131962491353544e-05	44.65767263833333
2681.9919521	7.465391877653637e-05	44.69986586833333
2700.2107746	0.00013487907452395943	45.003512910000005
2704.7651617	1.4857428119762757e-05	45.079419361666666
2705.7777462	8.196453970104213e-05	45.09629577
2715.3933391	6.19784365981819e-05	45.256555651666666
2718.9359316	1.4507317007121159e-05	45.31559886
2739.1792348	0.00012110674928221909	45.65298724666666
2750.313566	1.4103939136174472e-05	45.83855943333333
2760.4356439	8.78484221132426e-05	46.00726073166666
2761.9544279	1.5301037716377925e-05	46.03257379833334
2764.4847125	6.951052529008742e-05	46.07474520833333
2820.6606002	7.08428411157284e-05	47.01101000333333
2827.746675	9.864161637878381e-05	47.12911125
2838.8803186	0.0001267719530046134	47.314671976666666
2844.9523751	1.3633000829492362e-05	47.415872918333335
2855.0747393	7.891092364796107e-05	47.584578988333334
2871.2698092	8.171986946689583e-05	47.85449682
2875.3184145	7.261763422529351e-05	47.921973575
2894.0440617	0.00010764808726671608	48.234067695
2908.214808	0.00013710008863536204	48.470246800000005
2913.7822413	1.5082314749206745e-05	48.563037355
2939.591632	0.00010532450678199465	48.993193866666665
2945.6655364	0.000136428899096233	49.09442560666666
2946.171588	0.0001296805607908653	49.102859800000004
2950.726111	1.3570145438787638e-05	49.178768516666665
2967.9337712	0.00011457451480875604	49.46556285333334
2970.4641718	3.892561534648663e-05	49.50773619666666
2985.1403637	1.5703897361839467e-05	49.752339395
2999.3108823	0.0001269351072693861	49.98851470499999
3003.8660073	0.00010673515788332322	50.064433455
3016.0121504	7.771357894290378e-05	50.26686917333333
3018.5432126	6.178981467598966e-05	50.309053543333334
3028.6648755	1.304229878341437e-05	50.477747925
3037.26857	8.73696995344146e-05	50.62114283333334
3043.3411911	8.927454353989884e-05	50.722353184999996
3053.9693724	7.647325429128634e-05	50.89948954
3084.3340514	0.00013710594903708798	51.40556752333334
3094.4561799	0.0001425568856803436	51.574269664999996
3127.8583179	7.10552358862614e-05	52.130971965
3134.4372099	0.00017423488946342915	52.240620165
3135.9565206	6.994944396301172e-05	52.26594201
3142.5356254	9.528395415025356e-05	52.37559375666667
3147.0897409	0.00011400130771748026	52.451495681666664
3154.1746863	9.097995624916253e-05	52.569578105
3164.2967789	0.00011441146029751332	52.73827964833333
3182.0104269	6.891313222799541e-05	53.033507115
3197.1935101	0.0001083419738295933	53.28655850166667
3202.2538287	1.3160280518690522e-05	53.370897145
3202.7607454	0.00014160657920244578	53.379345756666666
3208.3266394	0.0001885122716252376	53.47211065666667
3226.04060549999	7.877342614275177e-05	53.76734342499983
3227.05272389999	0.00011839108142143901	53.78421206499983
3232.61933809999	0.0001149650749139688	53.876988968333166
3258.93602399999	1.3370072311293313e-05	54.31560039999984
3278.16769149999	3.1469819576883945e-05	54.636128191666494
3298.41215989999	1.269360927547417e-05	54.97353599833317
3302.96594279999	1.3434387793455543e-05	55.049432379999836
3313.59403729999	0.00012244258553124776	55.226567288333165
3332.82648049999	0.00015809816987739215	55.54710800833316
3336.36811549999	6.454638827724844e-05	55.60613525833317
3338.39331229999	7.75550969423445e-05	55.63988853833317
3348.00909619999	1.2882366530810184e-05	55.80015160333316
3389.50869269999	1.3238802400283134e-05	56.491811544999834
3391.02624919999	0.00011088933244621867	56.51710415333317
3393.05071319999	1.3069218939912088e-05	56.55084521999983
3410.25759749999	1.3972117862576459e-05	56.837626624999835
3413.80076559999	9.715797348295472e-05	56.8966794266665
3419.87399359999	0.00014046499069381515	56.99789989333317
3422.91102289999	7.78629317159456e-05	57.04851704833316
3442.14135799999	7.48709964223575e-05	57.36902263333317
3470.48351199999	7.694584033269285e-05	57.8413918666665
3483.64117379999	1.2811442611142824e-05	58.06068622999984
3488.70185459999	9.521443119098957e-05	58.14503090999983
3496.79972199999	1.2136796257982977e-05	58.279995366666505
3512.48851109999	1.325876212661116e-05	58.54147518499983
3537.28790999999	6.621687385222881e-05	58.95479849999983
3566.64074119999	1.4567264830932325e-05	59.444012353333164
3577.26780639999	8.866935895231591e-05	59.621130106666506
3577.77503409999	9.100467587692767e-05	59.6295839016665
3586.37805109999	1.9174101158083754e-05	59.77296751833317
3594.47621709999	1.3140205407690932e-05	59.90793695166651
3606.11516749999	0.00010092441830648278	60.10191945833317
3611.17695009999	8.25947258261819e-05	60.1862825016665
3612.69488859999	1.3113382089859306e-05	60.2115814766665
3616.74427059999	1.360602632070674e-05	60.279071176666505
3622.81646219999	1.253451518027279e-05	60.38027436999983
3625.34713309999	1.3319552036825898e-05	60.42245221833317
3642.04884969999	0.0002459055739438903	60.7008141616665
3650.14617589999	0.0001223992138689666	60.835769598333165
3659.76184079999	0.0001522227168074155	60.99603067999983
3661.27979959999	1.4257452845850954e-05	61.02132999333317
3670.38885689999	1.3375958052995545e-05	61.173147614999834
3679.49903949999	7.132720834558181e-05	61.3249839916665
3688.60840209999	1.3722294306620092e-05	61.476806701666504
3693.16336669999	0.00012463772329250185	61.55272277833317
3695.69375379999	6.987109436091293e-05	61.5948958966665
3696.20081409999	8.856690181866895e-05	61.603346901666505
3707.33399909999	0.00014239481006285363	61.78889998499983
3712.39502859999	7.945267841421044e-05	61.8732504766665
3714.92547879999	1.5586763720248764e-05	61.915424646666494
3725.04732259999	1.3974886197843395e-05	62.08412204333317
3774.64460449999	1.4004652034191268e-05	62.91074340833316
3786.79007829999	0.00018814580227960074	63.1131679716665
3791.85113119999	9.676298447958827e-05	63.197518853333165
3794.88734329999	7.71180516708473e-05	63.248122388333165
3804.50312569999	8.455798556545447e-05	63.40838542833317
3821.71052889999	0.00022760464486417994	63.6951754816665
3850.05274859999	9.331795808881013e-05	64.16754580999984
3869.28296109999	0.00011592468965810181	64.4880493516665
3879.91098149999	7.089390242757082e-05	64.66518302499983
3884.97253109999	0.00010741393660742527	64.74954218499984
3886.99679329999	0.00012119399290370492	64.78327988833317
3895.59957499999	0.00022610690225371375	64.92665958333318
3903.19174459999	0.00014753063028925099	65.05319574333318
3927.48387259999	7.47086363183584e-05	65.45806454333317
3936.59405499999	0.00011145379656765292	65.6099009166665
3956.83754159999	0.0001317015301506022	65.94729235999984
3973.03229739999	1.3577507199850345e-05	66.2172049566665
3986.19055839999	0.00013158905089883605	66.43650930666651
3993.27660459999	0.0001074332567193139	66.5546100766665
4001.87892789999	3.838141560399316e-05	66.69798213166649
4004.91663369999	3.0053371624492296e-05	66.7486105616665
4024.65392989999	9.771382333602183e-05	67.07756549833317
4031.73892959999	0.00011295771919130666	67.1956488266665
4034.77513149999	0.00013324896464215287	67.2462521916665
4044.39061049999	1.4285428577142743e-05	67.40651017499984
4058.56142829999	0.00016988976599095258	67.6426904716665
4063.11613289999	0.00010043489351468609	67.71860221499983
4066.65900119999	0.00015596660141424634	67.77765001999984
4086.39628969999	0.0001397158394772478	68.10660482833318
4086.90341189999	0.00015444899287535068	68.11505686499983
4097.53136999999	1.5435121212006876e-05	68.29218949999982
4100.06138129999	0.00017926425283401934	68.33435635499983
4120.30494249999	0.00013660502943787538	68.6717490416665
4125.87156109999	0.00019119208093865532	68.76452601833316
4134.98196759999	0.00013101132288927106	68.91636612666649
4138.01867479999	1.5537322028608007e-05	68.96697791333317
4141.05475959999	1.5286385333766335e-05	69.01757932666649
4162.81699509999	0.00017306506558550482	69.3802832516665
4172.43234899999	1.4976945488577917e-05	69.54053914999983
4185.59118009999	0.0001260684116756738	69.7598530016665
4190.14522219999	5.319405190133607e-05	69.83575370333317
4193.68771519999	1.4162781343651391e-05	69.89479525333316
4198.24366239999	0.00010760518823578796	69.97072770666651
4202.79759519999	0.0001585829189608108	70.04662658666649
4204.82190799999	0.0001264301429539038	70.08036513333316
4224.05356639999	0.00011604871775627372	70.40089277333317
4225.06637589999	0.00010714912939747318	70.4177729316665
4256.44459609999	1.3329115408812856e-05	70.94074326833316
4273.14499549999	9.095037830042091e-05	71.21908325833316
4302.49793849998	8.22515611867626e-05	71.70829897499966
4315.65713769998	7.414652973194896e-05	71.92761896166634
4328.81446419999	1.4351338629083594e-05	72.14690773666649
4330.83926969999	1.4879495922356806e-05	72.18065449499983
4339.94915719999	2.8483797941001192e-05	72.33248595333316
4350.57687349999	0.0001093430847825989	72.50961455833317
4352.60202919999	0.00013317378482403927	72.54336715333316
4362.21687739999	0.00011159601688062826	72.70361462333317
4376.38830219999	9.211749474115826e-05	72.9398050366665
4390.05197329999	0.00026515298180945226	73.16753288833317
4394.10078549999	0.00011790587929245244	73.2350130916665
4405.23535179999	1.4512388581136668e-05	73.4205891966665
4423.45415609999	0.0001515838104644746	73.72423593499983
4423.96071929999	6.597055945979537e-05	73.73267865499983
4429.02066049999	1.2893883055919052e-05	73.81701100833317
4456.35060829999	0.00015722718890314304	74.27251013833317
4466.47240799999	0.00015079926521747989	74.44120679999983
4507.97180709999	1.3938564383622744e-05	75.1328634516665
4508.98395289999	0.00017276571561685296	75.14973254833316
4515.56246509999	8.666558200448792e-05	75.25937441833317
4517.08128029999	1.4907573047107931e-05	75.28468800499984
4523.66068209999	1.5384136767027076e-05	75.3943447016665
4524.67208019999	0.00011405695416235184	75.4112013366665
4542.38627109998	0.00013423410872835873	75.70643785166634
4542.89185689998	1.3564001742220669e-05	75.71486428166632
4580.84903989998	0.00010771485528219308	76.347483998333
4594.51361119998	0.0001034961481630339	76.575226853333
4618.29976519998	1.4358747891657185e-05	76.971662753333
4620.32412229998	1.41371485622677e-05	77.005402038333
4625.38438299998	0.00016637639295980064	77.08973971666633
4626.39759749998	9.52041619820806e-05	77.10662662499968
4626.90348139998	1.4950051876680012e-05	77.11505802333299
4627.40874419998	0.00019594038204246095	77.12347906999966
4633.48202459998	0.00011098958062059917	77.22470040999967
4650.68951889998	0.00014979911554505111	77.51149198166632
4657.77532949998	1.4315394871080325e-05	77.62958882499967
4659.79979919998	8.361795991709005e-05	77.66332998666634
4661.31687589998	0.0001541661814131535	77.688614598333
4664.86018729998	7.717584484618759e-05	77.747669788333
4681.05490279997	0.00010134957423539595	78.01758171333283
4695.73135429998	1.3266939670803004e-05	78.262189238333
4703.32352559998	6.840561475728985e-05	78.38872542666633
4703.82870759998	6.451742978689087e-05	78.39714512666633
4710.91393809997	1.3650522951534273e-05	78.51523230166617
4716.98757179998	0.00011044259406824551	78.61645952999967
4733.68817489998	0.00010618559678110245	78.89480291499967
4757.47470379997	1.34038594775116e-05	79.29124506333282
4767.09010899997	0.0002513136061946903	79.45150181666617
4783.28501529998	5.638196608640489e-05	79.72141692166633
4795.43154829998	1.4064934991870468e-05	79.923859138333
4814.66345369997	9.274220410338536e-05	80.2443908949995
4833.89414919998	1.4197666219177261e-05	80.56490248666634
4834.40105679998	9.130229617741693e-05	80.57335094666634
4852.62022839998	0.00012780889444687375	80.87700380666634
4853.12583009998	1.291447204346839e-05	80.88543050166633
4855.15028379998	0.00013472436477319594	80.91917139666633
4857.17447009998	9.553890502322706e-05	80.95290783499966
4863.75351569998	8.389469915479045e-05	81.06255859499967
4864.76628989997	0.00012323713611758433	81.0794381649995
4871.85158699997	7.662426162788872e-05	81.1975264499995
4881.97411769998	0.00015344956470240954	81.36623529499965
4888.55286159998	1.3056027184389402e-05	81.47588102666633
4892.09500819998	0.00010186769143222462	81.534916803333
4901.71138749998	1.319581147349416e-05	81.69518979166634
4916.89394069998	5.5945820312446436e-05	81.94823234499967
4920.43719529997	5.0020147780195266e-05	82.00728658833283
4923.97930869997	0.00012546385434611618	82.06632181166616
4946.24694219997	8.197753755633338e-05	82.43744903666617
4956.87548409997	0.00010195909268473675	82.61459140166616
4963.45404289997	1.2473825755622785e-05	82.72423404833283
4972.56364479997	8.221620757401876e-05	82.87606074666616
4973.06995539997	0.00012012312194030364	82.88449925666617
4996.35011229997	0.00015175337053738546	83.27250187166617
4999.89275259997	1.5190121074379035e-05	83.33154587666617
5000.90547609997	0.0001212810026354964	83.34842460166617
5008.49603039997	3.0495242742132227e-05	83.4749338399995
5012.54536829997	1.3502926084082421e-05	83.54242280499949
5020.13724649997	2.6385278421855455e-05	83.66895410833284
5023.67914849997	0.00012892869645403393	83.72798580833283
5028.74008399997	1.1574827271424812e-05	83.81233473333283
5037.34337549997	3.088444399970845e-05	83.95572292499949
5054.55089059997	0.00013956957106020423	84.24251484333284
5057.58714429997	1.4366678500552957e-05	84.29311907166615
5065.17959849997	7.388268338272471e-05	84.4196599749995
5065.68533359997	0.00012604541555032544	84.42808889333284
5110.72773389998	0.00010848134342283624	85.17879556499967
5118.82500489998	1.3761067682710511e-05	85.31375008166633
5126.41656229998	3.185229356421346e-05	85.440276038333
5157.28741329997	1.3814995717351328e-05	85.95479022166616
5163.86680489997	1.2655184196205975e-05	86.06444674833283
5169.43415219997	1.289714242314378e-05	86.15723586999951
5174.49493339997	1.2957030455931988e-05	86.24158222333284
5179.55529729997	5.714436178431589e-05	86.32592162166617
5181.07357899997	1.302295483899721e-05	86.35122631666617
5195.24489559997	0.00010973263775196952	86.58741492666617
5223.58504589997	1.317156697741808e-05	87.0597507649995
5231.17689059997	0.0001288335894452781	87.18628150999949
5232.69479369997	7.760172027724296e-05	87.2115798949995
5240.28651319997	7.692292837541994e-05	87.33810855333283
5244.33507009997	1.2242213000359649e-05	87.40558450166617
5248.38476959997	1.2675370796847043e-05	87.47307949333283
5248.88962809997	0.00012628237092200884	87.48149380166616
5255.97560099997	6.855995670761025e-05	87.5995933499995
5258.00010659998	1.4217937602843082e-05	87.63333510999968
5261.54226239998	1.4116818872116365e-05	87.69237103999967
5263.06053919998	1.3726722909626002e-05	87.71767565333299
5264.57917639998	1.3748362799130003e-05	87.74298627333299
5265.08466809998	9.893304515913e-05	87.75141113499967
5270.14612609998	7.994722909781128e-05	87.83576876833301
5271.66378369997	1.2664576167293986e-05	87.86106306166616
5275.71341809998	1.3315673790848049e-05	87.928556968333
5281.27981159997	6.844909249104863e-05	88.02133019333284
5284.31703919997	9.16422573046516e-05	88.07195065333283
5285.32910959997	1.4201506117062068e-05	88.08881849333284
5294.43910579998	0.00010704640431725923	88.240651763333
5314.17552849998	0.00012282650182661374	88.56959214166633
5355.16903469998	0.0001692797697795131	89.25281724499968
5355.67631339998	0.00013090928440087385	89.26127188999968
5359.72416799998	1.5267073015082036e-05	89.328736133333
5372.37641319998	1.2476367680219052e-05	89.53960688666633
5385.53546969998	0.0001188538137406501	89.75892449499968
5422.47966879998	1.837282879095763e-05	90.37466114666633
5425.51679469998	0.00010234967813638756	90.42527991166634
5430.07061299998	0.00010868515119312144	90.501176883333
5437.66179519998	6.757465104323893e-05	90.62769658666633
5444.24236179998	0.00012476396341445302	90.73737269666634
5448.29102779998	1.577713430443348e-05	90.804850463333
5477.64303209998	1.4355353701559853e-05	91.29405053499967
5487.76621239998	0.00010644424608736756	91.46277020666633
5515.60018039997	0.00012550414655214222	91.92666967333282
5516.10695909997	1.4031569159733512e-05	91.9351159849995
5532.30235069997	1.3762658970179987e-05	92.20503917833283
5535.84428649997	1.3369861776426795e-05	92.26407144166616
5540.90557699997	0.0001388778082127017	92.34842628333284
5544.95424799998	7.824796780998986e-05	92.415904133333
5547.48464689998	0.0001410683416340496	92.458077448333
5561.14933849997	1.4397765466799553e-05	92.68582230833285
5579.87461599997	0.00015595958503539754	92.99791026666617
5584.93469629997	1.5521635607873814e-05	93.08224493833283
5592.02054209997	0.00013767347541144897	93.20034236833284
5598.59923029998	0.00014902359243117017	93.30998717166634
5600.11813619998	1.7230242368247036e-05	93.33530226999966
5601.63687819998	8.631902333948684e-05	93.36061463666633
5603.66136309998	1.7323072531011765e-05	93.39435605166634
5621.88049379998	0.0001147600415967891	93.69800822999967
5627.44645559998	0.0001352930731049503	93.79077425999967
5627.95293969998	1.4607928079651513e-05	93.79921566166632
5628.45948729998	1.5779601743891453e-05	93.80765812166632
5650.22113579998	0.00021768666060290073	94.170352263333
5693.74493819998	0.00013755283320627284	94.89574896999967
5718.54405059998	0.00012024785657235214	95.30906750999968
5722.59272169998	1.7000217224997874e-05	95.37654536166633
5755.99514729998	0.00012183457613268083	95.93325245499967
5756.50139169998	0.00018646447364160826	95.94168986166633
5766.62273059998	0.0001817178829866632	96.110378843333
5771.68290619998	0.0001291318534993635	96.194715103333
5795.46996259998	9.383664625255427e-05	96.591166043333
5804.58000039998	0.0001015476866271685	96.74300000666634
5831.90844879998	1.8009127025576564e-05	97.19847414666633
5841.52376679998	0.00016239111295621614	97.35872944666633
5848.60982119998	0.00011099557457393257	97.476830353333
5860.75616449998	0.00013678103580634077	97.679269408333
5877.45608069998	0.00018259341001372324	97.95760134499966
5900.73712279998	0.00016345602899567817	98.345618713333
5915.41427499998	0.00013029743051828056	98.59023791666634
5927.05415729998	0.00012928874327449902	98.78423595499967
5943.75509359998	0.00012302762033931784	99.062584893333
5948.31029819998	5.821525183260674e-05	99.13850496999967
5959.95022799998	0.00015870351993462145	99.33250379999966
5978.16872689998	0.0001057351433477031	99.63614544833301
6019.66836169998	0.00012714404770964384	100.327806028333
6030.80281669998	0.00015653346434503718	100.513380278333
6042.44357659999	0.0001568907499377847	100.70739294333316
6048.01003989999	0.00018326786092612225	100.8001673316665
6068.25326639998	0.0002070241154072377	101.13755443999966
6070.27802429998	0.00015567333859098004	101.17130040499966
6090.52200419998	0.00018234503474039325	101.50870006999966
6098.11353219998	0.00014181441163016532	101.63522553666634
6099.12559829998	0.00012598593187747547	101.65209330499967
6100.64355439998	0.00015445030775236977	101.677392573333
6118.86295299998	0.00017665866982764317	101.98104921666634
6161.88046639998	0.00010319271347183033	102.698007773333
6207.42916939999	0.00012990145182332284	103.45715282333317
6217.04421649999	0.00013860774817312288	103.61740360833318
6229.69714799999	0.00011562019766501825	103.82828579999983
6230.20310679999	0.00012284566666747275	103.8367184466665
6253.98999339999	0.00017401438733271712	104.2331665566665
6257.02618999999	9.757031248176392e-05	104.28376983333315
6266.64177059999	0.00016663822350251208	104.44402950999984
6268.15981009999	0.00012106712677251031	104.46933016833317
6283.84945169999	0.00011320162387519038	104.73082419499983
6324.33635789998	0.0001403696400521373	105.40560596499967
6339.51971369998	0.00011601140878008054	105.65866189499965
6352.67745509999	0.00011030472131331333	105.87795758499983
6367.35492539999	0.00015281582926080612	106.12258208999984
6376.96987049999	0.00027303497667084296	106.28283117499983
6401.26313789999	0.00011676882853951714	106.68771896499985
6414.42115679999	0.00012494144769073276	106.90701927999983
6437.19496689999	0.0002999855528430073	107.2865827816665
6440.73790729999	2.1588511457742648e-05	107.34563178833316
6465.5365475	0.0001065137086398897	107.75894245833334
6509.06086629999	0.00022282223446314268	108.4843477716665
6510.07273549999	0.0002166999056629741	108.50121225833317
6526.26763459999	0.0001076571689119871	108.77112724333317
6541.95630689999	0.00016470816707488277	109.03260511499982
6555.11453739999	0.00013172187390135144	109.2519089566665
6567.26054189999	0.00017799136741868018	109.45434236499983
6572.32166939999	0.0001392028149450987	109.53869448999984
6590.54137759999	8.382980686322169e-05	109.84235629333315
6609.26727609999	0.00016868876922078763	110.1544546016665
6618.37600129999	0.00017566103504584852	110.30626668833317
6624.45033159999	0.00023414059757933948	110.4075055266665
6631.53502979999	0.00019261169814460439	110.52558382999983
6639.63232029999	0.0001647058343599827	110.6605386716665
6647.72993609999	0.00010017951811862865	110.79549893499983
6661.89987529999	0.00011487620204195775	111.03166458833316
6700.36397869999	0.00010247440657903207	111.67273297833317
6728.70427689999	0.00019686967565238413	112.1450712816665
6766.15553709999	0.00013711785037835353	112.7692589516665
6771.21601509999	0.0002809769461718288	112.85360025166649
6774.25296149999	0.00010698860571349152	112.90421602499984
6775.26478619999	0.00012423187944779146	112.92107976999984
6782.85673859999	5.165254572154216e-05	113.04761230999983
6794.49642199999	0.00019118220658615923	113.24160703333317
6817.27024589999	0.0002456570407250032	113.62117076499983
6824.35548559999	0.0001969336428658544	113.73925809333316
6827.89915079999	0.0001986989013922574	113.79831917999984
6830.93472849999	0.0001623960315183199	113.8489121416665
6864.84346529999	0.00011718039922460628	114.41405775499985
6882.55637389999	0.00030534513421416387	114.70927289833317
6930.1290188	9.78280304923886e-05	115.50215031333333
6934.1783127	0.0001681293429328816	115.569638545
6942.781117	0.00016664571957901008	115.71301861666667
6979.7268248	0.00019946726016925132	116.32878041333333
6986.3062501	0.00014980173549342061	116.43843750166667
7051.5921083	0.00011419805539594804	117.52653513833334
7052.6041367	0.00017615596739567626	117.54340227833333
7122.445754	0.00012398257366103346	118.70742923333334
7146.2325352	0.00017475303349922272	119.10387558666666
7147.2442192	0.00017667730420879474	119.12073698666667
7205.9503478	0.00020356029715866048	120.09917246333333
7225.1820336	3.955137664499119e-05	120.41970056
7226.7002661	0.00014374741703860008	120.445004435
7246.9435489	3.483619248157552e-05	120.78239248166666
7271.2366806	0.00018236621009780452	121.18727801
7353.2237772	0.00013091181340270096	122.55372962
7355.2479162	0.00016292022088097762	122.58746527
7426.1004476	0.00011410238339743202	123.76834079333334
7434.1986293	0.00013148016322211977	123.90331048833333
7460.0097264	9.496132900096105e-05	124.33349544
7476.7104445	9.727440249491262e-05	124.61184074166667
7487.8447129	0.00015965613422196432	124.79741188166666
7496.9543778	0.00010428783705386204	124.94923963
7497.4602118	0.00011385709373485158	124.95767019666667
7506.0641292	0.0001794548865403569	125.10106882
7527.3195425	2.186949162179776e-05	125.45532570833333
7562.7458493	0.00017014637525555187	126.045764155
7568.8191621	0.00012011641932953979	126.146986035
7573.8797487	0.0001521108715756922	126.231329145
7594.123784	0.00016565186062389504	126.56872973333334
7608.8008751	0.00010130543588920596	126.81334791833333
7617.4034851	7.059248549912694e-05	126.95672475166666
7627.52562	0.000166468217913251	127.125427
7644.2266774	1.6600626913452815e-05	127.40377795666667
7661.4342668	0.00014925878005259997	127.69057111333333
7683.7022033	0.00013255163990971483	128.06170338833334
7684.2081761	0.00019502510757805861	128.07013626833333
7717.6095528	0.00010162190968372781	128.62682587999998
7751.01284	0.00022898800520745161	129.18354733333334
7804.1522704	8.710227482107741e-05	130.06920450666667
7839.0724596	0.00012569021551549282	130.65120766
7868.9315019	0.00010281001431431738	131.148858365
7978.2478372	0.00018732932931743608	132.97079728666665
8008.10688910001	8.940866456001397e-05	133.46844815166685
8020.2533496	0.00010045992570136845	133.67088916
8137.16033	0.00010950554137500814	135.61933883333333
8187.2636253	0.00014514884864790854	136.454393755
8192.83170870001	8.52165935025135e-05	136.5471951450002
8197.89266340001	8.6569018970751e-05	136.6315443900002
8223.7035179	0.00018664278190033345	137.06172529833333
8225.7276386	7.371304105454403e-05	137.09546064333333
8269.7574286	0.00020054041501424845	137.82929047666667
8277.855169	9.157438982336487e-05	137.9642528166667
8292.0248317	0.00018131865492778475	138.20041386166668
8324.41467419999	0.00011634829542192122	138.74024456999985
8330.9937202	0.00020198704255114017	138.84989533666666
8334.5364981	0.00012336928500516171	138.908941635
8356.8055488	0.00014093136397780347	139.28009248
8380.0847277	0.00020200872425177863	139.66807879499999
8425.1276294	0.00016044181615358462	140.41879382333335
8443.3474302	1.9853268463440404e-05	140.72245716999998
8456.5047618	0.00017525296585662142	140.94174603000002
8464.6026916	9.696807506091205e-05	141.07671152666666
8481.81003130001	0.00015169580256109067	141.36350052166685
8483.83426130001	0.00018501183043776305	141.3972376883335
8499.52325560001	0.00012912368183193217	141.65872092666683
8509.64491770001	0.00010896364636883531	141.82741529500018
8541.0232815	0.0001752973755055087	142.350388025
8544.0591776	0.00012754339922692613	142.40098629333335
8569.3632308	0.0001341417829569593	142.82272051333334
8606.3084056	0.00018003665757677974	143.4384734266667
8614.4058485	0.00016974090879200368	143.57343080833334
8616.4306464	9.808627728396126e-05	143.60717744000002
8633.6368583	1.861560926282932e-05	143.89394763833334
8654.8931258	0.000150010590077637	144.2482187633333
8689.81396720001	0.00016498762792533452	144.83023278666684
8747.5080547	0.00012207176736443804	145.79180091166666
8857.83591120002	1.7682486204713678e-05	147.63059852000032
8893.26371540002	0.00016209490179750532	148.22106192333368
8957.53611380001	9.663314601550503e-05	149.2922685633335
9041.04192080001	4.992959612923161e-05	150.68403201333348
9074.44447520002	0.00011071612948957042	151.24074125333365
9074.95068640002	2.9042944931381687e-05	151.249178106667
9186.29068740001	0.00011370440950450112	153.10484479000016
9234.87531520001	0.00011868972293565379	153.91458858666684
9246.51612990001	9.776140235823766e-05	154.10860216500018
9310.78881400001	9.870531963455215e-05	155.17981356666684
9329.51393910001	9.196103681609361e-05	155.49189898500018
9465.1469584	5.397019575307471e-05	157.75244930666668
9485.3916947	8.078148428319646e-05	158.08986157833334
9492.98282	9.784872163523088e-05	158.21638033333332
9517.2751658	0.00012553798490798037	158.62125276333333
9534.4814824	5.985151789322657e-05	158.90802470666668
9539.54352990001	5.2772260677797825e-05	158.99239216500015
9558.26792790001	0.0001421531178416288	159.30446546500016
9667.07820490002	0.00015338474269841187	161.117970081667
9709.59083570002	0.00011268424783264572	161.82651392833367
9726.29084730002	8.833448483643924e-05	162.10484745500034
9737.42488750001	0.00012261754544023613	162.29041479166685
9794.10727780001	6.631307766563433e-05	163.23512129666685
9853.82623550002	1.7545008795897742e-05	164.23043725833367
9870.02202280002	8.606220971355474e-05	164.500367046667
9954.03250940002	0.00017591622277039032	165.90054182333367
9955.04481390002	0.0001339694034715726	165.91741356500034
9972.75804560002	0.000126411869956447	166.21263409333366
10013.7519559	1.3330647454735046e-05	166.89586593166666
10022.8616348	0.0001845009146440037	167.04769391333332
10028.9352433	0.0002530224807127255	167.14892072166668
10102.3181859	6.537625174824376e-05	168.371969765
10156.4703216	0.00011098024193692743	169.27450536
10193.9213222	2.273981407928009e-05	169.89868870333333
10203.5362084	5.353688387739502e-05	170.05893680666668
10246.0488991	8.35210630584026e-05	170.76748165166666
10263.761902	0.00010424962303551258	171.06269836666667
10286.5361377	6.946982526525477e-05	171.44226896166668
10309.3100697	9.441512812512718e-05	171.82183449500002
10318.9259605	0.0001246624305556522	171.98209934166667
10324.9988775	8.709193849384732e-05	172.083314625
10349.7971733	0.00011860943188853374	172.496619555
10409.0099931	0.00012017011631830596	173.48349988500001
10427.2298827	0.00016439206730522248	173.78716471166666
10459.1133563	0.0001477655814804282	174.31855593833333
10560.3325003	6.765650660983171e-05	176.0055416716667
10600.3129501	8.599189275135807e-05	176.67188250166666
10633.7160686	3.985471827226036e-05	177.22860114333335
10712.6666106	6.253556881151834e-05	178.54444350999998
10786.0486526	0.00011163312530678073	179.76747754333334
10792.6281535	0.00010166977339055156	179.87713589166665
10796.1707401	6.605795272846748e-05	179.93617900166666
10883.2193038	0.0001252597550999655	181.38698839666668
10940.4076749	0.00013015264600089186	182.34012791499998
10981.9066172	5.103774225940159e-05	183.03177695333335
11027.4556848	1.1801136685485546e-05	183.79092808
11038.0838547	7.372912164039753e-05	183.968064245
11051.2415068	9.506395042229106e-05	184.18735844666665
11066.4251157	5.998309430446716e-05	184.440418595
11122.0952628	8.714016660213361e-05	185.36825438
11253.1724313	0.00014255009627810785	187.552873855
11271.3924678	0.0001494236088779567	187.85654113
11330.0988704	8.10037949513748e-05	188.83498117333332
11370.586207	9.425432698114761e-05	189.50977011666666
11388.8050769	9.675634806582091e-05	189.81341794833332
11397.4093077	0.00015990491747791847	189.956821795
11420.6893294	6.243650795681646e-05	190.34482215666668
11421.7011251	5.156575366635036e-05	190.36168541833334
11470.2864768	1.1141975759517538e-05	191.17144128
11491.5420978	7.688438987339541e-05	191.52570163000001
11505.7131677	0.00014185839161111194	191.76188612833332
11551.2611165	3.0596789085533964e-05	192.52101860833332
11568.9753151	1.1734349962645653e-05	192.81625525166666
11589.2179234	8.437735751085796e-05	193.15363205666665
11671.7113354	8.65238674615076e-05	194.52852225666666
11690.4366154	3.2343061691946993e-05	194.84061025666668
11724.3448685	0.0001157160620123095	195.40574780833333
11744.5880957	0.00010714299283560389	195.74313492833335
11761.2895507	4.7350265546632764e-05	196.02149251166665
11845.8065229	7.328256972811152e-05	197.43010871500002
11853.3980712	0.00010482323959140764	197.55663452
11898.9462634	8.462175109234297e-05	198.31577105666665
11918.1790147	0.00011708132970938741	198.63631691166665
11950.5687231	8.824972643852759e-05	199.17614538499998
11987.0066403	5.853468023871594e-05	199.783444005
11988.5253996	6.024154390188924e-05	199.80875666
12019.3964003	1.1980585062553298e-05	200.32327333833334
12114.0360258	6.470346833516703e-05	201.90060043
12231.4492599	8.298520274639891e-05	203.857487665
12246.6321423	9.248430673066167e-05	204.11053570500002
12255.236177	6.632500852369587e-05	204.25393628333333
12293.1926479	0.00011260943573813154	204.88654413166665
12336.2114666	7.884233432636511e-05	205.60352444333333
12342.791786	9.503958725664962e-05	205.71319643333334
12345.321866	6.692463226981738e-05	205.75536443333334
12346.8397196	8.851364979676198e-05	205.78066199333335
12350.3828741	4.747235408307515e-05	205.83971456833333
12364.5529101	0.00011768101379205895	206.075881835
12412.1258368	7.725667800460617e-05	206.86876394666666
12556.3625502	4.6648703123386674e-05	209.27270916999998
12676.8127087	0.00011053609181681838	211.28021181166665
12693.007266	3.084366478199613e-05	211.5501211
12753.7381705	0.00011253427180095756	212.56230284166668
12768.9213746	0.00012948227610187828	212.81535624333335
12826.6151072	7.38942681236514e-05	213.7769184533333
12829.6524572	7.383678001872083e-05	213.82754095333334
12835.7259966	3.141561229166144e-05	213.92876661
12840.2798529	9.335718364794288e-05	214.004664215
12856.981577	5.3719710404048134e-05	214.28302628333333
12866.0906169	0.00015439073056248796	214.434843615
12872.1633977	0.00010138657222049303	214.53605662833334
12889.8774437	0.00011218243302358179	214.83129072833333
12932.8952847	0.00010099995679605248	215.548254745
13005.7729221	0.00011548838583152567	216.76288203500002
13100.9174152	0.00014750864684578372	218.34862358666666
13136.8501095	0.00012520484741683092	218.947501825
13163.1679245	7.494212638547044e-05	219.386132075
13165.1911175	0.00012623287200870124	219.41985195833334
13168.2278095	2.700689670857e-05	219.47046349166666
13172.2768597	0.00010012245297090757	219.53794766166666
13215.2945046	6.512557492003433e-05	220.25490841
13217.3200363	6.845119951792762e-05	220.28866727166667
13258.819296	8.209847100830274e-05	220.9803216
13268.4349617	0.00010348622519188926	221.140582695
13268.9411559	9.037695717269048e-05	221.149019265
13292.727349	0.00012613853328742684	221.54545581666667
13410.6464226	7.918126571253242e-05	223.51077371000002
13416.7203919	8.476251441617283e-05	223.61200653166668
13460.7501779	0.00013395984665763773	224.34583629833332
13553.3646289	9.922632936264277e-05	225.8894104816667
13556.9073364	0.00012930231809978797	225.94845560666667
13672.802694	0.00012183381707743018	227.8800449
13764.9109133	1.3025691584621695e-05	229.41518188833334
13833.2346271	8.954546244091946e-05	230.55391045166667
13849.9345451	8.37668794765741e-05	230.83224241833335
13869.6723585	9.767259393116854e-05	231.161205975
13900.0385086	9.900647159020026e-05	231.66730847666668
13923.82472	8.82516646215387e-05	232.06374533333334
13928.8861955	0.00012136896486400576	232.14810325833332
14041.7439675	0.00010350385182191424	234.029066125
14046.8056716	6.605602199429617e-05	234.11342785999997
14106.5243768	8.54047236630928e-05	235.10873961333334
14148.530241	9.301969454736901e-05	235.80883735
14177.3776493	0.00012869576997324482	236.28962748833334
14182.9437483	0.00012306238564726015	236.38239580500002
14242.6634524	0.00014595509966520054	237.37772420666667
14253.7968682	8.253162411083329e-05	237.56328113666666
14265.4371291	0.00014839435601113695	237.757285485
14322.625603	9.119357286647751e-05	238.71042671666666
14390.4416393	9.583192042681422e-05	239.84069398833333
14390.9484806	1.2826217015601526e-05	239.84914134333334
14445.0997204	5.2766751851612614e-05	240.75166200666666
14446.6182782	1.469898919950938e-05	240.77697130333334
14455.7281839	0.00011170699189926012	240.928803065
14474.4528186	8.891233002321398e-05	241.24088031000002
14483.5629384	0.00012096362847932296	241.39271564
14491.1545262	9.197018914576587e-05	241.51924210333334
14502.288937	8.341045113995863e-05	241.70481561666665
14599.4582562	6.8974727862578e-05	243.32430427
14605.5321419	0.0001213248797288103	243.42553569833333
14677.3958621	0.0001512747548942508	244.62326436833334
14755.3350395	0.0001790820723862579	245.92225065833333
14768.9991168	8.999102431530713e-05	246.14998527999998
14778.1092924	7.596050053971934e-05	246.30182154000002
14923.3578822	1.621298530418983e-05	248.72263137
14949.6744278	9.556790385599667e-05	249.16124046333334
15032.1675961	0.0001220941675826653	250.53612660166667
15035.20379	0.00012073596136449237	250.58672983333332
15051.9047983	9.209869354014687e-05	250.86507997166666
15083.7889641	9.688203588728935e-05	251.396482735
15089.355789	0.00011026461117045372	251.48926315
15113.6483794	0.00015095556943335828	251.89413965666665
15125.7938759	0.00014552917119903705	252.09656459833334
15174.8854189	1.883015171767075e-05	252.91475698166667
15190.0686638	0.00012869870769935705	253.16781106333335
15210.3126175	0.00012375422862265781	253.50521029166666
15274.0794029	8.961060989621172e-05	254.56799004833334
15402.1205153	0.00010916702182563087	256.70200858833334
15502.8329928	1.3908296113187569e-05	258.38054988
15594.4364653	6.451778043407142e-05	259.90727442166667
15606.5818333	8.229627969165409e-05	260.1096972216667
15619.7404716	0.00012598604657052052	260.32900786
15655.1671273	7.100306253392098e-05	260.91945212166667
15672.8801438	1.587105088576335e-05	261.2146690633333
15693.6295633	1.6970527097029176e-05	261.56049272166666
15701.7277011	0.00012794592857022011	261.695461685
15704.2583419	9.432337626237905e-05	261.7376390316667
15715.8984986	7.136256222228884e-05	261.9316416433333
15751.831412	0.00010652027254697218	262.53052353333334
15764.9895421	0.00010554608148555777	262.7498257016667
15838.372893	9.693354175316903e-05	263.97288155
15850.0123129	9.263949995094483e-05	264.1668718816667
15925.928104	8.694357396279568e-05	265.43213506666666
15971.9824757	0.00016101303733103626	266.19970792833334
16069.6574601	0.00013768211588965405	267.827624335
16120.2678424	0.0001291965418632884	268.6711307066667
16150.1263453	0.00015681972462742785	269.16877242166663
16167.3337412	0.000101601895458312	269.45556235333333
16170.8767377	0.00022574642470727163	269.514612295
16188.5901944	0.00012292986619675568	269.8098365733333
16199.2183606	0.0001955237086150586	269.98697267666665
16253.875625	0.00017640560890932864	270.89792708333334
16310.5586149	0.0001253673129605922	271.84264358166666
16352.0580317	6.896983740202645e-05	272.53430052833335
16378.3752692	0.0001215444527880132	272.97292115333335
16433.5401251999	0.0003434405041967994	273.89233541999835
16438.0941512999	0.00024473831281287146	273.96823585499834
16484.1491476	0.00030627769399529264	274.7358191266667
16489.7155131	0.000259654727343611	274.828591885
16543.8671892	0.00028645470132295306	275.73111981999995
16581.3192403	0.00020255627791782762	276.3553206716667
16629.903472	0.00030822179388678467	277.1650578666667
16631.9274825	3.8476402849647896e-05	277.198791375
16719.48145	0.00031863323368950527	278.6580241666667
16732.1336107	0.00024422707125438295	278.86889351166667
16757.9446441	3.796930055485805e-05	279.2990774016667
16828.2915609	0.00024757060814793605	280.471526015
16849.0408127	0.00024183071144124043	280.81734687833335
16875.8640734	8.332277911464548e-05	281.2644012233333
16904.20568	0.00022815566683883137	281.73676133333333
16938.6195671	0.0003030316223947335	282.3103261183333
16974.0458973	3.738646975351516e-05	282.900764955
17036.2947975	3.806365935562454e-05	283.938246625
17078.3013213	3.7305730408895675e-05	284.63835535500004
17125.3679864	0.0002283914673531545	285.42279977333334
17134.4770664	0.00019959177511295274	285.57461777333333
17146.6229712	0.0003291671998748738	285.77704952
17148.1411887	0.00022427598647270142	285.802353145
17182.0496771	3.2765542881358156e-05	286.36749461833335
17203.8118253	0.0003265630534509421	286.73019708833334
17220.5123326	0.00027230248717437884	287.00853887666665
17227.0916791	3.832739258748227e-05	287.11819465166667
17235.6959953	0.0002819911795191415	287.2615999216667
17345.0109357	0.0002635987033975599	289.083515595
17345.5172516	3.8225715203131454e-05	289.0919541933333
17388.5347915	9.846574114892356e-05	289.80891319166665
17466.4737535	0.00019720326969486834	291.10789589166666
17477.6079179	0.00027328669127657035	291.29346529833333
17511.0101251	0.00025201021047820517	291.8501687516667
17531.2529029	0.0001867515873884928	292.18754838166666
17632.472185	0.000348524128868225	293.8745364166667
17664.3566489	0.00018714206262119139	294.40594414833333
17686.6238335	0.0001419020925940542	294.77706389166667
17700.2888387	0.0002726961580450468	295.0048139783333
17734.7022836	0.0003752035678932187	295.5783713933333
17736.7270328	0.00022673708369837489	295.61211721333336
17750.897586	0.00024367011496799062	295.8482931
17806.5673831	0.0002056312626939381	296.7761230516666
17811.1233403	3.9290569477514006e-05	296.8520556716667
17820.2322496	0.0001282294097836092	297.0038708266667
17838.4517747	0.00018722119133918267	297.30752957833334
17868.3109811	0.000227084130027191	297.8051830183333
17879.9512634	0.0002538193556920778	297.9991877233333
17888.5545208	4.2918495868856337e-05	298.14257534666666
17909.8109326	0.000358651342861077	298.49684887666666
17918.4141761	0.00026723069917185754	298.6402362683333
17920.4384454	4.0081516898367524e-05	298.67397409
17942.2010792	0.0002733127672241165	299.03668465333334
17969.5298096	0.00033433665459754925	299.49216349333335
17983.1940637	0.00048311434373156755	299.7199010616667
18004.4502616	0.000180873422026844	300.07417102666665
18018.6209745	0.0005267896185405253	300.31034957500003
18021.1513682	0.0004252993491330054	300.35252280333333
18025.7056138	0.0001096508876692044	300.4284268966667
18074.2911017	4.670118403068579e-05	301.23818502833336
18128.9494328	0.00017050939682300873	302.14915721333335
18152.229752	0.0002704186572484492	302.53716253333334
18176.5212336	0.0003202887022728956	302.94202056
18212.9600631	0.00025029303280291323	303.549334385
18220.0455669	0.00046499300735706496	303.667426115
18222.5761204	0.00031072553893733945	303.70960200666667
18246.8680712	0.00041637334523789084	304.11446785333334
18247.3739959	0.00030691566694867033	304.12289993166667
18271.1609748	0.000339459774016779	304.51934958000004
18273.1852218	5.031047150973899e-05	304.55308703
18291.9112844	0.00025914849208596524	304.86518807333334
18338.4710095	0.0002885129235211254	305.6411834916667
18343.532262	0.00025300133826962714	305.7255377
18348.5928137	0.00021611102778062855	305.8098802283333
18362.2570449	0.0005772107627606841	306.037617415
18432.0978435	0.00013260748876052573	307.201630725
18448.7993332	0.00043739030462620936	307.47998888666666
18450.8240458	0.0006317509476264215	307.51373409666667
18512.5670059	0.0003126602531837459	308.5427834316667
18633.0167642999	0.0006410838017105119	310.5502794049983
18638.0776247999	0.00015825877114719554	310.6346270799983
18646.6815922999	0.0003958579964719039	310.7780265383317
18688.1811301	0.0005897237721146414	311.4696855016667
18742.3325315	0.00032141264135596777	312.37220885833335
18766.1196883	0.0002909743856005538	312.7686614716667
18809.6432149	0.0002512455211203266	313.49405358166666
18870.3745170999	0.0001385178376613894	314.506241951665
18901.2458771999	0.0004129614539786013	315.0207646199984
18914.9109413999	5.0605523199258685e-05	315.2485156899983
18957.9295601999	0.00032986970146792015	315.96549266999835
18968.0513049999	0.0006609903270539253	316.134188416665
18984.2466517999	0.0003235864197597668	316.40411086333165
19011.0693545	0.0004130022251548457	316.85115590833334
19012.0806433	0.00045192527472986244	316.8680107216667
19024.2277936	0.00012601695210133268	317.0704632266667
19059.6535190999	0.00036192363909732454	317.66089198499833
19065.7265739999	0.00037706697077271136	317.76210956666495
19070.2820713999	0.00040965109518136466	317.83803452333166
19080.9104396999	0.000514762731580392	318.0151739949983
19145.6903264999	0.0005555511732497039	319.0948387749983
19190.7318853999	0.0002817293785091803	319.84553142333164
19192.7557918999	0.00027874044651471385	319.87926319833167
19241.8473776999	0.00033325965347797256	320.69745629499835
19273.7308479999	0.0003141953029842433	321.228847466665
19280.3097985999	0.0004789818725505337	321.33849664333167
19297.0114956999	4.9035525693525786e-05	321.61685826166496
19331.9313733999	0.00034845836839493387	322.1988562233317
19389.6257083	0.0003022517757291824	323.16042847166665
19402.2790577	0.0006633776396240648	323.3713176283334
19429.1009381	0.0003885358801328286	323.81834896833334
19494.3889224	0.00041157039358165104	324.90648204
19500.4612484	0.00027105550708556036	325.0076874733333
19525.2605828	0.00035162478502148047	325.4210097133334
19529.8143866	0.0003910079950328231	325.49690644333333
19536.9001353	0.0005371067418759908	325.615002255
19568.2779481	0.00023838310103337364	326.13796580166667
19583.9662844	5.2973022605354514e-05	326.39943807333333
19617.3692655	0.0005741978991112162	326.956154425
19647.7349344999	0.0005568125675334915	327.4622489083316
19648.7466183999	4.7168080835608755e-05	327.47911030666495
19668.9910793999	0.00043517167114088477	327.8165179899983
19676.0755058999	0.0004296387317676846	327.9345917649983
19677.5936762999	0.00047359539682978783	327.95989460499834
19681.1364539999	0.0003368137420006736	328.01894089999837
19700.3684084999	0.00016608214379693978	328.33947347499833
19746.9288634	0.0005142290694312503	329.1154810566667
19758.5683723	0.00034759284569240887	329.3094728716667
19784.3789017	0.0003779403614006002	329.7396483616667
19787.9223751	0.00031105837363179034	329.79870625166666
19823.3484516	0.0002779379650025052	330.38914086
19832.4581728	0.00024632752220152704	330.5409695466667
19833.470357	4.1498214654587306e-05	330.5578392833333
19839.5441859	0.0003120489916916956	330.65906976499997
19869.9089837	0.00038617219943834046	331.16514972833335
19879.0184733	0.0002374800232999268	331.316974555
19885.0922609	0.00022516256911360712	331.41820434833335
19904.8290727	0.00037511294538164925	331.7471512116666
19905.8419332	0.0003215802436809073	331.76403222000005
19970.6212195	0.00031866652391305633	332.8436869916667
19989.346731	8.0608894130824e-05	333.15577885000005
20021.7375758	0.0003579398421296907	333.69562626333334
20054.1272152	3.494453525709471e-05	334.23545358666667
20055.1386412	0.00031192246259857334	334.25231068666665
20150.7913254	0.0002655735812020091	335.84652209
20158.8884935	0.0003670585356403642	335.98147489166666
20190.7723597	0.0003643128644782608	336.5128726616667
20192.7960677	0.000183700287917656	336.54660112833335
20196.8453403	0.00021179666538825436	336.614089005
20199.8814118	0.0003377541267949641	336.6646901966667
20225.6925561	0.00038105020068918236	337.094875935
20241.8880023	0.00010911831555155926	337.3648000383333
20250.4904539	8.399845572069868e-05	337.5081742316667
20254.5399132	0.00022834538042822798	337.57566521999996
20256.0577808	9.158809556419527e-05	337.60096301333334
20284.9047797	0.0002315794458074502	338.0817463283333
20288.9537041	0.00010580665334345076	338.1492284016667
20298.0633955	0.00020814495841577066	338.3010565916667
20299.0749555	3.1484295633338094e-05	338.317915925
20331.4661245	0.0001284403225063796	338.85776874166663
20383.0864085	0.0004013115202021927	339.71810680833335
20401.8127417	0.00018308779059559058	340.03021236166666
20420.5376813	4.818855216691872e-05	340.3422946883333
20468.6160562	9.298037254656832e-05	341.1436009366667
20482.787226	0.0001928237056999152	341.3797871
20488.8601753	9.425097205106995e-05	341.4810029216667
20503.5367721	7.155128187699046e-05	341.7256128683333
20557.6889113	0.00024354205068631394	342.6281485216667
20588.0539509	0.00029524250455648506	343.134232515
20623.4814644	0.00022484702506329933	343.7246910733333
20637.1458884	0.00036159612084423804	343.9524314733333
20655.8702533	0.00020859254384483064	344.26450422166664
20694.8397197	0.0002988162103173228	344.9139953283333
20695.8519	8.380014310485977e-05	344.93086500000004
20808.2050192	0.00023631330127041504	346.80341698666666
20820.8573536	0.00029702773187872033	347.0142892266667
20821.8689292	0.00021750027479873428	347.03114882000006
20834.5210341	0.00022323250265238618	347.242017235
20835.0275307	0.0004138585638358091	347.250458845
20844.6431874	0.000496197995262004	347.41071979000003
20848.6914687	0.0002460956130980771	347.478191145
20885.6362949	0.0003364596038188165	348.0939382483333
20888.1674082	0.0002150513630461393	348.13612347
20894.2402161	0.00038394612940461276	348.237336935
20896.2642489	0.00030296250316674166	348.271070815
20927.6417872	0.00021560120270508752	348.7940297866666
20955.9832611	0.0003693282189526088	349.266387685
20994.9522328	3.398311567777059e-05	349.91587054666667
21003.0497622	0.00022852160849044507	350.05082937000003
21007.0993097	0.00042871141597256246	350.1183218283333
21018.2326236	0.00020713067743963648	350.30387706
21021.7751043	0.0001633243591942665	350.36291840499996
21023.7998427	0.00035043041997235734	350.39666404499997
21025.3177904	3.818617371993581e-05	350.4219631733333
21026.330711	0.00018971746289492416	350.4388451833333
21059.7330461	0.00033465702137322923	350.9955507683333
21066.3114401	0.00020760930552757845	351.1051906683333
21099.2072037	0.0002359616449408032	351.653453395
21126.030927	3.503982470743693e-05	352.10051545
21149.8172914	0.00019861765241754436	352.49695485666666
21151.3349122	0.0003082071515627259	352.52224853666667
21161.457464	0.00019508489518251152	352.69095773333333
21169.047922	0.0002604367146973119	352.8174653666667
21169.5543497	0.0002483356662965247	352.8259058283333
21179.6761609	0.00038875973254569475	352.99460268166666
21185.2437184	0.0004414268927945307	353.0873953066667
21186.2560611	0.000245318505192575	353.104267685
21195.3654083	0.00015206751475819254	353.2560901383333
21202.9569653	0.00022371346387639913	353.38261608833335
21269.7613734	0.00019148826479717382	354.49602289
21304.6806913999	9.637767197056197e-05	355.07801152333167
21309.7418731	7.56993102278852e-05	355.16236455166666
21318.3454796	0.0003535965124727537	355.3057579933333
21341.6263872999	0.0001977449584398522	355.693773121665
21351.7474770999	0.00026303217044484645	355.862457951665
21358.3266987	0.0001946539732471957	355.972111645
21375.5346033	0.0002268112353428272	356.258910055
21377.0529443	0.00024470953419209477	356.28421573833333
21393.7540439	0.00023450263089991758	356.56256739833333
21399.827467	0.0003709170543088621	356.66379111666663
21409.9485661	0.00036823005611124666	356.83247610166666
21432.7228167	0.0001932870764616741	357.212046945
21434.2403799	0.00013622787962786097	357.237339665
21437.2780137	0.00026553536729811956	357.287966895
21457.5209051	0.00016258077708583175	357.6253484183333
21484.8507604	0.0003415428378934761	358.08084600666666
21495.4777061	0.0002986888507669903	358.2579617683333
21495.984653	0.0005129023100359104	358.2664108833333
21511.1669402999	0.00037820061263701775	358.5194490049983
21529.8930422999	0.0001817707235921417	358.83155070499834
21559.2463114999	0.0002577278919436365	359.3207718583317
21564.8128092999	0.00022546489456980675	359.41354682166497
21565.3196379999	0.0003298514208499282	359.42199396666496
21572.4045732999	0.0002401690038420332	359.540076221665
21658.9455915	0.00015311441474641927	360.982426525
21674.1289893999	0.00017052488129256434	361.235483156665
21684.7573274999	3.223618088652363e-05	361.41262212499834
21688.2988792999	0.0002834315614758134	361.47164798833165
21721.1953818999	0.00018999071083479553	362.019923031665
21722.7141851999	0.00034887489566438646	362.04523641999833
21728.2803115999	2.9368460622767997e-05	362.1380051933317
21732.3292207999	3.0116732454995562e-05	362.20548701333166
21742.9574369999	0.00019739247323038344	362.38262394999833
21756.6216437999	4.877800641500467e-05	362.6103607299983
21767.2504924999	0.00019078275059875418	362.7875082083317
21770.2868145999	0.00019162389039409413	362.83811357666497
21771.8044559999	0.00028350819771161517	362.8634075999983
21785.4689924	0.0003209383359845631	363.09114987333334
21812.7981675	0.00028394822154239534	363.546636125
21821.4023606	0.000245755905349653	363.69003934333335
21828.4878475	0.00015221578220493248	363.80813079166666
21881.627491	0.00020386453801050783	364.69379151666664
21904.4012228	0.000247019771108622	365.07335371333335
21905.9199298	0.00018273897876763278	365.0986654966666
21915.0286145	0.0001682584774567427	365.2504769083333
21916.5476337	2.8939800070998976e-05	365.275793895
21943.3703872	0.0003378345635218976	365.72283978666667
21962.6013666	0.0003316147957545826	366.04335611
21979.8086483	0.00044682652128712983	366.33014413833337
21992.9679916	0.0002823269345902555	366.54946652666666
21999.546207	0.0002454769393171792	366.65910345
22022.8268656	0.00017853663812904028	367.04711442666667
22055.2168106	0.0003291237117106241	367.5869468433333
22076.9780542	0.00014134761866656096	367.94963423666667
22082.0393282	0.00030423254823788975	368.03398880333333
22088.6185918	0.00032147637675066	368.1436431966667
22108.3568876	3.1821122861355366e-05	368.4726147933333
22121.5150221	0.0002994167251554996	368.691917035
22177.184803	0.00021095020987260045	369.61974671666667
22183.7649722	0.0001990659881955322	369.7294162033333
22185.7888422	0.00030580108309626643	369.76314737
22212.6125098	0.00024239198736400032	370.21020849666667
22214.1290857	0.00022223583005770564	370.23548476166667
22221.7210774	0.0002585264131238403	370.3620179566667
22235.3855318	0.00021320681918861372	370.5897588633333
22256.6420708	6.594282817295412e-05	370.94403451333335
22263.2204393	0.00033111579370599133	371.05367398833334
22277.3909729	0.00017356243574852138	371.28984954833334
22337.6162587999	0.00023158219283671058	372.2936043133316
22343.6896223	0.0001871320251745536	372.39482703833335
22349.7621443999	0.00032985719846749577	372.4960357399984
22364.9452978	0.0002909461656341601	372.7490882966667
22365.9581403	3.155600559873664e-05	372.76596900500004
22384.1770554	0.00015753626465037825	373.06961759
22404.9264774	7.358388173372116e-05	373.41544129
22424.6649416	0.00024157788291259073	373.74441569333334
22440.3537207	0.00016133625025596617	374.005895345
22467.1757377	0.00020786801653611283	374.45292896166666
22469.7057314	2.8311145783526686e-05	374.49509552333336
22487.419762	2.7716817887571963e-05	374.7903293666667
22500.0714073	0.0002915829928789246	375.0011901216667
22506.1451813999	0.00021049541599693565	375.1024196899983
22513.7359497	0.00011659346835786337	375.228932495
22566.3707636999	3.157881440499198e-05	376.1061793949983
22623.5586711999	0.00018180310193248735	377.05931118666496
22640.2592838999	0.00020173520195508634	377.337654731665
22682.2648452999	0.00028774708817815427	378.03774742166496
22688.3383084999	0.00016001367788150657	378.1389718083317
22690.8684774999	0.0001911583471754182	378.18114129166497
22697.9543065999	0.00020129651969658094	378.29923844333166
22711.6179133999	8.226805819959963e-05	378.5269652233317
22730.8497973999	0.00020995869426480157	378.84749662333166
22731.3560855999	3.34416843907594e-05	378.8559347599983
22747.0452345999	0.00020177411200638477	379.117420576665
22765.7698226999	0.0003286298073500306	379.4294970449983
22775.3858807999	0.00037372540838899286	379.5897646799983
22782.9781298999	0.00048145769681401553	379.71630216499835
22817.3924283999	0.0002038904234609914	380.289873806665
22818.9103166999	0.00011767286824364078	380.3151719449983
22820.9349491999	0.00027544065621294494	380.3489158199983
22824.4777467999	0.00023393285530623335	380.407962446665
22854.8428305999	0.00025525348551165306	380.914047176665
22863.9518645999	0.0002904890468541745	381.06586440999837
22865.9761446999	0.0002524830437888819	381.099602411665
22869.5188822999	3.191448619804854e-05	381.1586480383317
22877.6162231999	0.00023076118505347383	381.2936037199983
22883.1834240999	0.00028031459641285144	381.38639040166504
22895.8366015999	0.00016137505047190387	381.5972766933317
22918.6110912999	0.00025148540244788624	381.97685152166497
22932.7812042999	0.00034586470526816476	382.21302007166497
22934.8056759999	0.00018873341659950477	382.24676126666503
22945.4325907999	0.0001547200671927149	382.42387651333166
22967.7021224999	0.0003252858762412351	382.79503537499835
22978.3290460999	0.0003308368987270029	382.9721507683317
22982.8848495999	0.00012401086571394828	383.048080826665
22985.9211113999	0.00017923438010922376	383.0986851899983
23003.6339448999	0.00021891569267541136	383.393899081665
23006.6703963999	8.385460781069919e-05	383.44450660666496
23008.1883140999	0.00021640393842170693	383.4698052349984
23028.4329954999	0.00024800591588001954	383.807216591665
23032.9879534999	0.00022911999907775598	383.8831325583317
23048.6763653999	0.000287259404218866	384.1446060899983
23087.1394580999	0.00017054060102565273	384.78565763499836
23101.8157535999	8.542073353233937e-05	385.03026255999833
23103.3342888999	0.00021768492086658389	385.05557148166497
23120.5414989999	0.0003133671916791218	385.342358316665
23132.1817191999	0.00017844647589286466	385.536361986665
23137.2431745999	0.0001761442589914068	385.62071957666495
23152.4255005999	3.186674093741754e-05	385.87375834333164
23182.7905979999	0.0002185670660670506	386.37984329999836
23184.8151077999	0.00020332624857442971	386.4135851299983
23188.3573933999	0.0005468971340053027	386.47262322333165
23196.4552518999	0.0002016636017488169	386.607587531665
23232.3877418999	0.0002788111161922842	387.20646236499834
23252.6311896999	0.0002012847216144785	387.54385316166497
23256.1741057999	0.0002932061433272035	387.60290176333166
23294.6371297999	0.000238409404426318	388.24395216333164
23295.1427864999	0.00022261181265046745	388.2523797749983
23342.7163425999	0.00018318129497132482	389.04527237666497
23347.2707213999	0.00010860387588067629	389.1211786899983
23373.5878521999	0.00018159378978449734	389.55979753666503
23374.6002142999	0.00015271105339892545	389.57667023833164
23407.4965889999	1.7734730987777223e-05	390.12494314999833
23415.0877135999	6.523956445430287e-05	390.2514618933317
23418.1234859999	7.704151925875978e-05	390.3020580999983
23423.6913174999	8.13897756355185e-05	390.394855291665
23444.4405921999	0.00011502490138207617	390.740676536665
23521.3673043999	0.00015498443950946766	392.02278840666503
23540.5984834999	0.0001421757354532248	392.3433080583317
23610.9452479999	0.000114469587603727	393.5157541333317
23627.1403587999	1.2254334296769096e-05	393.78567264666503
23680.2799838999	8.593612161641523e-05	394.67133306499835
23753.1577087999	2.293493290729402e-05	395.8859618133317
23785.0407485999	0.0001399138206493892	396.4173458099983
23852.8567701999	0.00011059018820520872	397.54761283666505
23883.7293869999	8.309098462816784e-05	398.0621564499983
23949.5209506999	6.799190496378549e-05	399.158682511665
23974.3195950999	0.0001167556842401243	399.571993251665
24010.2534024999	9.134172249510623e-05	400.170890041665
24017.8447844999	9.784554971260589e-06	400.2974130749983
24064.4047140999	0.00014904790584315073	401.073411901665
24065.4180832999	5.661254157961669e-05	401.0903013883317
24095.2761064999	0.00012265912305516266	401.58793510833164
24168.1540578999	7.707810654246828e-05	402.802567631665
24438.4072353999	8.617658318075603e-05	407.306787256665
24441.4436518999	3.8992493309290785e-05	407.35739419833163
24451.5663793999	5.85632468368498e-05	407.5261063233317
24476.8702052999	7.25271221217101e-05	407.9478367549983
24545.1932236999	7.371327802947397e-05	409.08655372833164
24567.4605200999	0.0001024844128358152	409.4576753349983
24666.6563918999	5.5002745025472e-05	411.1109398649984
24711.1923927999	2.8282524692332566e-05	411.85320654666504
24724.3500343999	0.00011834032774429489	412.0725005733317
24733.4607920999	0.00010099778393847293	412.22434653499835
24745.1011285999	9.994944779040645e-06	412.4183521433317
24745.6059525999	9.983708805830841e-06	412.426765876665
24935.8975003998	9.775572408642389e-06	415.59829167333
24966.7687304998	5.134504263613348e-05	416.1128121749967
24984.9884160998	9.105646851646357e-05	416.41647360166337
24998.1466604998	8.500605061677902e-05	416.63577767499663
25019.4020051998	7.238722863212702e-05	416.9900334199967
25074.5670863999	3.4638092926814284e-05	417.90945143999835
