retention_time	intensity	retention_time_min
2.7365582	0.00013399101538998787	0.04560930333333334
8.3034454	0.00012511375854944016	0.13839075666666664
27.5354703	0.0001072560687754097	0.458924505
30.572197	0.00010486260615352839	0.5095366166666666
142.4183168	5.0497434800447465e-05	2.3736386133333336
143.9362607	1.5849914692236924e-05	2.398937678333333
147.4791728	0.0001377201214776659	2.4579862133333332
170.7592259	0.0001500556676364988	2.845987098333333
196.5696958	0.0001398754265234033	3.276161596666667
200.1126806	0.00011368944057403665	3.3352113433333335
249.202859	0.00020494864509444197	4.153380983333333
253.7588885	0.0001240996531741272	4.229314808333333
267.4223559	0.00017052758112335805	4.457039265000001
275.0148636	0.00011061219787497359	4.58358106
277.5442273	0.00015135971477102638	4.625737121666666
280.0751148	8.440457655851016e-05	4.66791858
283.1120795	1.7017575373677593e-05	4.718534658333334
286.6546744	0.0001406905823287418	4.777577906666666
289.6905305	0.00013822345791076403	4.8281755083333335
313.4769191	0.00019288523445924058	5.224615318333333
316.0085283	0.00013985550576065984	5.266808805
322.0803104	0.00020462940630047613	5.368005173333333
340.8060789	0.0001702839795478791	5.680101315
342.3245351	0.0001391329953162239	5.705408918333333
348.3977428	8.571802885965076e-05	5.806629046666667
349.9158005	0.0001671474643580418	5.831930008333333
357.5078874	0.00017793724234168486	5.95846479
368.1361397	0.00010554150329871046	6.135602328333333
377.75088	4.2880223087818695e-05	6.295848
381.2936872	0.00010980889173251234	6.354894786666667
392.9334176	0.00023235343380599913	6.548890293333333
394.9580756	0.00019016737254726489	6.582634593333333
417.2256953	0.00011205451961718101	6.953761588333333
420.2627734	5.362835486612268e-05	7.004379556666667
425.323491	0.00013577174317099225	7.08872485
430.8910671	1.4359041122379235e-05	7.181517785
437.9763286	9.694194553206411e-05	7.299605476666667
452.6527394	1.6598428682084763e-05	7.5442123233333325
481.5001994	0.00014229624376583915	8.025003323333333
490.6100109	9.275675174287828e-05	8.176833515
508.8297356	0.0001361685141697342	8.480495593333334
515.4087905	7.360899346544483e-05	8.590146508333333
522.4951275	0.0001308343115020409	8.708252125
550.3293593	2.1789934139924062e-05	9.172155988333333
560.9578706	0.00014594857850843725	9.349297843333334
568.5495123	7.91504611397737e-05	9.475825205
575.6350203	0.000164988458428624	9.593917005
583.7322235	0.00018703780081912966	9.728870391666668
594.3594009	9.693703296936199e-05	9.905990014999999
596.889999700001	0.0001257261802824152	9.948166661666683
598.9143295	0.0001584883573665603	9.981905491666668
614.6029652	0.00015860014730260258	10.243382753333332
618.6519539	0.00014006480964921057	10.310865898333333
619.6640024	9.368545560430735e-05	10.327733373333333
630.7993045	0.00012795957820344752	10.513321741666665
637.3778042	0.00028598292820964164	10.622963403333333
652.5598746	0.00016301532503249958	10.875997909999999
654.5847401	0.0001311569273801558	10.909745668333333
659.1396932	9.972011653208547e-05	10.985661553333333
665.2127421	0.0001130187717574896	11.086879035
686.4685601	0.00010371136067251513	11.441142668333333
687.4804457	0.00016814065021065835	11.458007428333334
689.5053163	0.00016135413248862082	11.491755271666667
694.5654379	0.0001379503810204937	11.576090631666666
697.0960816	8.762702839854744e-05	11.618268026666668
697.6029625	0.0001448194571659131	11.626716041666667
699.1212537	0.0001378151441931427	11.652020895
702.1582922	1.3685182414358128e-05	11.702638203333333
703.1702606	0.00011576235243436042	11.719504343333334
704.6878022	9.816815982668857e-05	11.744796703333332
709.242587100001	0.00013496217830247283	11.820709785000016
714.303470100001	0.00012206350459053482	11.905057835000017
742.139053100001	0.00011559958195119734	12.368984218333349
744.669190500001	6.169577194631228e-05	12.411153175000017
747.706251900001	0.0001176013118917864	12.461770865000016
749.223465400001	0.00012160490106749958	12.487057756666683
764.406777800001	3.2107057773439755e-05	12.74011296333335
765.925729800001	0.00022699922976588465	12.765428830000017
766.431820900001	0.0001694348184611593	12.773863681666683
770.985539900001	0.00012247301219695517	12.84975899833335
772.504736600001	1.5963050858280033e-05	12.875078943333351
775.540899800001	0.00010029770849020103	12.925681663333348
779.083043000001	0.00015849795719575477	12.98471738333335
807.424430700001	9.449383669530499e-05	13.457073845000018
811.979496900001	0.00014066150698386127	13.532991615000016
814.003299900001	0.00014476076533874755	13.566721665000017
816.027850100001	0.00010552788978882868	13.600464168333351
820.076411600001	0.00013160985321586627	13.66794019333335
846.394086100001	0.00010053358964321238	14.106568101666683
864.107279500001	0.0001241636523792567	14.401787991666684
867.650443600001	0.00014681760385237125	14.460840726666683
870.686415300001	9.924982508965685e-05	14.511440255000018
872.205133900001	1.4962091048646412e-05	14.536752231666684
875.240915500001	0.00014285402717497983	14.587348591666684
913.198079900001	1.5551454579384992e-05	15.219967998333349
922.813814200001	9.495245228455967e-05	15.380230236666684
924.332150900001	0.00020335154005021359	15.40553584833335
926.356579500001	0.0001137270381232971	15.439276325000016
928.886799400001	0.00022291418500484142	15.481446656666684
937.996168200001	0.00015042161912791197	15.633269470000016
951.154459800001	0.00015845173404690913	15.852574330000015
960.771409900001	1.682554970940406e-05	16.012856831666685
966.844505200001	0.00012273324763792964	16.114075086666684
972.410864100001	1.5554217508795047e-05	16.206847735000018
977.977158000001	0.00011103719915435695	16.299619300000018
980.507672200001	8.885687647884433e-05	16.341794536666683
989.112256400001	0.00013967845546066665	16.48520427333335
998.221682200001	0.0001629549517150926	16.637028036666685
1005.3077535	0.00013951100211462197	16.755129225
1009.8617537	0.00012209822549374825	16.831029228333332
1022.5140257	8.946360701130688e-05	17.041900428333335
1030.6114566	0.0001288215418463503	17.176857610000003
1031.6236813	0.00018297835994447457	17.19372802166667
1050.8547173	0.00010721686536393142	17.51424528833333
1055.9168204	0.00011524737232366971	17.598613673333332
1062.4958172	0.0001017851495114665	17.70826362
1084.7635491	1.574764572696382e-05	18.079392485000003
1085.7753865	0.00014061187653900264	18.096256441666664
1096.9096233	1.6502497377936528e-05	18.281827055
1106.0189117	1.6596065773527875e-05	18.433648528333332
1108.0438702	0.00012179710023475237	18.467397836666667
1112.093141	1.574309507849857e-05	18.534885683333336
1115.1288339	0.00023025226532032213	18.585480565
1125.2507169	9.74315225842359e-05	18.754178615
1136.3850255	8.638602881090799e-05	18.939750425
1149.0373452	0.0001031329663374574	19.150622419999998
1151.5679404	0.0001744190713753491	19.192799006666668
1152.0731816	1.5351843790554452e-05	19.201219693333332
1165.7375107	9.97187159740605e-05	19.428958511666668
1177.3787829	8.591376873678221e-05	19.622979715
1185.9819807	0.0001492245842612547	19.766366344999998
1203.6947728	0.0002095405119580729	20.061579546666668
1204.7067636	0.00012578851727564942	20.078446059999997
1217.8658794	0.00011460472890451092	20.29776465666667
1227.9876944	7.623682283200339e-05	20.466461573333333
1229.0002697	8.926817385291183e-05	20.483337828333333
1231.5304172	9.618262922087164e-05	20.525506953333334
1232.0369382	0.00012788635101191296	20.533948969999997
1233.0479941	8.500450289600971e-05	20.550799901666668
1243.1701406	0.00010149703258995133	20.719502343333332
1248.7379119	0.00011531045053691429	20.812298531666666
1277.0786311	1.600415396707412e-05	21.284643851666665
1288.2121275	0.00010110496724577345	21.470202125
1288.7185706	9.126563079140961e-05	21.478642843333333
1304.4074198	0.0002001157916374076	21.740123663333335
1320.0962153	0.0001863583598382118	22.001603588333335
1320.6018717	1.4634969707238814e-05	22.010031195
1321.1090309	8.177673588158729e-05	22.018483848333336
1323.6392863	0.00010794835214285463	22.06065477166667
1328.6994454	0.0001244482280749354	22.14499075666667
1331.2299316	1.4449470362691338e-05	22.187165526666668
1341.3523152	9.217636750354824e-05	22.355871920000002
1343.8827777	9.822412007305684e-05	22.398046294999997
1347.4260433	0.00011226217829968913	22.457100721666666
1361.0894436	9.39000975701366e-05	22.68482406
1382.8519283	0.00015528184661306145	23.047532138333334
1388.9245766	0.00013233655916653536	23.148742943333332
1390.9496225	8.641430353574633e-05	23.182493708333332
1401.0716887	1.527863130625507e-05	23.35119481166667
1407.1449427	9.33529624404236e-05	23.452415711666667
1419.2899733	1.4753290557533407e-05	23.65483288833333
1428.3997489	0.000122369710542889	23.806662481666667
1434.9789822	9.959927648759154e-05	23.91631637
1447.6320034	0.00011452044828196281	24.127200056666666
1454.2111804	8.997412221553097e-05	24.236853006666667
1461.2961491	0.00015827244820189014	24.354935818333335
1478.5026202	0.00012767562586728717	24.641710336666666
1490.6498911	0.0001271442078249516	24.84416485166667
1498.74769	1.5994887323127646e-05	24.979128166666666
1512.9176328	0.00017198662341767073	25.21529388
1515.4473993	0.00013383666680790135	25.257456655
1522.027489	0.00013531337483164594	25.367124816666667
1546.826237	9.331760784058628e-05	25.780437283333335
1547.8380763	0.000138917605706606	25.797301271666665
1559.9836603	0.00013766673978153802	25.99972767166667
1561.5029303	1.4335351007440684e-05	26.02504883833333
1565.5506042	0.0001120721877091964	26.09251007
1586.8078024	0.00011657523272434189	26.446796706666664
1587.3136029	0.00012555506784686188	26.455226715
1593.8928775	0.00014697940910340593	26.564881291666666
1602.4966975	1.513758042260088e-05	26.708278291666666
1607.5568866	8.135035047625893e-05	26.792614776666667
1624.7644031	0.0001611218444850502	27.079406718333335
1626.7882612	8.607212779102731e-05	27.11313768666667
1628.8133097	0.00015867330491779792	27.146888495
1630.8370235	0.0001329298842824801	27.180617058333333
1637.4161438	9.606050458824206e-05	27.290269063333334
1647.0315869	0.0001023922002117146	27.450526448333335
1648.5497841	1.4916007959181848e-05	27.475829734999998
1662.2152838	4.701607287049533e-05	27.70358806333333
1672.3367955	1.353571940995092e-05	27.872279925
1680.9406282	0.00010753113458942882	28.015677136666667
1683.470965	0.00011765282285117784	28.057849416666667
1697.6409113	0.0001295145369077542	28.294015188333333
1733.0679711	0.00011197776898496559	28.884466185
1733.5731663	8.842183108214924e-05	28.892886105
1736.104873	0.00011020657576163364	28.935081216666667
1743.6958943	0.00010339246722748834	29.061598238333332
1752.8051928	0.00015723344395669227	29.21341988
1753.8169985	9.855542702818589e-05	29.230283308333334
1764.4458782	9.782784078709485e-05	29.407431303333333
1770.0127496	0.00011835764483251543	29.500212493333333
1776.0860238	0.00017796393424903868	29.60143373
1785.7018249	8.771496641794524e-05	29.761697081666668
1788.2321953	0.00013313300674745572	29.803869921666667
1791.7743659	0.00010649414852051491	29.862906098333333
1793.2926501	9.276571170245986e-05	29.888210835
1809.4879808	1.4990545962346413e-05	30.158133013333334
1814.0430563	0.00022160727424308247	30.234050938333333
1817.0801408	0.0001152401194196736	30.284669013333332
1837.8287539	0.00012373568398874073	30.630479231666666
1851.9993915	0.00011034965364338895	30.866656525
1882.364878	1.4937625455307122e-05	31.37274796666667
1883.8839536	0.000155821681925685	31.398065893333335
1897.041324	0.00010235456025035318	31.6173554
1941.0713285	1.5028223002799257e-05	32.35118880833333
1944.1078095	0.00013595525169537583	32.401796825
1950.181587	1.4842741157436955e-05	32.50302645
1953.2178001	0.00020519068984263777	32.55363000166667
1985.1021503	1.6906907561295054e-05	33.08503583833333
1991.1755603	5.473310846623675e-05	33.18625933833333
1999.2725613	0.0001565672167697428	33.321209355
2002.3094896	0.00010806080042608742	33.37182482666667
2012.4313809	4.437310334763795e-05	33.540523015
2013.9490712	1.4816468405856654e-05	33.565817853333336
2023.0586308	4.49993899411565e-05	33.71764384666667
2024.5772292	7.906946725763772e-05	33.74295382
2038.2412055	0.00010964580125727186	33.970686758333336
2041.2784931	0.00013272380144389184	34.02130821833334
2042.29002	0.00016345268818417603	34.038167
2050.8937227	0.0001459458133149106	34.181562045
2061.0156214	9.084121327389368e-05	34.350260356666666
2078.7287856	7.540005656650532e-05	34.64547975999999
2079.7409297	0.0001148772348448287	34.66234882833333
2083.2832532	0.00012868498766611166	34.72138755333334
2091.3816073	0.00012014426330468876	34.85636012166666
2098.972205	0.00010382657466878294	34.98287008333333
2103.0216536	1.3778136485607664e-05	35.05036089333333
2114.1550594	1.485634900931262e-05	35.235917656666665
2131.3626898	0.00012140740624432217	35.52271149666667
2154.1366751	1.4682165377953195e-05	35.90227791833333
2162.7399564	1.569738237428141e-05	36.045665940000006
2179.9471763	1.45849748182307e-05	36.33245293833333
2193.1062856	1.4275517487508922e-05	36.55177142666666
2205.7577851	0.00014655251475439906	36.762629751666665
2206.77006	0.00013172362251655402	36.779500999999996
2216.8929082	1.3960392814430702e-05	36.94821513666667
2219.4222896	0.00012764159507018386	36.990371493333335
2223.4710529	9.179698612604401e-05	37.05785088166667
2223.9776106	1.5028985904147132e-05	37.06629351
2232.0751686	7.897075418021697e-05	37.20125281
2244.7279351	8.440346609112653e-05	37.41213225166667
2248.2704357	0.00012680352683606304	37.47117392833333
2279.6479832	0.00011478587532925838	37.994133053333336
2305.9652389	0.00028405935698787744	38.432753981666664
2310.0130378	0.00013425980967103523	38.50021729666666
2317.6045407	6.952667542992472e-05	38.626742345000004
2320.1355475	5.332070255911673e-05	38.668925791666666
2326.2087049	0.00013507144887185907	38.77014508166667
2338.860664	0.00010133838626115321	38.98101106666666
2356.0684723	1.4089309313878815e-05	39.26780787166667
2357.5859293	0.0001735584395333583	39.29309882166667
2375.2998177	9.716191022239496e-05	39.588330295
2377.3243572	9.726907484907605e-05	39.622072620000004
2379.3477058	0.00012027712099909776	39.655795096666665
2383.3971118	7.527361476443701e-05	39.723285196666666
2383.9029535	0.00011990439801293627	39.73171589166667
2405.6647792	8.05370234086883e-05	40.09441298666666
2407.6895147	1.2920479045423523e-05	40.128158578333334
2417.8111277	1.435514762833821e-05	40.29685212833333
2441.0911261	1.4631438930487333e-05	40.68485210166667
2442.60924	0.0001539632139486209	40.710154
2457.2861893	1.3803812244840365e-05	40.954769821666666
2457.792516	0.00012104587478540776	40.9632086
2466.3960294	0.00015471676424489363	41.10660049
2472.4685262	0.0001720963845253041	41.20780877
2497.2671329	0.00013529933845744511	41.62111888166667
2508.4021402	9.727292310270448e-05	41.80670233666667
2534.7186269	1.4257872959817195e-05	42.245310448333335
2535.7301885	9.23302458182878e-05	42.26216980833333
2547.3705283	0.00015379944368719154	42.45617547166667
2547.8770919	0.00010481081647626035	42.46461819833333
2568.1203703	1.4192190006301333e-05	42.80200617166667
2572.6757619	9.96201901931128e-05	42.877929365
2581.278504	0.00016783295969717273	43.021308399999995
2593.9308634	9.189944786565837e-05	43.23218105666667
2597.9798475	1.4920736076383559e-05	43.299664125
2609.1142993	1.5520104571015686e-05	43.485238321666664
2624.8033597	0.00011344098185387914	43.74672266166667
2639.9851354	0.00012916010483027203	43.99975225666667
2644.0346292	7.705362416401654e-05	44.06724382
2652.6382145	9.111578439262797e-05	44.21063690833333
2654.1566875	0.00011110536369560314	44.23594479166666
2658.71114	0.00018855648333018508	44.311852333333334
2660.7356204	1.4553573969671646e-05	44.34559367333333
2661.7477146	0.00015335938766864818	44.36246191
2668.8328779	0.0001225265371503457	44.480547965
2673.3878506	1.3782618097128867e-05	44.556464176666665
2682.4968944	1.3535511768676299e-05	44.70828157333334
2692.6191936	1.460636811683017e-05	44.87698656
2699.1985221	7.074812278043212e-05	44.986642035
2721.9731015	1.3148682969475186e-05	45.366218358333334
2723.9971855	8.719217554609472e-05	45.39995309166667
2727.539451	1.5334648023823908e-05	45.45899085
2732.0949051	1.4273914516380745e-05	45.534915084999994
2734.1181371	3.113441348991868e-05	45.56863561833333
2740.6975569	0.0001496369958332582	45.678292615000004
2745.2524477	1.4401889527906061e-05	45.75420746166667
2752.3386115	0.00010525829358335174	45.872310191666664
2753.8564992	7.15118152866138e-05	45.89760832
2775.6182024	0.00010355688459329852	46.260303373333336
2784.7287357	7.489337952784341e-05	46.412145595
2792.8249706	0.00015059757611966828	46.547082843333335
2813.5750489	1.513221011981684e-05	46.89291748166667
2814.0819447	0.00011961043063060843	46.901365745
2842.422066	9.843233138314276e-05	47.3737011
2866.7152451	9.647646510231865e-05	47.77858741833334
2882.9101992	7.509562369380005e-05	48.04850332
2891.0070855	9.321705238886285e-05	48.183451425
2906.6959347	0.00013338741161089552	48.444932245000004
2941.1100227	5.061474452432323e-05	49.018500378333336
2943.6408124	1.3663346675844388e-05	49.06068020666667
2946.6769433	1.3580543487314566e-05	49.11128238833333
2968.4393818	1.4208586469826172e-05	49.47398969666666
2988.1765087	7.209737322990842e-05	49.80294181166666
2992.7325397	9.972991383084552e-05	49.87887566166667
2996.2739878	0.00016388383721870853	49.93789979666667
3046.3775372	1.2660980854627461e-05	50.77295895333334
3046.8832121	7.71972800717321e-05	50.781386868333335
3047.3898786	0.00013398098027044973	50.78983131
3051.9440853	1.437757098925676e-05	50.865734755
3059.5364694	5.497209596891897e-05	50.99227449
3065.6085557	0.00010322456936499313	51.09347592833333
3071.1765314	0.00010798715220625486	51.18627552333333
3082.3097688	0.00012742392824325097	51.371829479999995
3110.6523078	0.00010520873027175928	51.84420513
3115.2064402	1.3385598642640806e-05	51.92010733666667
3151.1389309	0.00011463211735767205	52.518982181666665
3166.8282196	0.00011113541441660581	52.780470326666666
3168.3460461	1.3219757014990617e-05	52.805767435
3172.9008365	0.00017150146586605147	52.88168060833333
3178.9737899	0.00011907275468066406	52.98289649833334
3190.613338	0.00013056154584870284	53.17688896666667
3200.2294686	7.47893672531879e-05	53.33715781
3209.84617239999	7.66594332417295e-05	53.4974362066665
3219.46173549999	1.3824927265521553e-05	53.6576955916665
3226.04060549999	8.921687279046507e-05	53.76734342499983
3229.0769924	0.00010739118403610161	53.81794987333333
3240.21166999999	0.00010658672762743077	54.003527833333166
3244.25922309999	8.154912516089097e-05	54.0709870516665
3245.77832639999	0.00019612744438248699	54.09630543999983
3263.99710329999	0.0001304869689496058	54.399951721666504
3271.08335799999	0.00011248960645966425	54.518055966666495
3273.61258239999	1.3195296844330099e-05	54.5602097066665
3282.72259669999	0.00010869267346719467	54.71204327833316
3284.74665109999	0.00010169696415373894	54.74577751833316
3293.35011869999	5.886801918073634e-05	54.889168644999835
3294.86856189999	1.3840277051590402e-05	54.914476031666496
3296.89286379999	3.362366908880474e-05	54.9482143966665
3348.00909619999	0.00011250600103574228	55.80015160333316
3349.02107499999	0.00010588561552316738	55.8170179166665
3358.13030749999	0.00010799536691632008	55.96883845833317
3375.84370629999	0.00012427553014811383	56.264061771666505
3377.86842129999	0.00010096113438681594	56.2978070216665
3378.88034369999	8.117605698619554e-05	56.31467239499984
3418.86088799999	0.0001206726725156139	56.98101479999983
3420.88645079999	7.13020913930903e-05	57.01477417999983
3433.03179709999	0.00012499948890395892	57.21719661833317
3439.10561799999	9.360106627463869e-05	57.3184269666665
3461.87891819999	1.3134003906928363e-05	57.69798196999984
3467.44604809999	0.00021642571172742124	57.790767468333165
3486.67765419999	9.305633919570444e-05	58.111294236666495
3495.78824619999	0.00018110358617920067	58.263137436666504
3501.86073459999	0.00013708517283467364	58.3643455766665
3509.95884089999	1.3663919206763944e-05	58.49931401499983
3520.08001559999	1.271315727023087e-05	58.668000259999836
3539.81735769999	7.5056461530795e-05	58.9969559616665
3544.37248149999	1.3385260210945752e-05	59.0728746916665
3573.21932549999	2.8867676919888154e-05	59.55365542499984
3574.23252789999	9.789871205330194e-05	59.5705421316665
3575.24369499999	0.00010473164119977882	59.587394916666504
3575.74989579999	0.00013640299183678077	59.5958315966665
3591.94552549999	3.664562571328093e-05	59.865758758333165
3592.45104509999	0.00012709818391447655	59.87418408499983
3603.58543899999	7.46982367687072e-05	60.0597573166665
3620.28669779999	8.000163092127902e-05	60.33811162999984
3646.09645199999	1.4627800492404271e-05	60.76827419999984
3649.13372649999	1.3108099290647924e-05	60.818895441666506
3651.15793379999	1.3208496409343632e-05	60.852632229999834
3677.98075299999	9.562079524628047e-05	61.2996792166665
3701.26028059999	1.5441466376550108e-05	61.687671343333164
3704.80426699999	0.00010464674319919574	61.74673778333317
3712.90123099999	9.967571023239908e-05	61.88168718333316
3715.93728549999	0.0001499833191629008	61.9322880916665
3719.98630039999	9.998480116097294e-05	61.999771673333164
3726.05884619999	1.5042268775258476e-05	62.100980769999836
3731.12022019999	0.00014260124199821456	62.18533700333317
3739.72408849999	5.267734099314347e-05	62.32873480833317
3775.15054139999	1.2559192170432144e-05	62.91917568999983
3783.75360039999	4.788555522309568e-05	63.062560006666494
3839.42465349999	0.0001352941517804924	63.99041089166651
3840.43670629999	8.141577879392329e-05	64.00727843833316
3847.01620679999	0.0001686277095835178	64.11693677999983
3850.55768269999	8.537134040482218e-05	64.17596137833317
3899.14348539999	1.1901987922920611e-05	64.9857247566665
3901.16689109999	0.00019486812330588837	65.01944818499983
3911.79544359999	1.3118998058388287e-05	65.1965907266665
3945.19775789999	0.00010115066996836608	65.75329596499984
3967.97146949999	0.00015765242500248924	66.13285782499983
3989.73345149999	6.687986614472504e-05	66.49555752499984
3998.33660429999	8.366557349083467e-05	66.63894340499984
3999.34965049999	1.4305687750707178e-05	66.65582750833316
4010.48344789999	8.986318407960199e-05	66.84139079833317
4018.57997379999	0.00010455788450375219	66.9763328966665
4028.19597629999	0.00014501611400517952	67.13659960499983
4029.20909669999	0.00015308167581240412	67.15348494499983
4035.78811909999	0.00010619048436134679	67.26313531833317
4056.03197669999	0.00010569228446323418	67.60053294499984
4056.53784109999	8.66665738510588e-05	67.60896401833317
4059.57441039999	9.554862828000525e-05	67.6595735066665
4071.21380739999	0.00012374744099196932	67.85356345666649
4073.23856659999	0.00011695728176698928	67.88730944333317
4074.75738059999	7.6799388507546e-05	67.91262300999983
4089.93939159999	8.131827346709842e-05	68.1656565266665
4091.45762349999	0.00012173868022676977	68.1909603916665
4095.00104669999	0.00010993338960954499	68.25001744499984
4112.71320259999	1.5917421830425693e-05	68.54522004333316
4122.32882849999	7.322252324815113e-05	68.70548047499983
4127.39081449999	0.0001093943988003769	68.78984690833316
4131.94539639999	1.5648336668747317e-05	68.86575660666651
4140.04260419999	1.4884629238770291e-05	69.00071006999983
4149.65866879999	0.00011072757326058787	69.16097781333316
4166.86562729999	0.0001083701513975902	69.44776045499982
4183.56685679999	7.40438055609666e-05	69.72611427999983
4195.20637099999	9.568229146450773e-05	69.92010618333317
4195.71273309999	0.00013941877504023987	69.9285455516665
4196.21899859999	6.73075562167492e-05	69.93698330999983
4211.90781029999	1.6378074082614935e-05	70.19846350499984
4213.42555869999	1.457347329912993e-05	70.2237593116665
4224.05356639999	1.4190739943022603e-05	70.40089277333317
4238.22470349999	1.4735943678044387e-05	70.6370783916665
4239.74219029999	8.791234297999631e-05	70.66236983833318
4257.96163049999	7.244633630518112e-05	70.96602717499984
4264.03553359999	9.037513843415853e-05	71.06725889333318
4300.47456109998	0.00011651265443002665	71.674576018333
4305.53512139998	1.3004686600057626e-05	71.75891868999967
4313.12628569998	1.4226365501885626e-05	71.88543809499967
4318.69359989999	1.5055570109273328e-05	71.97822666499982
4322.74203929998	0.00011345032872074296	72.04570065499966
4327.29719629999	9.056743472699206e-05	72.12161993833317
4331.34584939999	0.00013046032910526788	72.18909748999982
4331.85217349998	1.334166248380841e-05	72.19753622499967
4343.49109109999	0.00011999036317605406	72.39151818499982
4353.61379259999	9.562227186297847e-05	72.5602298766665
4363.73481969999	1.1973986116030054e-05	72.7289136616665
4370.82100499999	8.543588429191523e-05	72.84701674999982
4380.43669199999	6.411288776410138e-05	73.00727819999983
4398.14938929999	0.0001377386121350719	73.3024898216665
4413.83855959999	0.00011083464368984008	73.56397599333316
4420.41737699999	0.00013490402629136346	73.67362294999982
4426.99677789999	1.4247797053112304e-05	73.7832796316665
4431.04541359999	7.481004821022437e-05	73.85075689333317
4433.57562729999	0.0001402718170171562	73.89292712166649
4434.58782819999	1.2869769939992552e-05	73.90979713666651
4450.27687059999	1.3844820483442672e-05	74.1712811766665
4454.83244129999	9.849491456045845e-05	74.24720735499983
4455.33813019999	0.00010057300909623424	74.25563550333317
4467.48437119998	0.00019914847755544594	74.45807285333301
4472.03917389998	8.125382360032134e-05	74.53398623166633
4477.09973549998	6.361084903837637e-05	74.61832892499966
4482.16108009998	0.00013673261520417296	74.70268466833299
4489.75189939999	5.710364715408147e-05	74.82919832333317
4490.76390899999	1.4263517535568458e-05	74.84606514999983
4507.46503999999	0.00023543496537277106	75.12441733333317
4518.59919579999	1.5426570382013306e-05	75.3099865966665
4526.69665219999	0.0001490641003493951	75.44494420333316
4529.73349419999	0.00012455884055557795	75.4955582366665
4545.92826419998	0.0001228076323572209	75.76547106999966
4552.50771569998	1.5030918599559293e-05	75.87512859499967
4562.12332709998	0.0001436464826655442	76.03538878499967
4572.24469399998	0.00013106198669853968	76.204078233333
4575.28257419998	1.3325385481192995e-05	76.25470956999968
4592.99540399998	0.00012038536460485073	76.54992339999967
4623.35994729998	1.3054553820009034e-05	77.05599912166635
4629.43420709998	9.332321674612832e-05	77.15723678499967
4631.45825729998	1.352007866883108e-05	77.19097095499966
4638.54339649998	6.264852796942033e-05	77.30905660833301
4649.67764869998	0.0001033781148530856	77.494627478333
4655.24463929998	1.4473171724825767e-05	77.58741065499967
4657.26881849998	0.0001207701723928575	77.62114697499966
4660.30460659998	0.00011036452353970471	77.671743443333
4690.67047389997	0.00011005778863484651	78.17784123166616
4694.21282459998	9.852318771330049e-05	78.23688040999967
4696.23795319998	0.00010991443560318924	78.270632553333
4701.80447249998	1.3717329132375884e-05	78.36340787499967
4713.44471519997	7.10653811023827e-05	78.55741191999951
4732.16978969998	8.159268929503917e-05	78.86949649499967
4747.85899989997	0.00017474103671221323	79.13098333166616
4750.38944759997	1.4549221471159079e-05	79.17315745999949
4750.89533019998	0.00016906485877361593	79.18158883666634
4758.48706009997	1.4256621725570804e-05	79.30811766833284
4764.05456219997	7.24759985306236e-05	79.4009093699995
4794.92584939998	0.00010824512250002682	79.915430823333
4798.97497919998	1.3550694503205944e-05	79.98291631999967
4799.98668569997	1.2729707573157629e-05	79.9997780949995
4805.55322929997	1.4483084240376715e-05	80.09255382166616
4850.08985059998	0.00012034235539144608	80.83483084333301
4882.47934349998	0.00020683401754765032	81.37465572499967
4885.00945269998	0.0001413451306312856	81.41682421166634
4896.64992189998	5.257865642554738e-05	81.61083203166633
4898.16783719998	1.3429023581663833e-05	81.63613061999966
4903.23005669998	0.0001403435063089302	81.72050094499967
4932.58249259997	1.2361598173340373e-05	82.20970820999949
4947.25964879997	1.280482599664229e-05	82.45432747999949
4957.38095059997	0.00010918062752972639	82.62301584333282
4968.00992349997	0.00014498900972506357	82.80016539166617
4971.55215039997	7.823034546688795e-05	82.85920250666616
4979.14276259997	6.874052121421646e-05	82.9857127099995
4986.22877709997	0.00013509132936933546	83.10381295166617
5014.06396969997	1.332846400115158e-05	83.56773282833282
5018.61857879997	1.2702187062568433e-05	83.6436429799995
5025.19791389997	7.299869514832422e-05	83.75329856499951
5044.42973409997	0.0001384943500178837	84.07382890166618
5051.51420339997	0.00011292353869613828	84.1919033899995
5082.38676099997	5.9339706146284596e-05	84.70644601666616
5085.42260989998	1.235130063312767e-05	84.75704349833299
5095.54438749998	0.0001540706715471662	84.92573979166633
5124.39137359998	0.00014965639817286037	85.406522893333
5127.42872259998	9.417772382905697e-05	85.45714537666633
5133.50087469997	5.61159487169198e-05	85.55834791166617
5145.14101369997	7.812214120881962e-05	85.75235022833284
5153.74503159997	0.00010422327115552144	85.89575052666618
5172.97662809997	9.15643070813474e-05	86.2162771349995
5177.53113929997	1.4154958419023258e-05	86.2921856549995
5188.15975099997	1.389368735683713e-05	86.46932918333283
5188.66546659997	1.472518389300485e-05	86.47775777666617
5220.04322359997	6.72146672744711e-05	87.00072039333283
5226.11661879997	1.3547528795272455e-05	87.10194364666616
5228.14097409997	0.00010766764431734443	87.13568290166616
5229.65890709997	0.00012502489363340157	87.16098178499949
5232.69479369997	7.327448680453425e-05	87.2115798949995
5244.84083279997	8.716653485385786e-05	87.41401387999949
5276.21963359997	0.0001781924002331016	87.93699389333283
5293.93273229998	8.053157306623156e-05	88.23221220499967
5303.04180759998	8.14340960399253e-05	88.38403012666633
5306.58459439998	0.0001041022639703334	88.443076573333
5311.13949159998	6.907118495244812e-05	88.51899152666633
5315.18854499998	0.0001329246920342286	88.58647574999966
5331.38292399998	1.59642344386851e-05	88.85638206666634
5334.41938649998	0.00019625761484927452	88.90698977499966
5334.92508199998	0.00017207382813491716	88.915418033333
5338.97443559998	1.3879267643479242e-05	88.98290725999966
5344.54139049998	1.4746609017256482e-05	89.07568984166633
5361.24198679998	7.393139590656405e-05	89.35403311333299
5365.79762719998	0.00018167045987858358	89.429960453333
5374.90704129998	1.3218129987090293e-05	89.58178402166634
5384.52338689998	0.00013557637918289045	89.742056448333
5392.11457039998	0.00013336287893766277	89.868576173333
5406.28476719998	0.00013278127844454019	90.10474611999966
5412.86352479998	6.214209276900597e-05	90.21439207999967
5418.43120729998	0.00012529227186211953	90.307186788333
5436.65001839998	6.965314908416993e-05	90.61083363999965
5440.69948149998	1.4708780847990634e-05	90.67832469166633
5476.63096479998	1.3509399840408957e-05	91.27718274666633
5478.65542829998	0.0001568492754636835	91.31092380499966
5481.69214899998	7.209928328806206e-05	91.36153581666635
5490.29587859998	0.0001571025651178865	91.50493130999966
5490.80196539998	1.4313714637967987e-05	91.51336608999966
5505.47933489997	1.4400400907161255e-05	91.7579889149995
5508.00961799997	1.5153163121780584e-05	91.8001602999995
5521.67350459998	6.332295220692608e-05	92.027891743333
5538.37528849998	0.00019305931511195414	92.30625480833301
5541.91722939997	0.00015869723133804856	92.36528715666617
5544.44802199997	1.412152355548582e-05	92.40746703333282
5565.19821299997	0.00014992067865027956	92.7533035499995
5568.74101549997	0.00011449121890170946	92.81235025833283
5580.88598409997	0.0002023101175039998	93.01476640166617
5585.44196839997	0.0001252767045325609	93.09069947333283
5589.48969909997	0.00011516176364538124	93.15816165166616
5593.03225339997	5.997189592876993e-05	93.21720422333283
5599.10544039998	1.693144945247455e-05	93.31842400666633
5600.62478819998	0.00011683628394655425	93.34374646999966
5601.13008469998	1.589234455168049e-05	93.35216807833301
5608.72126049998	0.0001763067597135542	93.47868767499968
5619.85594059998	6.884788768453136e-05	93.66426567666635
5625.42330189998	0.00016208700108258546	93.75705503166634
5634.53317199998	0.00010371431292795383	93.90888619999967
5683.62359489998	0.00010718886638409716	94.72705991499967
5690.70900069998	1.679684219366759e-05	94.84515001166633
5691.21453409998	0.00015090936937483453	94.853575568333
5740.81171989998	0.0001062005001078096	95.68019533166633
5748.90917889998	0.00012130571518920311	95.81515298166634
5753.46343949998	0.00010313830281782125	95.89105732499966
5755.99514729998	0.00011254840417134844	95.93325245499967
5761.56099039998	0.00016603859078237538	96.02601650666634
5770.67113919998	0.00024136275609744083	96.17785231999966
5776.23845949998	1.9095323003753718e-05	96.27064099166634
5785.85430779998	0.00011415695815837473	96.43090512999967
5806.60413959998	0.00010856140126073602	96.77673565999967
5811.15872249998	1.8650151750068074e-05	96.85264537499967
5815.20715599998	0.00010842775402140686	96.92011926666633
5839.49982919998	0.00013747447890575422	97.324997153333
5853.16364699998	0.0001034806054903734	97.55272744999967
5864.29825419998	8.701142429393946e-05	97.73830423666634
5868.34693209998	0.0001870757509099803	97.80578220166633
5873.91359339998	0.00019271423964548328	97.89855988999966
5921.48677409998	0.00022954577214036114	98.69144623499966
5921.99271869998	1.9853840438655164e-05	98.69987864499967
5926.04203499998	0.000244755729996581	98.76736724999968
5955.90076589998	0.00011298216422471126	99.26501276499967
5958.93775579998	0.0001782953199197622	99.315629263333
5974.12034189998	7.469467997086465e-05	99.56867236499967
6019.66836169998	2.0881321704138584e-05	100.327806028333
6046.99742709999	0.00015541770725744687	100.7832904516665
6053.07110769998	9.652925612142001e-05	100.88451846166633
6057.62595219998	0.00012988273701127688	100.96043253666633
6070.27802429998	0.000336313156012589	101.17130040499966
6126.96060949998	0.00022801484735768867	102.116010158333
6150.74723929998	0.00010451466311920309	102.512453988333
6154.28976219998	0.00020714655618850336	102.57149603666633
6159.85568459998	0.0001669214950678128	102.66426140999967
6161.88046639998	0.0001502554991137948	102.698007773333
6184.65470639998	0.00016875260052910167	103.07757843999966
6187.69128969998	8.25868351198721e-05	103.12818816166633
6223.62365509999	1.8151155563066995e-05	103.72706091833317
6233.24020319999	0.000288221000692282	103.88733671999984
6247.91711999999	0.00020633739937558484	104.13195199999983
6250.95262699999	0.00022061667232975193	104.18254378333316
6255.00239149999	9.524314494828395e-05	104.25003985833317
6269.17295009999	0.0002109708615334191	104.48621583499984
6281.31942459999	0.0002699476952743579	104.6886570766665
6295.48962429999	2.1429357171667724e-05	104.9248270716665
6328.38539909998	0.00016945578770826523	105.47308998499966
6330.40931049998	7.253430572222708e-05	105.50682184166634
6359.25707969999	0.00014650969199667024	105.98761799499984
6370.89676979999	0.00013832662435563528	106.18161282999982
6396.70811699999	0.000282804451104742	106.61180194999983
6419.48150329999	0.00015083407102537278	106.99135838833317
6432.64065889999	0.0001660064570787443	107.21067764833316
6480.71904439999	0.00012947966065069807	108.01198407333317
6493.87848699999	0.00017889714171587915	108.2313081166665
6495.39551019999	0.0001946820055836456	108.2565918366665
6505.51728799999	0.0001351545852509487	108.42528813333317
6522.72562469999	0.0001801927636078856	108.71209374499982
6524.74886129999	0.00021219566674112128	108.74581435499982
6561.69462769999	0.00019125755137573534	109.36157712833317
6599.14524479999	0.0001713782828204851	109.98575407999984
6615.33972989999	0.00022654470844982085	110.25566216499983
6618.88230719999	0.0001323559942436209	110.31470511999983
6627.99210749999	0.000152856341332221	110.46653512499984
6652.28437639999	5.0551055107455015e-05	110.87140627333316
6669.99756649999	0.00015290311543882438	111.16662610833318
6678.60173829999	0.00017611021922500766	111.3100289716665
6679.61316709999	0.00013845371419223681	111.32688611833318
6680.11931389999	0.00014324877572886467	111.33532189833316
6708.46058689999	0.00019272212140969948	111.80767644833317
6712.00384689999	0.00020860301978163647	111.8667307816665
6764.63761999999	0.00010751314449406744	112.74396033333318
6770.70996859999	6.379377105750786e-05	112.84516614333317
6799.05151469999	0.000164416144089476	113.31752524499983
6833.46538859999	0.000262559718565359	113.89108980999983
6848.14263449999	9.822062722014402e-05	114.13571057499983
6867.37409129999	0.00012369302140820292	114.45623485499983
6875.47185559999	8.301574245654078e-05	114.59119759333316
6889.1353989	0.0002250906348992653	114.81892331499999
6896.2215473	6.634952621809244e-05	114.93702578833333
6928.6112362	0.00016348867625800233	115.47685393666667
6939.2389062	0.00014825502839901924	115.65398177
6992.3784206	6.3054203223697e-05	116.53964034333333
7011.6107687	0.00021558140762212213	116.86017947833334
7028.3117794	0.00010487202251969823	117.13852965666666
7029.8290497	0.0001495062063881463	117.163817495
7056.1462446	0.00022395255142992326	117.60243741
7063.2322762	0.00014226889357749897	117.72053793666667
7067.7865778	0.00014706546451306345	117.79644296333332
7089.5496059	0.00012052007375433366	118.15916009833333
7101.6959785	0.00014114970757731136	118.36159964166667
7104.7325001	0.00011426030350007103	118.412208335
7116.8789752	0.00010675901565262664	118.61464958666667
7122.445754	4.072420302734676e-05	118.70742923333334
7132.0610871	2.1093773071314296e-05	118.867684785
7145.2197329	0.00014310393729211252	119.08699554833333
7153.31679260001	0.00014765084492442688	119.22194654333349
7205.9503478	0.00014095664677524265	120.09917246333333
7236.8230432	0.00012522897707121415	120.61371738666666
7242.8953806	7.938138553204206e-05	120.71492300999999
7253.5228207	1.8797934733570605e-05	120.89204701166666
7258.5841248	8.951023422283397e-05	120.97640208
7260.1022462	0.00015031580615633089	121.00170410333334
7292.9987789	8.514479744770776e-05	121.54997964833333
7308.6875993	0.00010424392330785771	121.81145998833334
7332.9794093	0.00013723877084779996	122.21632348833333
7339.5591649	0.0001937740154968442	122.32598608166667
7368.9121393	0.00011350626346414046	122.81520232166666
7375.4923948	0.00015108928080287144	122.92487324666666
7384.0946985	0.00012331389271130817	123.068244975
7404.8446712	3.573580780605462e-05	123.41407785333334
7409.905398	0.00016390642932919214	123.4984233
7419.5215054	0.00014099797793278878	123.65869175666667
7423.5702907	0.0001353518498575034	123.72617151166668
7429.1374422	0.00014470325939242476	123.81895736999999
7474.6864838	7.893088708401142e-05	124.57810806333333
7478.2279979	0.00021782391540855597	124.63713329833334
7506.5699387	0.00016014154393562718	125.10949897833333
7508.088567	0.00013190531927151876	125.13480944999999
7534.4048642	0.00011177359029074139	125.57341440333333
7539.4655777	8.322346657549574e-05	125.65775962833332
7547.5629882	7.533428092432373e-05	125.79271647
7549.0813575	0.00020961235493635008	125.818022625
7550.5992498	4.7429350030683464e-05	125.84332083
7557.6847218	0.00020265665194768253	125.96141203
7563.2518862	0.0001030744147461553	126.05419810333333
7574.3865157	0.0001442031927714726	126.23977526166667
7617.9107265	9.47309776120417e-05	126.965178775
7629.5495961	0.00016781440862846382	127.15915993499999
7651.3121433	0.00012301715533408482	127.521869055
7653.335937	0.00010909224491431621	127.55559895
7683.1959323	7.246433440443198e-05	128.05326553833333
7711.0308435	6.302748221990998e-05	128.517180725
7719.1278402	8.741442946865296e-05	128.65213067
7744.4323507	0.00011829515709913371	129.07387251166668
7748.4824101	9.975390258804699e-05	129.14137350166666
7755.5667478	0.00012881495713162297	129.25944579666665
7775.8109461	0.00014498340170182898	129.59684910166666
7777.834605	7.895277671757997e-05	129.63057675
7804.1522704	0.00019802739403766318	130.06920450666667
7846.6632939	8.514743620689458e-05	130.777721565
7847.6765031	0.00011671086754344176	130.794608385
7863.8704352	0.00012257422295682512	131.06450725333335
7889.6817441	0.00019691433683670297	131.494695735
7913.4681179	1.548920058514758e-05	131.89113529833332
7922.0708429	7.32030928306721e-05	132.03451404833334
7974.7048622	0.00017461241551390514	132.91174770333333
7978.2478372	4.316891521268612e-05	132.97079728666665
7993.93631100001	6.89761386354695e-05	133.23227185000016
7996.97282120001	0.00014196030884857625	133.2828803533335
8005.07092660001	0.00014923692394255118	133.41784877666683
8058.21039420001	0.00016498305192945192	134.30350657000017
8063.77784900001	0.00018390655183708982	134.3962974833335
8065.80200070001	0.00023082324588362093	134.43003334500017
8090.0938967	0.00014802744730338824	134.83489827833333
8091.6126793	0.0001048792485327984	134.86021132166667
8104.26418330001	0.00012490788967011753	135.07106972166682
8171.5753359	0.00013020111063858638	136.192922265
8173.5995731	0.00011634714108662212	136.22665955166667
8222.18413	5.2973705607877976e-05	137.03640216666665
8227.2456024	0.00019300537435072923	137.12076004
8251.5381132	0.00011906717824317925	137.52563522
8252.55038439999	8.887477253157604e-05	137.54250640666652
8265.2028797	0.00015595559908379063	137.75338132833335
8270.2628267	0.00012473969608874043	137.83771377833332
8281.9036181	0.00012307411617646077	138.03172696833332
8314.29360179999	1.8688286182220985e-05	138.57156002999983
8333.52458909999	0.00011698463688977841	138.89207648499985
8348.7075235	1.8439962759470766e-05	139.14512539166665
8352.7564515	0.00010967463066404004	139.21260752499998
8373.0000247	7.33512547083802e-05	139.55000041166667
8398.8108904	0.00015935477328543032	139.98018150666667
8402.8594209	0.00015552781038394176	140.047657015
8426.1405373	0.00012049390557282556	140.43567562166666
8427.1514427	3.956552307797613e-05	140.452524045
8466.1213107	7.585301173639443e-05	141.102021845
8473.2059859	0.00019379131145235497	141.22009976500001
8514.70630140001	1.5135345302812854e-05	141.91177169000017
8532.418446	4.198240937047377e-05	142.2069741
8544.0591776	0.00016201458820717645	142.40098629333335
8546.5897009	0.0001782862997908039	142.44316168166668
8549.6259104	0.0001349743229320576	142.49376517333334
8564.3026594	0.0001306069228145468	142.73837765666667
8570.8823129	0.0001662574862280632	142.84803854833334
8611.8761103	0.0001591137603418947	143.53126850499999
8623.0097229	1.711315522468432e-05	143.716828715
8633.1319957	0.00010607230321440164	143.88553326166667
8635.1566228	7.24554010538787e-05	143.91927704666665
8642.2408651	0.00010633221690857564	144.0373477516667
8695.88630840001	0.00021261414875354517	144.9314384733335
8709.55143850001	9.43526820610758e-05	145.15919064166684
8726.25310350001	0.00026500182838781126	145.43755172500016
8739.4110264	7.67524534388754e-05	145.65685044
8758.64304290001	0.00020605706099289004	145.9773840483335
8765.72825260001	0.00011855589244964299	146.09547087666684
8771.80080540001	0.00014584775075113238	146.19668009000014
8787.48889460001	0.00026215873457424406	146.4581482433335
8794.06858240001	0.00013583214589345371	146.56780970666685
8796.09358660001	0.00010194245013842222	146.60155977666685
8808.74579480001	0.0001390368149083736	146.8124299133335
8816.84273230001	9.754727717467613e-05	146.94737887166684
8820.38571350001	0.0001629861843200355	147.0064285583335
8822.40941010001	0.00011287596045348492	147.04015683500018
8844.67769670002	0.0001362893127049389	147.41129494500035
8862.39190320002	7.502688762623544e-05	147.70653172000033
8876.05579870002	0.00012112354638104304	147.934263311667
8894.27556770002	6.415247788097237e-05	148.23792612833367
8913.00157130001	0.00016683781506574613	148.5500261883335
8915.53183410001	0.0001574281396434175	148.59219723500016
8922.61623610001	0.00010301617094723693	148.71027060166682
9007.6395748	0.0001338060025708668	150.12732624666666
9044.58420600001	0.00010808007262469259	150.74307010000018
9093.16913510002	1.3231235241659691e-05	151.55281891833368
9131.12635950002	1.35297288732532e-05	152.18543932500035
9139.73025460002	0.00011473966795566319	152.32883757666698
9164.02230860002	0.00010078165416089582	152.73370514333368
9175.66198610002	0.0001011596972364281	152.92769976833367
9193.37610700002	9.623070400995944e-05	153.222935116667
9197.42398550002	8.997842949541556e-05	153.29039975833365
9198.43617750002	0.00010885625067285457	153.30726962500032
9199.44817160002	7.324285719537546e-05	153.32413619333366
9213.61933150002	0.00011926599146136359	153.560322191667
9244.49078450001	0.0001164546690809097	154.0748464083335
9269.29027	0.0001201002060954015	154.48817116666666
9297.63044900001	0.00012181738027363053	154.9605074833335
9301.67923040001	7.340679793189351e-05	155.0279871733335
9316.35568420001	9.058853165511504e-05	155.27259473666683
9320.91156140001	0.00012919676811977464	155.34852602333348
9331.03307400001	8.514054271014511e-05	155.51721790000016
9342.16773190001	6.498717851211712e-05	155.70279553166682
9345.7101568	0.0001430672455795125	155.76183594666665
9363.9294921	8.254654534920303e-05	156.065491535
9393.7886468	9.428914305764803e-05	156.56314411333332
9398.8490906	6.619107590638926e-05	156.64748484333333
9405.9344544	8.54620337030671e-05	156.76557424
9488.4271293	9.678381458591341e-05	158.140452155
9492.4768739	8.584900667468335e-05	158.20794789833332
9518.7937135	0.00012082374694764774	158.64656189166666
9534.98765070001	0.00011380234601630532	158.91646084500016
9536.50692130001	0.00011982220552338219	158.94178202166682
9537.51834960001	0.00014122202995608504	158.95863916000016
9538.02492560001	0.0001271415501048533	158.9670820933335
9561.8108777	5.1385792123798415e-05	159.36351462833332
9583.06718030001	0.00012703525551311477	159.7177863383335
9592.17646730001	0.0001110890043339406	159.86960778833352
9605.33515070001	7.481260717118513e-05	160.0889191783335
9634.18286040001	0.00012913687755955288	160.56971434000016
9636.71238940001	3.104942889949479e-05	160.61187315666683
9646.83432510002	0.00010970547145313477	160.78057208500033
9685.29815120002	8.192397622198389e-05	161.42163585333367
9687.82770840002	0.00011964138846536773	161.46379514000034
9722.74921370002	8.556907585111897e-05	162.04582022833367
9755.64428140001	6.502600472276205e-05	162.59407135666683
9769.30947620001	1.2399987214235406e-05	162.82182460333348
9810.80924400002	6.42071792909413e-05	163.51348740000034
9812.83337670002	8.03660537069389e-05	163.54722294500033
9817.89419940002	0.00013149698357720684	163.63156999000032
9834.08934040002	0.00010354524071273356	163.901489006667
9842.18702290002	5.2561535095399184e-05	164.03645038166698
9851.29663890002	0.00012078195979069655	164.18827731500033
9907.97839900002	0.00012383060651552548	165.132973316667
10056.2631701	9.349670026611578e-05	167.60438616833332
10084.0991913	3.559032064671751e-05	168.068319855
10096.7513716	3.606232034275491e-05	168.27918952666667
10135.7202789	6.711320818826069e-05	168.928671315
10162.5427423	0.00010287784979546562	169.37571237166668
10175.7023947	7.84807828858505e-05	169.59503991166667
10186.8358288	5.982204069250395e-05	169.78059714666668
10193.9213222	0.00011319374119463866	169.89868870333333
10194.9333627	1.2103883598296311e-05	169.915556045
10218.7195689	0.0001025312333837574	170.311992815
10233.3966805	0.0001161956802778793	170.55661134166667
10234.408544	3.952437429818427e-05	170.57347573333334
10244.5300629	0.0001176929223523082	170.742167715
10265.2803949	0.00014606144736624394	171.0880065816667
10295.6456107	6.954889328269955e-05	171.59409351166667
10296.6583589	9.21873204567059e-05	171.61097264833333
10330.0606068	0.00011970487713469036	172.16767678
10347.2668406	7.872947861546453e-05	172.45444734333333
10357.3885128	3.4659371055400206e-05	172.62314188
10359.9188662	0.00012537579784265747	172.66531443666665
10392.309586	0.00010866313559712234	173.20515976666667
10409.5162671	0.00015253610982825054	173.491937785
10411.5408168	6.656320271577867e-05	173.52568028
10444.4369984	7.508108905415268e-05	174.07394997333333
10466.1980913	0.00010618494461688855	174.43663485500002
10475.3090654	1.2891973285539446e-05	174.58848442333334
10488.9725592	9.519834633506683e-05	174.81620931999998
10494.5404023	0.00010977210356759336	174.909006705
10521.8691216	0.000106653110757262	175.36448536
10522.8805727	0.0001056930232818243	175.38134287833333
10572.9840409	0.00010314612498507465	176.21640068166667
10625.1118852	9.585152994092853e-05	177.08519808666668
10651.9351354	6.119403283831935e-05	177.53225225666665
10653.4532436	8.240677835187531e-05	177.55755406
10668.1297673	1.273489153692878e-05	177.80216278833333
10694.446707	8.054735589574609e-05	178.24077845
10707.6049038	0.00011997670186080089	178.46008173
10748.0928351	5.676583096333612e-05	179.134880585
10749.6100174	7.541536296642902e-05	179.16016695666667
10750.6225964	0.00010517421933303442	179.17704327333334
10776.940124	9.375744358082483e-05	179.61566873333334
10829.0666166	8.04690194275204e-05	180.48444361
10844.7555186	6.649635020839098e-05	180.74592531000002
10907.0048603	6.267639454308239e-05	181.78341433833333
10922.1883408	7.291777521392499e-05	182.03647234666667
10923.2005271	5.6856704248281516e-05	182.05334211833332
10928.2613351	4.982269618769726e-05	182.13768891833334
10976.8468922	5.8282317259222605e-05	182.94744820333332
11034.5406127	0.00010621526080261942	183.90901021166667
11077.5582901	0.0001020818797914155	184.62597150166667
11102.8640925	9.508752521184905e-05	185.047734875
11130.6978752	7.682436304371855e-05	185.51163125333332
11153.9794805	0.00011346430407564866	185.89965800833335
11161.5696088	8.992185711967445e-05	186.02616014666668
11174.7283006	0.0001402944578771067	186.24547167666665
11232.4230308	0.00010297894774905838	187.20705051333334
11270.885536	7.420674674249247e-05	187.84809226666667
11273.9222711	0.00010094196477926556	187.89870451833335
11339.7145876	8.223462121346672e-05	188.99524312666665
11340.2212171	0.00016755526183649653	189.00368695166665
11360.9706528	0.0001137282786959299	189.34951088
11364.5133113	5.953159321299132e-05	189.4085551883333
11375.6471776	6.131662516439537e-05	189.59411962666667
11493.0611866	0.00010269025239870755	191.55101977666666
11533.5478853	0.00010067306775373344	192.22579808833333
11544.1766457	8.528669329969016e-05	192.40294409499998
11576.5660033	7.031885639750556e-05	192.9427667216667
11634.7664782	0.00012451587290836778	193.91277463666665
11660.0709983	5.7837213547644305e-05	194.33451663833333
11674.2423224	3.1769578322899335e-05	194.5707053733333
11679.3024286	0.00010334836180334633	194.65504047666667
11696.0034348	0.00010800363801728058	194.93339058
11722.8265877	9.608189371487891e-05	195.38044312833333
11748.6367383	8.640117137493405e-05	195.810612305
11773.4354254	7.502940884864693e-05	196.2239237566667
11785.0755873	9.273225265038971e-05	196.41792645499999
11785.5814598	3.9583649712084965e-05	196.42635766333333
11790.1366232	9.040313138007935e-05	196.50227705333333
11873.1364877	9.561044928474947e-05	197.88560812833333
11897.4281176	3.838911047793412e-05	198.29046862666667
11923.2397063	0.00019877543677936338	198.72066177166667
11983.9708223	6.83017097263666e-05	199.73284703833332
12055.3293086	8.851304886601167e-05	200.92215514333333
12091.7685825	0.000115318848980421	201.529476375
12132.7611342	1.2351745091601777e-05	202.21268557
12150.4753063	4.151332793480359e-05	202.50792177166667
12151.9931704	8.253819026965328e-05	202.53321950666665
12176.7920357	8.125508503819516e-05	202.94653392833334
12203.1079632	0.00010501480884666858	203.38513272
12206.6519986	7.295206000514324e-05	203.44419997666668
12231.4492599	1.0887271497340966e-05	203.857487665
12306.3518568	5.954209680620543e-05	205.10586428
12341.2727433	5.511604046365309e-05	205.687879055
12388.8457376	8.12861410196963e-05	206.48076229333336
12452.6126193	7.799701506233015e-05	207.543543655
12464.7588901	0.00012746181048062908	207.74598150166668
12471.3385956	6.207400515621678e-05	207.85564326
12502.7161809	8.569022491221677e-05	208.378603015
12542.1920267	7.366961001843324e-05	209.03653377833334
12550.7949144	7.285605485275493e-05	209.17991523999999
12560.9167311	7.632447145303519e-05	209.348612185
12589.2588606	0.0001077277662647665	209.82098101000003
12597.8616915	0.00013620574705510764	209.96436152500002
12598.3674771	9.561791475564324e-05	209.972791285
12604.4408073	7.777280312100157e-05	210.074013455
12613.5504082	0.0001281919209573824	210.22584013666668
12625.1911176	0.00011727294654516118	210.41985196
12716.2873524	8.793296517136759e-05	211.93812254000002
12766.3902552	3.296829945632781e-05	212.77317092
12772.4631722	8.566284491737305e-05	212.87438620333333
12839.7739821	9.896174273591372e-05	213.996233035
12841.7978704	0.00010948327213228475	214.02996450666666
12958.2000522	1.2353419810932282e-05	215.97000087
13032.0889471	0.00012072523243789412	217.20148245166666
13042.2107	1.4146081236857898e-05	217.3701783333333
13044.2356591	5.767856924547341e-05	217.4039276516667
13065.9973021	9.142815747726053e-05	217.76662170166668
13145.960502	5.044787569204752e-05	219.0993417
13146.9718445	1.6502387895528485e-05	219.11619740833333
13173.7947904	7.75454137941472e-05	219.56324650666664
13324.105011	0.00010923215757052615	222.06841685
13357.5066064	1.2906112334801762e-05	222.62511010666668
13361.5549933	8.484274984641605e-05	222.69258322166667
13414.1899417	7.57599825996427e-05	223.56983236166667
13435.9514975	0.0001038389725296937	223.93252495833335
13578.6690654	0.00014397749383918354	226.31115108999998
13588.7909063	0.00014148128486773012	226.47984843833333
13611.0594009	8.594003229442044e-05	226.850990015
13639.4007995	7.923114542848845e-05	227.32334665833332
13659.1378893	0.00020643927206638198	227.652298155
13719.3625882	0.0002051155888453477	228.65604313666665
13752.7653558	0.00014271888024478083	229.21275593000001
13779.082439	0.0001275742554549304	229.65137398333334
13798.3130513	0.00013975559022360895	229.97188418833332
13910.6662382	7.83376185535502e-05	231.84443730333334
13969.3733996	0.00011254477375245048	232.82288999333332
14014.415931	9.199453380576294e-05	233.57359885
14144.9865216	9.73543564830381e-05	235.74977536
14199.1385774	0.00013556892054639847	236.6523096233333
14298.3327792	0.0001849308220101302	238.30554632
14345.9050681	7.091699746733313e-05	239.09841780166667
14353.4971161	0.00010255387004306706	239.22495193499998
14406.1308993	3.969672929723249e-05	240.102181655
14443.0759741	0.00016186312519244503	240.71793290166667
14502.288937	8.814968131836537e-05	241.70481561666665
14604.0124274	0.00016409790753532265	243.40020712333336
14742.1761435	0.00014425343240605067	245.702935725
14756.8534937	0.00011175780720279067	245.94755822833335
14783.1696757	0.00014420610470339767	246.38616126166667
14878.315109	0.00011133922822266742	247.97191848333333
14922.3455029	1.557894474459878e-05	248.70575838166667
14969.9173702	0.00020838246067304868	249.49862283666667
15091.3794699	7.622539498468794e-05	251.52299116499998
15116.6852528	1.595112292360688e-05	251.94475421333334
15134.9037087	1.6774783251161746e-05	252.248395145
15155.1479839	7.09843986211048e-05	252.58579973166667
15158.1849755	0.0001566417200223668	252.63641625833333
15277.1158116	1.5360673739631117e-05	254.61859686
15401.6152823	0.00011280191370898822	256.6935880383333
15461.3336228	5.858253099358255e-05	257.68889371333336
15476.5170736	0.00017671298424638953	257.9419512266667
15494.7355258	0.000139403870780812	258.24559209666666
15507.8948	0.00016280604405396684	258.46491333333336
15634.9230824	0.00011187444958111887	260.58205137333334
15667.819966	0.00015289611569611948	261.13033276666664
15675.4113144	0.00014393948827863754	261.25685524
15683.0023692	1.6784343564323198e-05	261.38337282
15683.508193	0.00010118810104300112	261.3918032166667
15749.3000074	0.00011464890091897025	262.4883334566667
15807.5012179	6.857292680344277e-05	263.4583536316667
15929.9765787	1.4369724714393739e-05	265.499609645
16040.8105088	9.45481147689996e-05	267.3468418133333
16170.3710577	0.0001963023687616569	269.506184295
16367.7476193	0.00020520097773930662	272.795793655
16395.5829118	0.00025695723843692427	273.25971519666666
16459.8567902999	0.00024897439524685245	274.3309465049983
16530.7089447	0.0003824301145737743	275.511815745
16600.0431976	0.000266739387948152	276.66738662666666
16613.2023585	0.0002056157381847854	276.886705975
16663.8118088	3.972720651526187e-05	277.73019681333335
16781.7308904	0.00018121602728740776	279.69551484
16965.9483545	0.00030420659704935284	282.76580590833333
17155.2272526	0.00031712352615206565	285.92045421
17189.6418461	0.0004638378134315813	286.49403076833335
17263.5306776	0.00017904472522253237	287.72551129333334
17352.6027783	3.937886405103501e-05	289.210046305
17428.516342	0.00018827377369965055	290.4752723666667
17466.4737535	4.0410506085014005e-05	291.10789589166666
17476.0894202	3.774977769575357e-05	291.2681570033334
17510.5038315	0.000367367153428145	291.84173052499995
17521.1313752	0.00033935308492333104	292.0188562533333
17635.5088062	0.0004219369559431061	293.92514676999997
17652.7158529	0.0002531253092902244	294.21193088166666
17728.1234061	0.0002893790949218815	295.468723435
17943.2127396	0.0002666084110941199	299.05354566
17971.5538997	4.400870394366886e-05	299.5258983283333
18089.4732415	0.0002803526125112289	301.4912206916667
18097.5713251	0.00044368561764044257	301.6261887516667
18106.6804796	0.00018342249989496755	301.77800799333335
18147.6745694	0.0005414147306761391	302.4612428233333
18157.7965073	0.00033789103129169763	302.6299417883334
18199.8024943	0.00024677285733591073	303.33004157166664
18237.2521918	0.00011565547497468215	303.95420319666664
18476.1290695	0.00031809416467811955	307.93548449166667
18520.1584203999	0.0004265583120603866	308.669307006665
18587.9743500999	0.00031033277144293657	309.799572501665
18600.6264759999	4.422234997567771e-05	310.010441266665
18609.7366708999	4.80406359726147e-05	310.16227784833166
18672.9986456999	0.00019637694656117648	311.21664409499834
18992.8495425999	4.910176504478081e-05	316.547492376665
19061.6785052999	0.0001235638536051738	317.6946417549983
19065.7265739999	0.0004173027755807751	317.76210956666495
19130.5075853999	0.0005199125490845173	318.84179308999836
19250.9566749999	0.00011353179487792345	320.849277916665
19378.4927581	4.8749890312746795e-05	322.9748793016667
19410.882493	0.00046810098573795935	323.5147082166667
19530.3206743	5.111353679549928e-05	325.5053445716667
19571.8212052	4.9579783788071766e-05	326.19702008666667
19642.6741056999	4.916501417591242e-05	327.37790176166504
19689.2345588999	0.0003338924550183641	328.1539093149984
19704.9228184999	0.00038490341852807913	328.4153803083317
19714.5381355999	0.00030209681174171265	328.5756355933317
19764.6417523	0.00026432860025248995	329.41069587166663
19793.4898028	0.0003631103271302797	329.8914967133333
19867.378835	0.0003601230316104023	331.12298058333334
19958.9808295	0.0001742378137739577	332.6496804916667
19997.9502709	0.0003183019784047907	333.2991711816667
20018.6999301	0.0004091757245409303	333.64499883499997
20074.3700736	3.578403618481739e-05	334.57283456
20087.5285688	0.0002747556489926451	334.7921428133333
20130.5467481	0.0001741987265584681	335.50911246833334
20139.6562127	0.00014185003813556302	335.6609368783333
20141.1751121	0.00021757405706211076	335.6862518683334
20147.7543776	0.00021623426770470247	335.7959062933333
20214.5584179	0.0001404806213441735	336.909306965
20215.06412	0.0002651975434332819	336.9177353333333
20225.1867278	0.00022873629043164374	337.0864454633333
20239.8628725	0.00023937364478698365	337.331047875
20272.7590116	0.0002263541314171207	337.87931685999996
20382.07437	3.5273451554265855e-05	339.7012395
20433.6960158	0.00024264628729320415	340.56160026333333
20516.1890808	0.00039579032399528587	341.93648468
20677.6326908	0.0002242852908900121	344.62721151333335
20701.9259092	0.00030832057480627945	345.03209848666665
20728.7483018	0.00033568207418961465	345.47913836333333
20729.7604556	0.0002593413870523405	345.49600759333333
20736.3394056	4.440540357245508e-05	345.60565676
20799.0948689	0.0002946283029332825	346.6515811483333
20800.6134195	0.0002903157792302577	346.67689032500004
20818.3260218	0.000193909677910831	346.9721003633333
20867.9231143	0.0003054942136479156	347.79871857166665
20937.2577382	0.000385603435485608	348.9542956366667
20939.7885518	0.0001990739796438697	348.99647586333333
20970.6604852	0.00025484874561461574	349.51100808666666
20987.3617277	6.783548395619398e-05	349.7893621283334
20987.868286	0.0002768162833845927	349.7978047666667
20997.9889428	8.678085412542053e-05	349.96648238
21022.2814479	0.00015573333509116992	350.371357465
21059.2260759	0.0004143179023299192	350.987101265
21099.713946	3.5512232385735446e-05	351.66189909999997
21122.9939724	0.00027702240489368556	352.04989954
21290.0044447	0.00028153453558703236	354.83340741166666
21292.0289008	0.00023289582527132719	354.8671483466667
21296.5846797999	0.0004014749267390528	354.943077996665
21361.8691597	0.0002665544104190268	356.0311526616667
21370.9801703	0.00018162045641816174	356.1830028383334
21389.1992924	0.0002623098862403441	356.48665487333335
21400.8384363	0.00030693241898610546	356.680640605
21406.4066096	0.00035545860246337683	356.77344349333333
21459.0397268	0.0001094631667846183	357.65066211333334
21480.8020405	0.0003112048415133359	358.01336734166665
21488.898925	0.00025362766596446053	358.14831541666666
21504.5881703	0.000454331424143975	358.40980283833335
21585.5624508999	3.4587608105490665e-05	359.759374181665
21604.2876542999	0.00017359816426053905	360.07146090499833
21634.1473175	3.085886390006666e-05	360.5691219583333
21683.7450360999	0.00033104867221279516	361.395750601665
21717.1468420999	0.00022167602912016927	361.95244736833166
21761.1769807	0.0003861725767131464	362.68628301166666
21819.3772205	0.00014094945983985713	363.6562870083333
21894.7847279	0.00021789343594337738	364.91307879833334
21911.4858628	0.00021385740432658526	365.19143104666665
21958.046969	0.00025117039870360095	365.9674494833333
21971.7112428	9.585985575237825e-05	366.19518738
21981.8330688	0.0002327698309492848	366.36388447999997
22046.1071074	0.0002447395071452684	367.43511845666666
22111.8997128	0.0001714490891064481	368.53166188
22171.1112934	0.00023485917560380067	369.5185215566667
22186.2947482	8.726752704941453e-05	369.7715791366667
22189.331072	0.0001065667192135896	369.82218453333337
22222.7339428	0.0003234787437535434	370.3788990466667
22241.4597451	0.00022203494673998786	370.69099575166666
22242.9772333	0.0001767608231208724	370.7162872216667
22304.2138201	9.772268079965074e-05	371.7368970016667
22329.0124681	0.0001578874923417819	372.1502078016667
22374.0551994	0.00018115444789064858	372.90091999000003
22395.8169516	0.00024981432718925123	373.26361586
22464.6462724	0.00027849527651429396	374.4107712066667
22473.7545438	0.00014611739288287063	374.56257573000005
22499.0596386	0.00028814993269922804	374.98432730999997
22525.882288	0.0002822044472141023	375.4313714666667
22526.3884009	0.00015235114168136798	375.43980668166665
22582.0596945999	0.00026882657201316254	376.367661576665
22614.4485773999	0.00032299938035474523	376.9074762899983
22626.5946504999	0.00025798695703054355	377.109910841665
22636.7167658999	0.00022415354295758394	377.2786127649983
22665.0580256999	0.000319097699067012	377.7509670949983
22678.7221706999	0.000227934111322234	377.97870284499834
22691.8805451999	0.000255587112240199	378.19800908666497
22697.9543065999	0.00026437887974234045	378.29923844333166
22709.5936041999	0.0002107782098460554	378.493226736665
22715.1611291999	3.248168754637663e-05	378.58601881999834
22777.9162756999	0.00017373636448633344	379.63193792833164
22780.9538326999	7.568603488501277e-05	379.6825638783317
22785.5077067999	0.00013709007241747743	379.75846177999836
22905.4524160999	0.0002155796923929766	381.75754026833164
22941.3844851999	0.00020071383745958843	382.356408086665
22974.2802842999	0.00017099230063408522	382.90467140499834
23166.5958293999	0.00024433931102778295	386.1099304899983
23220.2419505999	0.00011674394528453583	387.0040325099983
23228.8449975999	0.00019957611158272288	387.147416626665
23244.5341373999	0.00021188246050810335	387.4089022899983
23257.1862723999	3.1018866363830625e-05	387.619771206665
23262.7541326999	8.034149363293663e-05	387.7125688783317
23264.7777641999	0.00015559791276514162	387.7462960699983
23310.3267527999	0.0001952543069113944	388.5054458799984
23313.8692803999	3.0298174433996436e-05	388.564488006665
23330.5693277999	0.00021211554865174055	388.84282212999835
23332.0886316999	0.00020395689622633388	388.868143861665
23336.6431469999	0.000192500767513836	388.94405244999837
23364.4784858999	0.00014700832384968824	389.40797476499836
23424.7030101999	0.000167505838071121	390.411716836665
23462.6594632999	8.652772198113167e-05	391.0443243883317
23523.3910664999	7.935979208265309e-05	392.0565177749983
23588.1708877999	0.00011812502662654289	393.1361814633317
23594.2443563999	1.1717361614704508e-05	393.2374059399983
23636.2490852999	3.393142209094988e-05	393.9374847549983
23659.5304543999	7.446030113313364e-05	394.32550757333166
23680.2799838999	6.21716634040546e-05	394.67133306499835
23726.8403359999	4.3328386494433065e-05	395.44733893333165
23742.0234317999	8.942787282547589e-05	395.7003905299983
23748.6019986999	6.281711306261959e-05	395.81003331166505
23819.4554150999	9.418559376421256e-05	396.9909235849983
23825.0217624999	6.678250002715206e-05	397.08369604166495
23829.0716732999	0.00012890009141758578	397.1511945549983
23840.2044881999	8.480146809737362e-05	397.33674146999834
23847.7958892999	7.10608086720027e-05	397.463264821665
23850.8335913999	0.00010476115851243448	397.5138931899983
23855.8934918999	4.443235151578448e-05	397.5982248649983
23969.2584225999	7.314674709057732e-05	399.487640376665
23988.9969591999	8.174885568039484e-05	399.816615986665
24006.7111449999	5.933371272262052e-05	400.111852416665
24012.2779952999	7.116534087882458e-05	400.2046332549983
24017.8447844999	6.501293192015368e-05	400.2974130749983
24066.9351923999	7.676970720298396e-05	401.11558653999833
24106.4114157999	1.0060276706793013e-05	401.773523596665
24128.6788997999	4.0390437891014415e-05	402.14464832999835
24138.8013865999	6.818896050376819e-05	402.31335644333166
24154.9952947999	5.132621229661988e-05	402.5832549133317
24158.0316908999	8.528173524593011e-05	402.63386151499833
24176.2519525999	5.989143038878063e-05	402.9375325433317
24202.0622665999	2.1438161943446558e-05	403.36770444333166
24270.8909861999	0.0001313965073831742	404.51484976999836
24290.1220808999	9.280769903555058e-05	404.8353680149983
24299.7385524999	6.83561326611182e-05	404.995642541665
24318.4636535999	6.64448466388564e-05	405.30772755999834
24345.7923997999	4.5053172443927665e-05	405.76320666333163
24353.8895244999	9.933858164814627e-06	405.898158741665
24377.1702147999	6.471779509206675e-05	406.286170246665
24493.5718402999	9.226734938756469e-05	408.2261973383317
24532.5406470999	5.3455374744718386e-05	408.875677451665
24550.7596219999	6.772299886234157e-05	409.1793270333317
24562.9063519999	6.692563410408631e-05	409.3817725333317
24577.5828433999	0.00010363341436735158	409.6263807233317
24617.0581281999	2.5845832001223224e-05	410.284302136665
24626.1679021999	3.8972418278870496e-05	410.4361317033317
24634.2653955999	5.563713795818448e-05	410.571089926665
24660.0762732999	9.811548497830122e-06	411.001271221665
24674.7536961999	5.9931581756301565e-05	411.24589493666497
24718.7831327999	8.72732184586804e-05	411.97971887999836
24749.6557183999	0.00010759797249121716	412.4942619733317
24754.7168399999	6.330297210857435e-05	412.5786139999983
24755.7287191999	4.632771663890251e-05	412.59547865333167
24788.1179757999	7.429407441013142e-05	413.13529959666505
24800.2647521999	6.543097852352298e-05	413.3377458699983
24829.1124839999	7.809239901376716e-05	413.8185413999983
24871.1176316999	8.551420263075188e-05	414.5186271949984
24884.7817589999	8.808228009415433e-05	414.74636264999833
24885.2875738999	9.967912183136685e-06	414.75479289833163
24905.5324646999	9.632998511611702e-05	415.09220774499835
24931.8482479998	7.734235660827097e-05	415.53080413333
24938.9333923999	5.7525033014612944e-05	415.64888987333165
24951.5857249999	9.951996127534293e-05	415.85976208333165
24960.1892071998	0.0001274205479791455	416.00315345333
24967.2743572999	0.0001036530421496253	416.12123928833165
24970.8175485999	1.0038393509040912e-05	416.18029247666504
24971.8295404999	9.886926374779271e-05	416.19715900833165
25067.9881382998	8.761301916420659e-05	417.79980230499666
25077.0975103999	9.189031899453973e-05	417.9516251733317
25082.1574583999	9.895150980213657e-06	418.03595763999834
25084.6883283999	0.0001204347492602346	418.07813880666504
