retention_time	intensity	retention_time_min
1.5289483	0.00015240789331582045	0.025482471666666666
5.0709395	0.0001436364039082526	0.08451565833333333
13.169144	0.0001544763482847514	0.21948573333333332
15.6999799	0.00013240420407988936	0.2616663316666667
16.7111774	0.00013819789939192924	0.27851962333333335
17.7233398	0.00018894358288376514	0.2953889966666667
30.3756838	0.00018013932115989596	0.5062613966666667
32.4005433	8.289922217890451e-05	0.5400090550000001
41.0042425	0.00017214462321378732	0.6834040416666666
61.7540941	0.00016791356694474555	1.0292349016666666
65.802642	0.00015859868640552349	1.0967107
79.4671812	0.00013567627004324636	1.32445302
80.9851593000001	0.00011783311110422029	1.3497526550000019
82.5037051000001	0.00011831270219658052	1.3750617516666683
87.5647308000001	0.00014363529521919317	1.4594121800000017
94.1437323	0.00015550096823649753	1.569062205
102.2410237	1.5520431095494108e-05	1.7040170616666666
126.0274488	0.0001109436150688805	2.10045748
130.0766168	0.0001692893103124247	2.1679436133333336
144.7531779	9.897816997826528e-05	2.412552965
165.502732	5.315752107570844e-05	2.758378866666667
176.1315499	5.260001150845889e-05	2.935525831666667
186.2529194	0.0001311150714210896	3.1042153233333334
200.9297379	0.0001091600626045737	3.348828965
202.9534317	0.00015106273392424924	3.382557195
205.4843693	0.00018394849131125329	3.424739488333333
211.0510912	0.00017811184305887342	3.5175181866666665
215.1002506	0.00011351218873981201	3.5850041766666667
216.1119521	0.0001910663072983109	3.6018658683333333
216.6188809	8.18487808269044e-05	3.6103146816666665
227.7518012	0.00022522688296298477	3.795863353333333
247.489699	0.00016188906461462568	4.124828316666667
281.398754	0.00014762992300502056	4.689979233333333
298.6054334	8.325450791568251e-05	4.976757223333333
299.6169175	7.875231624459543e-05	4.993615291666667
307.2095857	0.00015463307995743043	5.120159761666667
310.2458673	9.70536943832658e-05	5.170764455
321.8859619	0.00014264671679975192	5.364766031666666
324.9224067	0.00015063745540146522	5.415373445
345.1659935	9.035177219674749e-05	5.752766558333334
347.6966658	7.03739457294489e-05	5.79494443
367.4341599	0.00019752660365492328	6.123902665
386.6652834	0.00018196402457261053	6.4444213900000005
420.5740752	0.0002066145818150016	7.009567919999999
423.1043708	0.00015177724373278617	7.051739513333334
432.7200531	0.00011839469465057924	7.212000884999999
442.3354542	0.00010120251699425337	7.37225757
455.9994634	0.00017386295318430186	7.599991056666667
459.5421718	0.00017694039305530924	7.6590361966666665
462.073285	0.00017732037886050017	7.701221416666667
474.2189655	3.8946133213690814e-05	7.903649425
487.3784355	7.921988605539723e-05	8.122973925
487.8835393	0.00018941465324437979	8.131392321666667
501.0421832	0.00013914156054457128	8.350703053333334
510.1521084	0.0002523945276679953	8.502535139999999
516.7311786	0.00012103657550227324	8.61218631
525.8406652	8.107982427935338e-05	8.764011086666667
544.5659596	0.00014179064310290948	9.076099326666668
547.0972836	7.196650428572267e-05	9.11828806
596.1882516	0.00020730791577219665	9.936470859999998
601.7551093	0.0001679162937275768	10.029251821666666
604.7910066	4.539866599604076e-05	10.079850109999999
616.937929600001	0.00023685296032192798	10.282298826666683
651.352291400001	9.290989307526522e-05	10.85587152333335
659.449260200001	0.0002295256784810606	10.99082100333335
667.0415526	0.00017260568669057744	11.11735921
681.2111255	1.8970745971467238e-05	11.353518758333333
686.2722442	6.517272759786838e-05	11.437870736666667
692.8511773	0.00022706293700837168	11.547519621666668
693.3579791	0.00013064205227982705	11.555966318333333
701.960805000001	0.00023040662259149233	11.699346750000016
707.0221968	4.863419646090178e-05	11.78370328
711.5773352	0.0001494329740439216	11.859622253333333
731.314703000001	0.0002386544014690328	12.18857838333335
748.0160152	3.6267041479824245e-05	12.466933586666666
755.6071759	4.008997114678519e-05	12.593452931666667
779.3938298	0.00020789421432837785	12.989897163333334
803.17999	0.00012012219520700388	13.386333166666667
809.7587588	0.00016989864907948255	13.495979313333333
814.8199561	0.00022444421070590603	13.580332601666667
815.8315153	0.0001343729474821869	13.597191921666667
823.4233715	0.0001760827022720564	13.723722858333334
844.173383000001	0.00018661779290640506	14.06955638333335
874.032867300001	0.0001745470142181241	14.567214455000018
883.649064200001	0.0001699126135010233	14.727484403333351
893.264680100001	0.00016732914791732628	14.88774466833335
908.952756500001	0.00018679229221576406	15.14921260833335
910.471180700001	0.00020366320613287358	15.17451967833335
927.678364100001	0.0002006285027558443	15.46130606833335
928.690772000001	0.00026437541308658297	15.47817953333335
929.702928400001	8.382512043006203e-05	15.495048806666684
951.970843200001	0.00014608953411313042	15.866180720000017
961.080295500001	0.00021224991003775364	16.018004925000017
966.648265700001	0.00018464714246710677	16.11080442833335
991.952062400001	3.8579294338411396e-05	16.53253437333335
1003.5929851	0.00010762169794831408	16.726549751666667
1015.2332593	0.00014987771526085036	16.920554321666668
1018.2691454	0.00018025854112590744	16.971152423333333
1081.5311357	0.00023019609326644232	18.025518928333334
1105.8236225	0.0001360687093862484	18.430393708333334
1129.1033343	0.00017464198393293747	18.818388905
1142.7686774	0.00015800023961359493	19.04614462333333
1144.2861675	7.81288384819164e-05	19.071436124999998
1152.8893243	0.0001951932637906287	19.214822071666667
1156.9390009	4.154990743160046e-05	19.282316681666668
1164.0245034	0.00020055060256340132	19.40040839
1167.061214	8.495545991670395e-05	19.451020233333335
1207.5490682	0.0001015143577586119	20.125817803333334
1212.6104259	0.00013408268484353566	20.210173765
1215.6460582	0.00016346318525677068	20.260767636666667
1217.1642917	0.00019471715820990832	20.28607152833333
1242.4689729	0.00012451366901356067	20.707816214999998
1251.0725204	0.0001205081979832812	20.851208673333335
1258.157898	0.00015948522337348112	20.9692983
1258.6646286	0.00018828163748500315	20.97774381
1274.3531979	0.0001914103056406813	21.239219965
1277.8964389	0.00013711389436556456	21.298273981666668
1290.0417173	9.321801488075792e-05	21.500695288333336
1294.0907651	0.00013587941514013604	21.568179418333333
1307.7547725	0.00014229669213111052	21.795912875
1325.4682146	0.0004124515519590848	22.09113691
1339.1325071	0.00011939897987747828	22.318875118333334
1344.6995851	0.00016411142301878644	22.411659751666665
1371.5233191	0.00014519012707135914	22.858721985
1379.621065	1.950130483230633e-05	22.993684416666667
1390.7544327	0.00018059091119804736	23.179240545000003
1400.3708418	0.00016134275607057125	23.33951403
1412.0107611	4.029646918307371e-05	23.533512685
1421.6256301	9.365853352681592e-05	23.693760501666667
1498.55263520001	0.0001923171871839508	24.9758772533335
1515.75999030001	0.00016210172836994793	25.262666505000166
1527.39932560001	0.0002010844404773403	25.45665542666683
1539.04023470001	0.0001602813864581559	25.6506705783335
1549.16171540001	0.00016781352955451265	25.8193619233335
1555.23447820001	0.00015554094575309077	25.920574636666835
1561.81346470001	0.00011279507851196122	26.030224411666833
1579.5270853	0.00013963347637283523	26.325451421666667
1587.1185447	0.00023954324929087914	26.451975745000002
1604.32634610001	8.963901089754261e-05	26.738772435000165
1621.02709670001	0.00011696939459983338	27.0171182783335
1657.97161130001	0.0002565885149077134	27.6328601883335
1681.25139400001	4.586403004818137e-05	28.020856566666833
1694.41079240001	0.0001494160425905696	28.2401798733335
1722.751811	0.00019925948837833625	28.712530183333335
1725.7882419	0.00011001484397365586	28.763137365
1728.3182637	0.00024015232284981848	28.805304395
1749.0679624	0.00011344394650718471	29.151132706666665
1763.2390442	0.00012079583040265411	29.387317403333334
1765.2627868	0.00013039262308781036	29.421046446666665
1772.3483124	0.00017510479058221087	29.53913854
1819.92142390001	0.0002082760438616331	30.332023731666833
1834.59850630001	0.0001413273002103724	30.576641771666836
1861.42102920001	0.00010814623829286247	31.023683820000166
1890.26782610001	0.0001368640931209937	31.5044637683335
1915.06704060001	5.555140992794899e-05	31.917784010000165
1921.14003440001	9.01811292194444e-05	32.0190005733335
1939.86483280001	0.00023745245341015586	32.33108054666683
1942.90272180001	0.0001748254604690224	32.381712030000166
1946.95043850001	2.483434457404753e-05	32.449173975000164
1953.02356680001	0.00017657339948243196	32.550392780000166
1954.03537150001	0.00017893264405007635	32.56725619166683
1956.06047830001	0.00014656540329711592	32.60100797166683
1981.87064720001	0.0001623208874769017	33.0311774533335
2000.09079920001	7.290666236558089e-05	33.3348466533335
2009.20032000001	0.00015289876645481964	33.48667200000016
2010.21175040001	0.00014276103116128716	33.5035291733335
2025.39477940001	0.0001943198619959238	33.75657965666684
2045.63827240001	0.0001556747139786009	34.093971206666836
2047.66358840001	0.00017598660671195443	34.1277264733335
2067.90642300001	8.546190729713838e-05	34.465107050000164
2087.13838550001	0.0001991110814897508	34.785639758333495
2111.43005610001	0.00017774300438003614	35.190500935000166
2112.94967810001	0.00020254459093878586	35.2158279683335
2121.04598910001	0.0002041054585126469	35.350766485000165
2130.15575710001	0.00030393877015321276	35.502595951666834
2154.95438640001	0.00026301338188965	35.91590644000017
2160.52154190001	0.00022615541633876914	36.008692365000165
2184.30772880001	0.0001774411527355106	36.4051288133335
2271.86238670001	0.00015922157638052612	37.864373111666836
2272.36761990001	0.00025196995628815316	37.87279366500017
2288.56327320001	0.00025590241807214143	38.14272122000016
2289.57572720001	0.00018093107585857095	38.1595954533335
2357.89764550001	0.00018114186433823725	39.29829409166684
2370.04421680001	0.0002359641194592651	39.500736946666834
2379.15330530001	8.624865605690049e-05	39.6525550883335
2388.76901440001	9.528547374866064e-05	39.81281690666683
2394.33645580001	0.00013024819767185088	39.90560759666683
2404.96427560001	0.00028694035422318894	40.08273792666683
2408.50725300001	9.911584077786418e-05	40.14178755000017
2410.02590380001	0.00015735392436170022	40.16709839666683
2435.83577880001	0.00016626915874170045	40.59726298000017
2439.37885760001	0.00021206268371335327	40.6563142933335
2468.73174770001	0.000185346428641249	41.1455291283335
2477.33523940001	8.329277148888432e-05	41.28892065666683
2480.37241340001	0.00011296941815837935	41.3395402233335
2506.18265360001	0.00010985873838833049	41.769710893333496
2514.28032050001	0.00014587868272364466	41.9046720083335
2522.88482370001	1.693735699695391e-05	42.04808039500017
2526.93335960001	0.00017770911535049835	42.1155559933335
2531.99363490001	0.00020590394735670807	42.19989391500017
2548.18845840001	0.00031329607823187363	42.46980764000016
2554.76779520001	0.00021441987106321075	42.5794632533335
2597.78566790001	0.00017763855708323833	43.296427798333504
2645.86410740001	0.0001510867372837829	44.0977351233335
2660.03552770001	0.00015002301200438373	44.33392546166683
2667.62685840001	0.00015286790561367053	44.46044764000017
2702.54730040001	0.00011531235796550064	45.042455006666835
2717.72963150001	0.00016701928364385373	45.2954938583335
2718.74237110001	0.00013795943068267518	45.31237285166684
2722.79163090001	0.00016623420087036266	45.37986051500017
2750.12004960001	0.00011848897575634852	45.835334160000166
2795.66881960001	0.0001829521892521081	46.59448032666683
2806.29582650001	0.0002447795012978779	46.7715971083335
2810.85075900001	0.00016631757301081585	46.84751265000016
2815.91221210001	0.0001766520729426494	46.93187020166683
2848.30265900001	0.00015864379704585464	47.4717109833335
2858.92988250001	0.00018861949501052184	47.64883137500017
2872.08825240001	0.00011135489134629166	47.86813754000016
2872.59444380001	0.00012308547565513447	47.8765740633335
2892.83839130001	0.00019533669197686345	48.2139731883335
2905.99594950001	0.00023920956447711682	48.43326582500016
2944.45989290001	0.00017270699754293523	49.0743315483335
2950.02656220001	9.892975987049196e-05	49.16710937000017
2964.70327330001	3.699847640274173e-05	49.41172122166684
2970.27046820001	0.00020573914236168942	49.504507803333496
2970.77639690001	1.7282001947105554e-05	49.512939948333496
2983.42848200001	0.0001729816811278854	49.7238080333335
2991.52672780001	0.00012176994094157865	49.85877879666683
2999.11753140001	0.00018030564447197228	49.98529219000017
3013.79383570001	0.00012843004637307	50.22989726166683
3016.83146830001	0.00019940645205372958	50.28052447166683
3018.34863160001	0.00010368601940823898	50.30581052666683
3020.87985640001	0.00017531682931751772	50.34799760666683
3025.43399380001	0.0001605158626537189	50.42389989666683
3026.44606320001	8.387643981355914e-05	50.44076772000017
3035.55629480001	0.00026782690561056785	50.5926049133335
3067.43998100001	0.00011796139353283473	51.1239996833335
3075.53791220001	0.00014243554226492106	51.258965203333496
3088.69642570001	0.00014048054137359085	51.478273761666834
3105.90329230001	6.018496601567818e-05	51.765054871666834
3115.51924220001	0.0001948934082974619	51.9253207033335
3147.40288880001	0.0001353338383808257	52.4567148133335
3151.95780650001	0.00016743714209365972	52.5326301083335
3180.29857520001	4.3562012243982426e-05	53.0049762533335
3192.44566450001	4.276027315562564e-05	53.207427741666834
3214.20672800001	0.00016361724858449805	53.5701121333335
3237.48770420001	0.00013827659173780681	53.9581284033335
3246.59722410001	8.9139889578428e-05	54.10995373500017
3247.10252420001	0.00016608782405611494	54.1183754033335
3249.63318230001	0.00012992753926201157	54.160553038333504
3254.18826220001	0.00016718262272383358	54.23647103666683
3255.70663860001	0.0001763041287221417	54.26177731000017
3271.39489080001	0.00010380301672781826	54.523248180000174
3290.62700510001	0.0001648663991998078	54.8437834183335
3301.25488800001	0.0001825182990654912	55.02091480000016
3305.80968690001	0.00019466973921032616	55.09682811500017
3309.85869670001	9.259073037769049e-05	55.16431161166683
3318.46226200001	0.000256267371790223	55.30770436666683
3328.07816060001	0.0001485508355701007	55.4679693433335
3333.13821930001	0.00011396053561451739	55.552303655000166
3344.27271650001	0.00016732382351370318	55.7378786083335
3366.54058480001	0.00011990172583075306	56.109009746666835
3367.55337060001	3.7726444823079295e-05	56.12588951000017
3381.72387010001	0.00011535997069932889	56.362064501666836
3392.35189270001	0.00012876073446873795	56.539198211666836
3401.46215260001	0.0001969409926254161	56.69103587666684
3414.11408890001	0.0002174593720879313	56.90190148166683
3442.45547190001	0.00015045369442219994	57.37425786500016
3447.00905910001	0.0001872057886485008	57.450150985000164
3468.77133270001	0.00012233946811861585	57.81285554500017
3490.02700320001	8.108963628855666e-05	58.167116720000166
3501.66768890001	0.00014535223561870173	58.3611281483335
3506.72857810001	0.00012025087142839294	58.44547630166684
3529.00658520001	9.27884126875739e-05	58.81677642000016
3532.04292730001	0.00017899857290590898	58.867382121666836
3536.59740810001	0.00019975036889382643	58.94329013500017
3540.14085230001	0.00012768988090717056	59.0023475383335
3550.76870360001	0.00010039515380423477	59.179478393333504
3582.14704040001	0.0001380717171222291	59.7024506733335
3593.28078370001	0.00015600412656076708	59.88801306166683
3604.41401010001	8.580780176524259e-05	60.073566835000165
3612.00549530001	0.00014434237007306304	60.2000915883335
3624.65770650001	0.00016875541714874576	60.41096177500017
3639.33453480001	7.0374203316335e-05	60.65557558000016
3644.39607500001	0.00015193550238402727	60.7399345833335
3655.53047070001	0.00019429922939677113	60.92550784500017
3689.43758210001	0.00016008844014165307	61.4906263683335
3697.02933850001	0.00013187043076428814	61.617155641666834
3725.87650730001	0.0001423026498269455	62.0979417883335
3776.48653380001	4.432725803635691e-05	62.94144223000016
3776.99171520001	0.0001948314552667755	62.94986192000017
3812.41879550001	0.00014811862622264672	63.540313258333505
3822.03499540001	0.00010265773414133377	63.70058325666683
3838.73620550001	0.00011785157704612741	63.9789367583335
3844.80837000001	0.00010155919747130788	64.08013950000017
3847.84596150001	0.0001305629714312117	64.13076602500017
3848.35129770001	0.0001529529652561194	64.13918829500017
3855.43604690001	0.00022449185827035466	64.2572674483335
3862.01610280001	0.00014363310622490534	64.36693504666682
3876.69291900001	0.00010800729779039125	64.61154865000017
3878.21035880001	5.3990760831052785e-05	64.6368393133335
3891.87519130001	0.00017459568939984924	64.86458652166684
3894.91197950001	0.00010144074951261174	64.9151996583335
3898.96037400001	9.880896627087982e-05	64.98267290000017
3901.49137580001	0.00021752766353441607	65.02485626333349
3908.07086310001	0.000167079811840025	65.13451438500016
3942.99051310001	0.0001148971707030569	65.71650855166683
3947.03939430001	0.00013850683442243037	65.78398990500017
3957.16198330001	4.0692063740944613e-05	65.95269972166683
3980.94745100001	0.00010738868161108735	66.3491241833335
3986.00901760001	0.00010956162782661146	66.43348362666683
3992.08176530001	9.057140931608958e-05	66.5346960883335
4004.22800790001	0.00013262912282584804	66.73713346500017
4009.28922010001	0.00018556446208595477	66.82148700166684
4011.81978000001	9.8816596397087e-05	66.86366300000016
4032.56928470001	0.000160552241060026	67.20948807833351
4046.73978500001	9.443549572733039e-05	67.4456630833335
4050.28271700001	4.824185441688378e-05	67.50471195000017
4094.81868360001	0.00014007900038513036	68.24697806000016
4109.49519900001	0.00027024652119777236	68.49158665000017
4121.13580700001	9.432633042553015e-05	68.6855967833335
4126.19592980001	4.442921699485903e-05	68.76993216333351
4127.20859020001	0.00014218076217065054	68.78680983666683
4133.78734080001	0.00013769767962339873	68.89645568000016
4139.35449640001	0.0001531295434326151	68.98924160666684
4144.41601550001	0.00013506228360860405	69.0736002583335
4157.06837500001	0.00022065471890406465	69.28447291666683
4174.27490110001	7.24801151447415e-05	69.57124835166682
4187.43313550001	0.00022233500965425994	69.7905522583335
4201.09778970001	0.00011125339881092054	70.01829649500017
4217.29243360002	0.0001568603352768383	70.288207226667
4227.92038390001	0.00015109714005997267	70.46533973166683
4234.50033400001	0.00013577017711081062	70.57500556666683
4245.63368810001	0.00019596552617414891	70.76056146833349
4272.45751090002	0.00015698587127158556	71.207625181667
4272.96335570002	0.00014429392485097435	71.21605592833366
4282.07217880002	0.00014573602558456841	71.367869646667
4295.23060630002	0.0001935591851199228	71.58717677166699
4299.27969420002	9.329496904699626e-05	71.65466157000033
4306.87115630002	0.00020628694797047552	71.78118593833366
4308.39028170002	0.00011538049215685205	71.80650469500033
4320.53522490002	0.00019477720209232726	72.00892041500033
4341.28517520002	4.042609099913084e-05	72.35475292000032
4364.06002240002	0.00022892377320758606	72.734333706667
4364.56543020002	0.00013997851351486048	72.74275717000033
4375.19406070002	0.00015703118077797985	72.919901011667
4383.79677550002	0.00023182021738659954	73.063279591667
4422.26054500001	0.00024042743067714502	73.70434241666683
4427.82751760001	0.00010270587369958218	73.7971252933335
4428.83994550001	0.00027941556660324895	73.81399909166683
4445.03427300001	0.00011874895060481663	74.08390455000017
4463.25395270002	0.000277502315920063	74.38756587833366
4467.30297210002	0.0002187407970860857	74.45504953500034
4543.72248460001	0.00021700266151608694	75.72870807666683
4548.78374060001	0.00011942512780380975	75.8130623433335
4555.36283990002	0.00020555803964868787	75.92271399833366
4560.92963790001	0.0001677881784456517	76.01549396500016
4599.39284120001	0.00025773412207216257	76.6565473533335
4653.03933220002	0.0002443805632774549	77.550655536667
4656.07602250002	6.986021649875149e-05	77.601267041667
4658.60556730002	0.00029058704289055973	77.643426121667
4662.65439950002	0.00021347165764732287	77.71090665833367
4684.92265060001	0.0002466182701489908	78.08204417666683
4718.32551200001	0.0002118030222331019	78.6387585333335
4726.42187920001	5.7044628073818626e-05	78.77369798666683
4726.92830620001	0.00016462004368801903	78.78213843666684
4753.75074290001	0.00015925034993168998	79.22917904833349
4788.16574530002	0.00014235017871087131	79.802762421667
4789.68322230002	0.000290510432008317	79.82805370500033
4801.32393150002	0.00013113147318074224	80.02206552500033
4805.37237520002	0.00022847239801766886	80.08953958666699
4812.45795600002	6.852972333979607e-05	80.20763260000034
4821.56736270002	0.00016761861240817847	80.35945604500033
4829.66569660002	6.30223165072219e-05	80.494428276667
4844.84845080002	0.00022343450634329293	80.74747418000034
4849.40271550002	0.000151924711355183	80.82337859166701
4850.41479240002	0.00011392898582191126	80.84024654000034
4858.00636390002	0.0001925716957327502	80.966772731667
4913.17083330001	0.00016797125930860556	81.88618055500017
4924.30414370001	0.0002618463744422479	82.07173572833351
4963.77986660002	0.00013609596765696403	82.72966444333366
5003.25482040002	0.00012964415741250677	83.38758034000034
5005.78540780002	0.00022984316329587403	83.42975679666701
5012.87086030002	0.0002006570668698178	83.54784767166699
5024.51051290002	8.225818575316587e-05	83.741841881667
5067.52915380002	0.00018688123039088916	84.45881923000033
5117.12535810002	0.00024059889403393628	85.28542263500033
5121.17443490002	0.00012943522310333703	85.35290724833366
5131.80310680002	0.0002398134232458508	85.53005178000033
5141.41831180002	0.00020444712586426515	85.690305196667
5155.58901240002	0.00018459859685787162	85.92648354000033
5174.82044870002	0.0002111351219666244	86.24700747833367
5179.88105090002	0.0002259287424208914	86.33135084833367
5187.97926930002	0.00016970231302244337	86.46632115500033
5203.66815780002	0.00033567880578223386	86.72780263000033
5211.25860700002	0.00015943053137765215	86.854310116667
5216.82664250002	6.26406379439109e-05	86.94711070833367
5228.46580270002	0.0001135891068521797	87.14109671166699
5242.63662700002	9.61355491421141e-05	87.377277116667
5261.36294460002	0.00015885024371088368	87.68938241000032
5270.47141600002	0.00013880916397027192	87.841190266667
5277.55679580002	0.00013089471935984507	87.95927993000033
5282.11276700002	6.168984260004036e-05	88.03521278333366
5285.65448780002	0.0002563939798495161	88.09424146333367
5293.75272970002	0.00021609041801742013	88.229212161667
5295.27037180002	7.826987716001905e-05	88.25450619666701
5296.28303020002	6.691474868457158e-05	88.271383836667
5331.70862490002	0.00016313821088822632	88.86181041500033
5360.55704810002	0.00025561564462068197	89.34261746833367
5364.09951990002	0.0002001033328065024	89.40165866500033
5365.11188650002	0.00015378603816215046	89.418531441667
5369.15987650002	0.0002499473031797938	89.485997941667
5389.90928570002	2.2107535967732822e-05	89.83182142833365
5398.51302460002	9.084898873719412e-05	89.975217076667
5402.56203120002	0.00021719158673482993	90.04270052000034
5408.12860290002	0.00021032445339929005	90.13547671500034
5447.09860530002	0.0002468195469511519	90.78497675500033
5461.77538910002	0.00016770036934545153	91.02958981833368
5474.93346610002	0.00021254954636685858	91.248891101667
5496.69528120002	0.0001640271682550522	91.61158802000033
5505.29879910001	7.510283612300384e-05	91.75497998500016
5548.31728790002	0.00022854912527779414	92.47195479833367
5548.82364400002	0.00027917595720099197	92.480394066667
5555.90832700002	0.00012303530799015537	92.598472116667
5616.63900570002	0.00018550979593438087	93.61065009500034
5618.66392520002	0.000228132664208493	93.64439875333366
5627.26720820002	0.00020376834951049284	93.78778680333366
5636.88375970002	0.0001902261975793226	93.94806266166701
5645.99272220002	0.00015857976362639007	94.09987870333366
5648.52338030002	0.00016249279805167173	94.14205633833367
5656.62106190002	0.00021744219549088814	94.27701769833367
5664.21248230002	0.0001660336535634914	94.403541371667
5673.82777850002	0.00033708132048954114	94.56379630833366
5683.44380580002	0.00019681257792459724	94.72406343000033
5702.16878180002	0.00018747731926533018	95.03614636333367
5731.01697720002	0.00011860430107853885	95.51694962000033
5758.85234500002	0.00018995075606237388	95.980872416667
5764.41869560002	0.00021065882655382562	96.073644926667
5793.77184410002	0.00023033152815765621	96.56286406833367
5825.14975840002	0.00013536591420705083	97.085829306667
5840.83797910002	0.0001681807015832031	97.347299651667
5851.46625610002	0.00014658583403059686	97.52443760166699
5855.00885230002	2.290262820382321e-05	97.583480871667
5879.80741830002	0.0002786297283255401	97.99679030500033
5903.59405540002	0.00012239110531995118	98.393234256667
5939.52658910002	0.00016424402157254588	98.99210981833366
5990.13621340002	0.00016977529147559943	99.835603556667
6004.81275390002	0.0001504456265346552	100.08021256500032
6007.34271850002	0.00012044779949738768	100.122378641667
6015.94697900002	7.821958221403446e-05	100.26578298333366
6052.38536170002	0.000296421417757441	100.87308936166701
6065.03754080002	0.00038650001684158126	101.08395901333367
6072.62928940002	0.00011208428738411285	101.210488156667
6089.32998370002	5.5303586271658955e-05	101.48883306166701
6098.43984160002	0.0002111369288283533	101.64066402666701
6100.97080970002	0.00022522186933005378	101.68284682833367
6107.54943080002	7.773117774335949e-05	101.79249051333366
6162.20804830002	0.00024370188224527665	102.703467471667
6169.29241420002	5.9868892617726136e-05	102.821540236667
6186.50025910002	0.00033073570450824544	103.108337651667
6188.01892950002	0.00029723151847996546	103.13364882500034
6195.10301560002	0.00042619128256002494	103.251716926667
6212.31096010002	0.00018262820624315144	103.53851600166699
6213.82892580002	6.91620810463351e-05	103.56381543000035
6217.37228810002	0.0001515984787037334	103.62287146833367
6227.99951510002	0.00019799855538484172	103.79999191833367
6235.59113180002	0.00025799357607261673	103.92651886333367
6277.59716230003	0.0003145088081710708	104.62661937166716
6344.40167370003	0.0003404116553963649	105.74002789500051
6348.95620730003	0.00032139670882381735	105.81593678833383
6411.20568650003	0.00044950225159193485	106.85342810833384
6425.88206250003	0.00026188219105986195	107.0980343750005
6435.49826220003	0.00017622682455175617	107.2583043700005
6445.11412160004	0.00028204384488573835	107.418568693334
6462.32106440004	0.0002971055209415883	107.705351073334
6500.27751490003	0.00026016701043573133	108.33795858166717
6526.08797190003	0.00022638882998760163	108.76813286500051
6613.64200680003	0.00011379629678074201	110.2273667800005
6619.71598190003	0.00010461095526858295	110.32859969833383
6677.41008680003	0.0002256574370909959	111.29016811333382
6703.22145630002	0.00019533782004166033	111.72035760500033
6723.46405430002	0.00017041030323083008	112.05773423833367
6729.53791710003	0.00013448493152132994	112.1589652850005
6730.04337270003	0.0002440846854209055	112.1673895450005
6736.62319640003	0.00017100741427195144	112.27705327333383
6819.11584270003	0.0001939762807315425	113.65193071166716
6832.78029600003	0.00029884070416487764	113.87967160000049
6852.51845430003	0.00026847843610056397	114.2086409050005
6858.08478490003	0.00027627446751765156	114.30141308166716
6890.47491910003	0.0001997028810793697	114.84124865166717
6894.52356940003	0.00013967255943668453	114.90872615666717
6904.14008420003	0.00016450104775951442	115.06900140333384
6918.81672440003	0.00022874412543496042	115.31361207333383
6942.09606440003	0.00023132485886392826	115.70160107333383
6980.55944800003	0.0002774940889957755	116.34265746666716
6982.07863960003	6.788828204653898e-05	116.36797732666717
7009.40750480004	0.0004719325011673463	116.82345841333401
7012.94995150004	0.00018566375117919364	116.88249919166734
7032.18084160004	0.00019607468349045	117.20301402666733
7043.31553840004	0.0002537565804672562	117.38859230666733
7045.84525310004	0.00029610793933816356	117.430754218334
7053.94379750003	0.00031565125952323587	117.56572995833383
7101.00949480004	0.00028820538751079964	118.35015824666733
7125.30214900004	0.00022799987113050762	118.75503581666733
7144.02735870004	0.0002872310414689816	119.06712264500067
7178.44162080004	0.0002747919345837478	119.64069368000067
7180.97291400004	0.00032962696142527605	119.68288190000067
7270.55126530004	0.0001186859365683296	121.17585442166732
7294.84308500004	0.0002647114379284933	121.580718083334
7299.39796540004	0.00036733356854463326	121.65663275666734
7325.71534810004	2.632722873154827e-05	122.09525580166732
7343.93430420004	0.00013535539963681743	122.39890507000067
7346.97116510003	0.0001873878571415142	122.44951941833384
7357.09255260004	0.00027522416945765756	122.61820921000067
7359.62365630004	0.00021420163256379414	122.66039427166734
7371.26387760003	0.0004588741227453274	122.85439796000051
7373.79446710003	0.00036590357120628095	122.89657445166716
7389.48322570004	0.0003730578469422861	123.15805376166733
7423.89682400004	0.00020591867248505633	123.731613733334
7433.00679170004	0.00022588119753863152	123.88344652833399
7439.58568620004	0.0002706664592400344	123.99309477000067
7442.62300960004	0.00017790579464588274	124.04371682666734
7508.41417100004	0.0002333325201100729	125.14023618333401
7523.59714990004	0.00021046623157280176	125.39328583166733
7532.20091200004	0.0002571113664019722	125.53668186666734
7559.02376800004	0.0002931773266913577	125.98372946666733
7585.34052110004	0.00028677028803771027	126.42234201833399
7635.44426100004	0.00037704344079071396	127.25740435000066
7645.05911720004	0.0001842519714647593	127.417651953334
7661.76016800004	0.00019624562679473835	127.69600280000067
7673.40120150004	0.00034078769743837057	127.89002002500067
7696.68155980004	0.0002785020007395317	128.27802599666734
7697.18654940004	0.00018759193862338472	128.28644249000067
7703.26088200004	0.00019252405394373673	128.38768136666732
7730.08341570005	0.00022686000485579283	128.83472359500084
7754.88217930005	0.0003296506433241814	129.24803632166748
7761.96657410005	0.00038577770066079616	129.36610956833417
7800.93653840005	0.00013019416004490632	130.01560897333417
7811.56463710005	2.4407481272682008e-05	130.1927439516675
7843.95497930005	0.00029230555130166223	130.73258298833417
7852.55709700005	0.00020521957060957665	130.8759516166675
7893.55108830006	0.00019981592029099537	131.559184805001
7900.63652400006	0.00022597096715573943	131.67727540000098
7957.82467300006	0.00016097014310190023	132.63041121666768
7967.94690440006	0.00016044636834556874	132.79911507333432
7987.68406790006	0.0002099545859102216	133.12806779833434
8012.98885150006	0.00023001826389037924	133.54981419166768
8028.17177860006	0.0003395201448619285	133.80286297666765
8032.22016950006	8.872639124655557e-05	133.87033615833434
8140.52444370006	0.00028733066138580574	135.675407395001
8156.71975180006	0.0002048805597133704	135.94532919666767
8161.27390430006	0.00030213382705793456	136.02123173833434
8196.70054840006	0.000284649708512027	136.61167580666768
8198.21899040006	0.00011745581060330989	136.63698317333436
8229.09068300005	0.0002798627296250757	137.15151138333417
8235.66956300005	0.0002510805532160415	137.26115938333416
8260.97478620005	0.00019207612526410468	137.68291310333416
8276.66311060005	0.0002051441365199413	137.94438517666748
8314.62126390006	0.0002730013122553117	138.57702106500102
8326.26012450005	0.0001566548847968961	138.77100207500084
8341.44342190005	0.0002116555225716195	139.0240570316675
8348.02249020006	2.57190768108802e-05	139.13370817000097
8370.29049880006	0.00015958413148407167	139.50484164666764
8375.85779350006	0.00020584100374015227	139.59762989166765
8390.02915440005	0.00023270202940092277	139.83381924000085
8391.04095520005	0.00018231559397439214	139.8506825866675
8398.12566820005	0.00032923313295582637	139.9687611366675
8428.49206630005	6.039701648889304e-05	140.4748677716675
8443.67398600005	0.00020524347464146366	140.72789976666752
8463.91834950005	8.64560243222794e-05	141.06530582500085
8479.60674020005	0.00012748790824214552	141.32677900333417
8508.96052490006	0.0001419238094930901	141.81600874833433
8597.52555350005	0.00026856399996886215	143.2920925583342
8599.04413080005	0.00044389011132655063	143.31740218000084
8614.73320790005	0.000315074019415096	143.57888679833417
8635.48292040006	0.00015812091814502768	143.924715340001
8658.76328960006	0.0003968864492744175	144.31272149333432
8665.34326280006	0.00015102692799102217	144.42238771333433
8675.46433840006	0.00015427260466898573	144.59107230666766
8676.98247420005	0.0001870681258983533	144.61637457000083
8685.08057380006	0.0002721036878207547	144.75134289666767
8740.74996460006	0.0003646986564543965	145.67916607666766
8787.81733170006	0.0002218395299746371	146.463622195001
8872.84135200005	0.0001579694796517579	147.88068920000083
8887.51752070005	0.00020415970129541435	148.1252920116675
8892.07228060005	0.0002930493548290141	148.20120467666752
8929.52281390005	0.00028769663602909315	148.8253802316675
8962.41967780006	0.0002820372564605536	149.37366129666768
8966.97358430005	7.658963380581337e-05	149.4495597383342
8978.10868050005	0.00014047958372087073	149.63514467500084
8980.13225120005	6.800476138763452e-05	149.66887085333417
8989.74860420005	0.0001818575076482381	149.82914340333414
9020.61966320004	0.00020921682144267305	150.343661053334
9030.23554530004	0.00010039237152580701	150.50392575500067
9039.85144850004	0.00029360302920320905	150.66419080833398
9142.58836750004	0.00021692720886991253	152.37647279166734
9173.96518010004	0.000338365156707471	152.899419668334
9216.98365920004	0.0002264209959956163	153.61639432000067
9237.73317890004	0.00023219983705678927	153.962219648334
9266.58053720003	0.00017594010269253083	154.44300895333384
9267.59295550003	0.00020880296990146016	154.45988259166717
9289.86084280004	0.0004200353482830633	154.83101404666735
9296.43993360004	0.00031128076956345575	154.94066556000067
9306.05690110003	0.00022427618289771683	155.10094835166717
9308.58657000004	0.0002514752172024943	155.14310950000066
9332.87934240003	0.0001740826041422761	155.54798904000052
9342.49528740003	0.0001014467827085708	155.7082547900005
9350.59208870003	0.0002687053648324566	155.84320147833384
9367.29298930003	5.702645799545157e-05	156.12154982166714
9371.34190360003	0.0001925890796786712	156.18903172666717
9397.65866020003	0.00028749982886914946	156.62764433666717
9491.28672180003	0.0001237866658484756	158.1881120300005
9499.89009150002	0.0004914866607062589	158.33150152500033
9512.54185280002	0.0002635943768496398	158.54236421333366
9536.83376030002	9.700543321085264e-05	158.94722933833367
9575.29717930002	0.0002638708642062994	159.588286321667
9593.01106570003	0.00010123528681384431	159.88351776166715
9599.59022150003	0.0001438561872410419	159.99317035833383
9626.91925210003	6.368574648907289e-05	160.44865420166715
9643.61983300002	0.00021937884216542298	160.726997216667
9670.44325960003	0.00012361318636898446	161.17405432666718
9673.98509680003	0.00018466118085067818	161.23308494666716
9707.89423840003	0.00016100960690654544	161.79823730666715
9716.49775670003	0.00016720397462808965	161.94162927833383
9726.61990780003	0.00014309387040136186	162.11033179666717
9750.40607090003	0.00018381855139492842	162.50676784833382
9762.55253370003	0.00010085094567805171	162.7092088950005
9766.60078360003	0.00015417797165471507	162.77667972666717
9784.81977050003	0.00011951139953370832	163.08032950833382
9801.01522180003	6.792563314302444e-05	163.35025369666715
9802.53359510003	0.00016210671338934065	163.37555991833383
9806.58216580003	0.0001150041578426297	163.44303609666716
9808.60564260003	0.00014020397260704453	163.47676071000052
9824.80079900003	0.00014833387953981354	163.74667998333382
9828.34381450003	0.0001561762956174865	163.80573024166716
9839.98346300003	7.992529088599288e-05	163.9997243833338
9840.99567760003	0.00015895463359064642	164.01659462666717
9856.17903290004	0.00017947704076011733	164.269650548334
9878.44740600004	0.00014011622899199274	164.64079010000066
9953.85542290004	0.00020710718137141007	165.89759038166733
9965.49562180004	0.00025649044750108676	166.09159369666733
9968.53126790004	0.00022941371002031463	166.142187798334
9970.55570980004	0.0001128358071220787	166.17592849666735
9971.06210310004	0.00019822281752907359	166.18436838500065
9983.20837230004	6.999049849657281e-05	166.38680620500065
10004.4646123	0.00017146498015876944	166.74107687166668
10006.9940938	0.00017490612077431103	166.78323489666667
10044.9513782	7.9595606322531e-05	167.41585630333333
10080.3781904	0.00010389274669107738	168.00630317333335
10088.9817827	0.00028409535586269505	168.14969637833335
10111.7560097001	0.00020016532925369595	168.529266828335
10117.8293169001	0.0001364783104469705	168.63048861500167
10118.3349373001	6.595766475966721e-05	168.63891562166833
10164.3901498	0.00012441654805380597	169.40650249666666
10187.6696889	6.476307967398898e-05	169.79449481499998
10190.7066988	7.164961292149591e-05	169.84511164666668
10197.7915136	8.116799148213548e-05	169.96319189333332
10199.8164502	0.00016823985010520751	169.99694083666665
10205.8893932	0.00011456889897615546	170.09815655333333
10208.9263094	6.962020886799382e-05	170.14877182333333
10228.6635457	0.0001336441797959699	170.47772576166665
10244.8586033	0.00015356569247441034	170.74764338833333
10262.0650317	4.4553536128050604e-05	171.034417195
10274.7182568	0.00015594773965060563	171.24530428
10277.2484401	0.00015295686824137424	171.28747400166668
10288.8882434	0.0002071892280653289	171.48147072333333
10304.5775384	0.00010781171206158019	171.74295897333334
10309.6382398	0.00014014921946653872	171.82730399666667
10320.2659573	0.00016124185272474526	172.00443262166667
10322.7968212	0.00014972876515360073	172.04661368666666
10329.3760667	0.00020704637647830923	172.15626777833333
10337.9791003	0.00014189198697251752	172.29965167166665
10351.1377075	0.0001376251516183795	172.51896179166667
10353.1616263	0.00013914280621400246	172.55269377166667
10356.1982163	0.00012805012069114273	172.60330360499998
10383.0218696	0.0002292088011328655	173.05036449333332
10402.7588701	0.00023973030143617012	173.37931450166667
10416.9292612	0.00011820598621211604	173.61548768666668
10442.7408926	8.974645068380559e-05	174.04568154333336
10458.9356662	0.00013011941115647106	174.31559443666666
10510.0511918001	0.0002316277348121469	175.167519863335
10520.1730879001	0.0002162096154312608	175.33621813166835
10529.7891091001	4.215491272966209e-05	175.49648515166834
10538.8984602001	0.0001211010761481994	175.64830767000166
10546.4898551001	6.36127225445089e-05	175.774830918335
10564.2029010001	6.273179199873747e-05	176.07004835000168
10610.2567961001	0.0002713143451256771	176.83761326833502
10619.8723389001	0.00023390491212168745	176.99787231500167
10629.4885395001	0.00022882132614759695	177.15814232500168
10639.6103171001	0.0001495709793216242	177.326838618335
10673.0128872001	0.00011816200752181123	177.88354812000168
10731.7188667001	0.0002454091563002454	178.8619811116683
10738.2983001001	1.810278762815265e-05	178.97163833500164
10750.4446702001	0.0003217296184286725	179.17407783666835
10757.5299549001	0.00014587325391161404	179.29216591500165
10787.3896131001	0.00023467081522398885	179.78982688500167
10795.9927922001	0.0001276381800040782	179.93321320333501
10799.0293467001	0.00010084032376368474	179.98382244500166
10813.2008684001	0.00014837568269803622	180.220014473335
10825.3462098001	0.00013736734200085662	180.42243683000166
10864.3158856001	5.399726870531877e-05	181.07193142666833
10895.6931289001	8.04195344310224e-05	181.59488548166834
10903.2854323001	0.00024255214871197307	181.72142387166832
10904.8038062001	0.00011666898750136428	181.74673010333498
10915.9367689001	0.00019370044446832837	181.93227948166833
10935.1687858001	0.0002094445310568445	182.25281309666835
10937.1937923001	0.00011606222084879932	182.28656320500167
10964.0161589001	0.00016322212729956738	182.733602648335
10976.6687551001	0.00020956661857431477	182.94447925166833
10980.2112324001	6.241938289305466e-05	183.00352054000166
10992.3571468001	0.00018933223777022832	183.2059524466683
10993.8759140001	7.563871829022187e-05	183.231265233335
11003.9977532001	0.00015874291368482086	183.399962553335
11004.5039059001	0.00011943326588714487	183.40839843166833
11060.6794221	0.00017995467417032974	184.344657035
11069.7892379	0.000203037828693489	184.49648729833334
11082.9474265	9.951201419101633e-05	184.71579044166668
11149.7514828	0.0001185489450531587	185.82919138
11151.7762269	0.00019736624004206368	185.862937115
11156.331231	0.0001726910838947811	185.93885385000002
11169.9960263	0.00013373099088899982	186.16660043833332
11176.0694769	0.00012696087785705521	186.267824615
11179.6114157	0.0001297151758575517	186.3268569283333
11181.1301393	0.00024809814322878537	186.35216898833332
11189.7338493	0.00019839755227019887	186.495564155
11197.3246255	0.000182940569756895	186.62207709166665
11201.8796056001	0.00013165909374657139	186.69799342666832
11210.9896415	0.00027637227844219567	186.84982735833333
11214.5319673	0.00024618492525002415	186.90886612166665
11248.4396488	0.00012901863732861046	187.47399414666668
11295.0001148	0.0001454116888952951	188.2500019133333
11301.0743154	0.00013972441366938394	188.35123858999998
11329.4149924	9.820156837137315e-05	188.82358320666665
11342.0675110001	0.00010790584109216964	189.0344585166683
11357.7556899	0.00011184020402265539	189.295928165
11385.0847981001	0.00014047112066747425	189.75141330166835
11387.1096748001	0.0001338784638106242	189.78516124666834
11405.8353144	0.00021544816308366365	190.09725523999998
11417.9804365	4.651428222990251e-05	190.29967394166667
11423.5477523	0.00010933400660834056	190.39246253833335
11448.8528523	2.0869410360317327e-05	190.814214205
11450.877299	0.00014830343936736735	190.84795498333332
11453.4076389	0.00014460624923385697	190.890127315
11454.9251714	0.00024925899635323253	190.91541952333333
11467.0715802	0.00016541412442561333	191.11785967
11473.145645	0.00011992904124087771	191.21909408333335
11496.4256708	0.00012601841014410015	191.60709451333332
11501.9928964	0.00021340001337872048	191.69988160666665
11504.0163038	0.00012330857290716467	191.73360506333333
11522.7425891	0.00013200480445209076	192.04570981833334
11523.7549408	0.0002675784825316902	192.06258234666666
11553.1071745	0.000103840535077475	192.5517862416667
11586.0033284	0.00013341478030512273	193.10005547333333
11612.8267965	0.00022328703173582547	193.547113275
11617.887672	0.00020021640411338213	193.63146120000002
11619.4052933	0.00019696868531748682	193.65675488833332
11625.4786275	0.00014657599716315237	193.757977125
11632.0576667	0.00015421651222384091	193.86762777833334
11647.7475123	0.000254370681197034	194.129125205
11655.3381875	0.00012698869299960038	194.25563645833333
11670.0146467	0.0001968954917372899	194.50024411166666
11701.3924222001	0.00022515764460441447	195.02320703666834
11713.0336630001	0.00012164345841567689	195.21722771666833
11714.0449888001	0.00015261103411879704	195.23408314666833
11744.9167138001	0.00016257721266204757	195.74861189666834
11748.9655451001	0.00016383532854632869	195.816092418335
11752.5082554001	4.7282128679258843e-05	195.87513759000166
11753.0144154001	0.00016660387626104065	195.88357359000165
11760.0994810001	9.632258433493771e-05	196.00165801666833
11785.9111500001	0.00020785361480726302	196.43185250000167
11795.0202143001	2.2110034270553118e-05	196.583670238335
11804.6360232001	0.00011698328291809249	196.74393372000168
11822.8550049001	0.0002655434076736262	197.04758341500167
11829.9409242001	0.00017657346577277519	197.16568207000168
11832.4706116001	0.00012177942783416934	197.20784352666834
11832.9766580001	0.00020352635750605627	197.21627763333498
11848.6661815001	0.0001982973867679872	197.47776969166836
11851.1965029001	0.00017916937462202708	197.51994171500166
11866.3802733001	0.0001969537523246545	197.77300455500165
11896.2386679001	0.00015263594474091146	198.27064446500165
11915.4699241001	0.0002882238280878578	198.59116540166832
11973.1646085001	0.00010038227771513435	199.55274347500165
11974.1774145001	0.00014000980068604803	199.56962357500166
11980.2502197001	0.00015337228444841337	199.67083699500165
11992.9018144001	0.00029861193612915445	199.88169690666834
12019.2193319001	0.0001896969580143241	200.320322198335
12023.2678461001	0.0001853138540729272	200.38779743500166
12030.8597426001	0.00012750057002992076	200.51432904333498
12052.6208002001	0.0002462595262696372	200.87701333666834
12053.6329135001	0.00022071835003737434	200.89388189166831
12058.1889234001	0.00017822198144810887	200.96981539000166
12073.8769818001	0.00022245104556336162	201.23128303000166
12079.9503466001	0.00013383070013597915	201.33250577666834
12081.4687340001	0.00015779514834330966	201.357812233335
12086.5291153001	9.99994017129812e-05	201.44215192166834
12096.6509647001	0.00028570270317226524	201.61084941166834
12139.6687599001	0.00011568392001804503	202.32781266500166
12140.6817998001	0.00023940833886047083	202.34469666333501
12163.9619528001	0.0002033941710086972	202.732699213335
12166.4918183001	3.2890610059734045e-05	202.77486363833498
12183.6988252001	0.00019161953345686223	203.06164708666833
12186.7353448001	0.00017035822445992277	203.11225574666832
12188.7603824001	0.0002115576809915657	203.14600637333498
12191.2908171001	0.0002717649526959129	203.18818028500166
12201.9193946001	7.372516503186699e-05	203.36532324333498
12204.9547416001	0.000266998932004272	203.41591236000167
12234.3090862001	0.0002264293673267023	203.90515143666835
12252.0219359001	0.0003178348913048211	204.200365598335
12279.3510844001	0.0002435317580783375	204.65585140666832
12289.9791926001	2.5172949606043337e-05	204.832986543335
12315.2844980001	0.00019859955821045422	205.254741633335
12323.3815021001	0.00017886976437135575	205.3896917016683
12326.4181917001	0.0001443399200289259	205.4403031950017
12330.4669086001	0.00013701392621124652	205.50778181000166
12338.0580718001	0.0001234406919633155	205.63430119666833
12342.1069243001	0.00017256208126304487	205.70178207166833
12362.3499146001	8.64761276188848e-05	206.039165243335
12363.8679274001	0.00016615196685871607	206.06446545666833
12375.5089865001	0.00016852119662001458	206.25848310833499
12421.0572652001	0.00017760852669321673	207.01762108666833
12445.8559901001	0.0001549403702332323	207.430933168335
12466.0989852001	5.111335192843055e-05	207.76831642000167
12469.6420265001	0.00019877445912670815	207.82736710833498
12480.2704127001	0.0001971449237140537	208.004506878335
12531.3850933001	0.0002564370281089058	208.85641822166832
12538.4708920001	0.00019283587070716702	208.97451486666833
12548.0860410001	0.00014454339033048228	209.13476735000168
12562.2560976001	0.00010143336507372604	209.37093496000168
12574.4031372001	0.00018242992904039977	209.5733856200017
12579.4641268001	0.00019066705070526526	209.65773544666834
12582.4998160001	0.00010806851272405	209.70833026666833
12585.5365718001	0.0001641975399954143	209.758942863335
12589.0795352001	0.00016768942331210426	209.817992253335
12604.2619055001	0.00018444946708532405	210.07103175833498
12615.3963086001	0.000242127146521655	210.256605143335
12625.0119665001	0.00015182913067563963	210.416866108335
12637.1586854001	0.00021147684352432127	210.619311423335
12655.3781384001	0.00014531310964864893	210.922968973335
12662.9690489001	0.00013717090486781413	211.049484148335
12666.0052846001	0.00018740037089462984	211.10008807666833
12668.0300060001	0.00013835360058918388	211.13383343333498
12669.0431262001	0.00010581760634905638	211.15071877000167
12685.2369122001	0.0002271419413793218	211.420615203335
12699.4083884001	7.484719078868402e-05	211.656806473335
12721.1698893001	0.0002394492404818927	212.01949815500166
12732.3036156001	0.0002036613359422287	212.20506026000166
12766.2127088001	0.00012724688353584385	212.770211813335
12781.9009495001	0.0003014414562949617	213.0316824916683
12787.4678311001	0.00010835279670607498	213.12446385166834
12802.6510164001	0.0002242863440552518	213.37751694000164
12814.2907751001	0.00016274702429794889	213.571512918335
12818.3402121001	0.00017913903706105383	213.63900353500168
12828.9674527001	0.00014226127686754218	213.81612421166835
12831.4985753001	0.0002402847350872415	213.858309588335
12835.5469506001	0.00014219217154664256	213.92578251000168
12845.6685131001	0.00018766008407935776	214.094475218335
12866.9250675001	0.0001618679647660353	214.44875112500168
12871.4795312001	0.00025296829736015344	214.524658853335
12872.9984822001	0.0002992869734522588	214.549974703335
12928.6675875001	0.00015604679105025236	215.47779312500168
12949.4178992001	0.00022028625142205338	215.82363165333499
12972.6984594001	0.00019436795928594132	216.21164099000168
12974.7227019001	0.00010399361592329361	216.24537836500167
12985.3509249001	0.0002376681435728028	216.42251541500167
12992.9425816001	0.00014398788477657036	216.54904302666833
13001.0398677001	0.00016038154680386008	216.68399779500166
13002.0513183001	0.0001729600466992126	216.70085530500168
13021.7888756001	0.00015804853606931824	217.02981459333498
13039.5027300001	0.00015373674564448812	217.32504550000166
13044.5630089001	0.0001916789594796608	217.40938348166836
13053.1665180001	0.00015681517330431232	217.55277530000166
13066.3249311001	0.00011092044724745085	217.77208218500166
13067.3380823001	0.0001566125975627534	217.788968038335
13077.9656453001	2.2488856771469738e-05	217.966094088335
13103.2695387001	0.00018108236001564826	218.38782564500167
13121.9961325001	0.00016044508722072806	218.69993554166834
13164.0007580001	0.000206763462598787	219.400012633335
13169.0628351001	0.00021346024202843314	219.48438058500167
13172.6042493001	0.0001636881836388846	219.54340415500167
13212.0796819001	0.00021326473224974804	220.20132803166834
13221.6967340001	0.00020927331041089455	220.361612233335
13229.7926880001	0.0002832053925121198	220.49654480000166
13248.0131095001	0.00020636634721738457	220.80021849166832
13263.1953617001	0.0002904714033172742	221.053256028335
13271.2926149001	0.00015316681084072913	221.188210248335
13290.5243489001	0.00012991620896628527	221.508739148335
13299.6339468001	5.625348068411733e-05	221.6605657800017
13303.6828785001	0.0001414240240003524	221.72804797500166
13311.2745060001	0.0002216849482457767	221.85457510000165
13321.3967305001	0.00029562208426524956	222.02327884166834
13325.9512100001	0.0004353659889413694	222.09918683333498
13372.0059151001	0.0002376423276794715	222.86676525166834
13418.0595187001	0.00025727629031442796	223.63432531166833
13429.6997257001	0.0002079039164054028	223.82832876166833
13458.5467799001	0.00027664960043275903	224.309112998335
13469.6810100001	0.00023135815850387626	224.49468350000168
13470.6933067001	7.056413762207919e-05	224.51155511166832
13480.8152026001	8.510867581921693e-05	224.68025337666833
13494.4791299001	0.00017961893240933834	224.90798549833502
13499.5408630001	0.0003115503517386691	224.99234771666835
13502.5776292001	0.0003100418336364574	225.0429604866683
13510.6753329001	0.00012443278420099034	225.17792221500167
13514.2172872001	0.00011050523756720815	225.23695478666832
13524.3387122001	0.00023180143072674638	225.405645203335
13545.5947091001	2.4919882577513293e-05	225.75991181833498
13560.2715788001	0.0003535932547530042	226.00452631333502
13569.3817927001	0.00016756126108224642	226.15636321166832
13591.6491464001	0.00018416899770877293	226.52748577333497
13603.7964103001	0.00027600380983830366	226.72994017166832
13615.9424638001	0.0002006222395032022	226.93237439666834
13637.7045351001	0.0003345084013071559	227.29507558500165
13655.9229840001	0.00021569553926982274	227.59871640000168
13658.4537505001	0.00016382302959543787	227.64089584166834
13666.0448503001	0.00017917185373061395	227.76741417166835
13669.0816100001	0.00018533233699932143	227.81802683333498
13670.0937341001	0.00014531836633569018	227.834895568335
13672.1189423001	0.00031853935669695437	227.868649038335
13697.4228409001	0.00020252675641799767	228.29038068166835
13725.2583492001	0.00022515963083610092	228.75430582000166
13726.7771072001	0.0002886412002008533	228.779618453335
13738.9228440001	0.0002310636945315847	228.98204740000168
13745.5019800001	0.00016954611433710935	229.09169966666832
13770.3007849001	0.0001855970559284171	229.50501308166835
13784.9775693001	0.00026232350190469675	229.74962615500166
13796.6169433001	0.00023912932274015085	229.94361572166832
13805.2204579001	0.0002108218997797597	230.08700763166834
13810.2812471001	0.00030434128904904866	230.171354118335
13826.9834751001	0.0002915350928284256	230.44972458500166
13828.5006813001	0.00013126474480695092	230.47501135500167
13844.6964284001	9.236218692067468e-05	230.74494047333502
13885.1839703001	0.000126086613254649	231.41973283833502
13887.2076218001	0.0002235017468592623	231.453460363335
13903.4034756001	0.0002628324154110341	231.72339126000168
13920.1036864001	0.00019114819093067747	232.00172810666834
13969.1950497001	0.0002357995772945813	232.81991749500168
13988.9327420001	5.096461866290359e-05	233.148879033335
14051.6884532001	3.987985528929844e-05	234.194807553335
14054.7241449001	0.00020976835354505883	234.24540241500165
14067.8828885001	0.00017465586846848087	234.464714808335
14068.8947717001	0.00029256859276156704	234.48157952833498
14069.9077651001	0.0003800469876275612	234.49846275166834
14071.4257120001	0.0002349216648115313	234.52376186666834
14078.0044768001	0.0002336466888711312	234.63340794666834
14081.5475625001	0.00020018492692945006	234.69245937500168
14088.1269402001	0.00023575098535619132	234.80211567000165
14093.6933658001	0.00024747794042157705	234.89488943000165
14106.3460896001	0.0004451916956831031	235.10576816000167
14126.5897312001	0.00021019092769816584	235.44316218666833
14143.7977984001	2.75471975317711e-05	235.72996330666834
14174.1626634001	0.00013786756583028973	236.23604439000167
14189.3450272001	0.0001658213843035363	236.48908378666832
14199.4676788001	0.0001469808654282555	236.65779464666832
14219.2046784001	0.00022304076922156977	236.98674464000166
14239.9548646001	0.00019311552706198626	237.33258107666833
14245.5212282001	0.0001994023916310876	237.42535380333499
14252.1012815001	0.0003409001742744992	237.535021358335
14253.1124941001	0.00019715599720457027	237.55187490166833
14283.4792051001	0.0001275686923424801	238.05798675166835
14309.2897964001	0.0001701124083283133	238.488163273335
14321.9421163001	0.00032001510569387796	238.69903527166835
14324.9779861001	0.00022154141048432685	238.74963310166834
14339.1483114001	0.00015036979014291423	238.98580519000168
14359.3922960001	0.00020240379186225682	239.323204933335
14360.4048867001	0.00015836538132764176	239.34008144500166
14386.7222224001	0.0003933301301200288	239.77870370666832
14393.8065942001	0.0003495484998543548	239.89677657000166
14422.1488992001	0.00029890255010449796	240.36914832000167
14430.2450512001	0.0001589455647564701	240.50408418666834
14433.7887437001	2.7186866206181568e-05	240.563145728335
14443.4035761001	0.00023778527511696587	240.72339293500167
14467.1897451001	0.0002381852646033065	241.11982908500167
14478.3249812001	0.0002600334462884188	241.305416353335
14506.1593504001	0.0002630392760770334	241.76932250666832
14531.4636745001	0.0002870687310945336	242.19106124166834
14542.5982380001	0.00014593312511977945	242.37663730000168
14545.1288194001	0.000225239913720432	242.41881365666833
14571.4460673001	0.00034447757095502424	242.85743445500165
14613.4524357001	0.00036498277774191847	243.55754059500165
14616.9949109001	0.0003025663714742532	243.61658184833502
14672.6653622001	0.00020818391271508634	244.544422703335
14677.2195936001	0.00015407046868349034	244.62032656000167
14697.4630855001	0.0002567487801286513	244.95771809166834
14714.6703927001	0.00013939615290966642	245.24450654500166
14741.4946121001	0.00016639923196547804	245.69157686833498
14748.0728610001	0.00019896915030698099	245.8012143500017
14772.8718035001	0.00024207085805134018	246.21453005833501
14786.5360575001	0.000304263352762198	246.44226762500165
14803.7436291001	0.00015320901910143798	246.72906048500167
14804.2490424001	0.0002283461804636448	246.73748404000168
14845.2430143001	0.00010714450321762725	247.42071690500168
14858.9070595001	0.00022776082637569395	247.6484509916683
14878.1395803001	0.00015342191899438907	247.96899300500166
14900.9125773001	0.00011400516245116056	248.34854295500165
14902.9377761001	0.0003316677380772491	248.38229626833498
14910.5288783001	0.00014775605537080896	248.508814638335
14916.6011746001	0.0002389661954743479	248.61001957666835
14918.1205415001	0.00025512143611404437	248.635342358335
14920.1446651001	0.0003002186799970866	248.66907775166834
14946.4607926001	3.4070795706398324e-05	249.10767987666836
14959.1139211001	0.00023837402561622381	249.31856535166833
14968.7286293001	0.00025710261734245373	249.478810488335
15010.7354727001	0.00017050977444170494	250.17892454500168
15057.2952223001	0.0001941865793361126	250.95492037166832
15070.4534480001	0.00020768431983385254	251.174224133335
15090.6982919001	0.0001747744813368659	251.511638198335
15104.8685996001	0.0002960961213347599	251.747809993335
15105.8808674001	0.0002688025292359837	251.76468112333498
15124.0998452001	0.0001118142723523534	252.068330753335
15140.2953456001	0.0002508166084552347	252.33825576000166
15153.9594583001	6.055457995398963e-05	252.56599097166833
15165.5987810001	0.0004497377627612342	252.75997968333502
15173.6965315001	0.00023304005318796508	252.89494219166832
15187.8671731001	0.00018818204719220962	253.13111955166832
15197.4835783001	0.00026103217172937374	253.29139297166833
15205.5802850001	0.00020198726126149507	253.426338083335
15227.3433049001	0.0003441355055775984	253.78905508166832
15231.8970231001	0.00014052185938053966	253.86495038500166
15239.4887368001	0.0001235707091468405	253.99147894666834
15267.8299739001	0.0003228395474586997	254.463832898335
15271.3728538001	0.0002324035909235834	254.52288089666834
15279.4706674001	0.0002796975132759426	254.65784445666836
15291.1106334001	0.0002538110912830282	254.85184389000167
15304.2685965001	0.00023248761750732842	255.07114327500167
15313.8843964001	0.00027089963470877383	255.23140660666834
15333.1160805001	5.704121721569752e-05	255.55193467500166
15339.1895243001	0.0003159690904181429	255.653158738335
15344.7557403001	0.00035259300719302065	255.74592900500164
15361.9628929001	0.0002622456843551809	256.0327148816683
15377.6524979001	0.00023831950701907692	256.29420829833504
15391.8229117001	0.0001796626741627964	256.53038186166833
15408.0180844001	0.00012724877195802373	256.8003014066683
15412.0670323001	0.00029652885702231114	256.86778387166834
15438.3828251001	0.00022009608160389563	257.306380418335
15444.4563094001	2.8274430364476258e-05	257.40760515666835
15465.2066258001	9.361901584423304e-05	257.753443763335
15482.4137112001	9.683234247473946e-05	258.0402285200017
15482.9193507001	0.0004751750320481215	258.0486558450017
15483.4249916001	0.00026172121304296854	258.057083193335
15493.5480319001	0.00015519653988042235	258.2258005316683
15499.6204623001	0.0002581780671029857	258.3270077050017
15501.6447076001	0.00020692134561297847	258.36074512666835
15514.8039317001	0.0002778454161333118	258.580065528335
15572.4981578001	0.00016984660409040612	259.541635963335
15599.3201510001	0.00023766805980169418	259.988669183335
15600.3331409001	0.000271203091058572	260.005552348335
15653.9780516001	0.00020893942800560502	260.899634193335
15671.6921493001	0.0001745431959384557	261.19486915500164
15678.2712147001	0.00029170889898887125	261.3045202450017
15703.5751781001	0.00011485827412456639	261.726252968335
15709.1425634001	0.00029744379337973375	261.81904272333503
15726.8567442001	0.0003189777782702074	262.11427907000166
15759.2463147001	0.0002770762266095752	262.6541052450017
15785.5624048001	0.0002548365985376028	263.09270674666834
15801.2510601001	0.0001923643144567671	263.35418433500166
15803.2765401001	0.00018140258322068013	263.38794233500164
15805.3006178001	3.544472170093419e-05	263.421676963335
15823.0139190001	0.0002758965560350216	263.71689865000167
15843.2574411001	0.0003121200526033294	264.05429068500166
15877.6717336001	0.00021744542795254542	264.62786222666836
15888.2995463001	0.0001881891773161543	264.80499243833503
15899.4330293001	0.0003440945025842999	264.99055048833503
15945.9948080001	0.00023335609275472547	265.76658013333497
15950.0425049001	0.0001692037639204627	265.834041748335
15957.6337698001	0.0003074334064053565	265.96056283000166
15979.3959043001	0.0002532354325999262	266.32326507166835
15996.0979557001	0.00013573113144641378	266.60163259500166
16042.1512807001	0.00016992433369376108	267.3691880116683
16044.6824909001	0.0003167437493088801	267.411374848335
16073.5291088001	0.00010469303568297957	267.892151813335
16077.0715877001	0.00012131734012562716	267.951193128335
16090.7367251001	0.0003061607871996224	268.178945418335
16120.0900695001	0.0002459839298345552	268.66816782500166
16148.9367563001	0.00015098114426219188	269.148945938335
16188.9181728001	0.00027856277229836414	269.8153028800017
16213.2106272001	0.00021974628593540485	270.22017712000167
16215.2357620001	0.0002408533088656956	270.25392936666833
16217.2601572001	0.00016118312145117086	270.28766928666835
16224.3449795001	0.00017954867326355363	270.40574965833497
16230.4176204001	0.00027649790473513995	270.5069603400017
16238.5159372001	0.00028306383696545344	270.64193228666835
16255.2169852001	0.00014990128659592914	270.92028308666835
16255.7224963001	0.00019882783909841732	270.92870827166837
16260.7841789001	0.00021999169889680084	271.013069648335
16323.5389599001	7.636595592850093e-05	272.0589826650017
16328.6003500001	0.00032125429843954053	272.14333916666834
16342.2652386001	0.00025928425429727305	272.37108731000166
16382.7525081001	0.00015637767631583005	273.04587513500167
16390.3432621001	0.0002496211689179281	273.17238770166836
16400.9719639001	6.997837732341053e-05	273.3495327316684
16414.1295245001	0.00019151297858702507	273.568825408335
16420.2033068001	0.0002467937701007398	273.670055113335
16441.4582424001	0.00029073487515207555	274.02430404000165
16471.8239604001	0.00022679569902933874	274.5303993400017
16475.3674453001	0.00031078556981410904	274.5894574216683
16479.4165108001	0.00020798813960316116	274.6569418466683
16491.0565084001	0.0001496971637304533	274.85094180666835
16497.1286637001	0.0002941254469139731	274.95214439500165
16512.3115658001	0.00015161480443825646	275.205192763335
16534.5805888001	0.00025228417339372296	275.57634314666836
16565.9574432001	0.00019885488685884454	276.09929072000165
16567.4757516001	0.0003380978626387901	276.1245958600017
16571.0186297001	0.0002958605034729602	276.183643828335
16592.7805871001	0.000276897808903845	276.546343118335
16613.0247539001	0.00023630276862935756	276.883745898335
16614.5424054001	0.0002524850427987523	276.90904009000167
16624.1590026001	0.00021861943561484113	277.06931671000166
16637.8225693001	0.0001883914787363222	277.29704282166836
16656.5479471001	0.0002705892177317503	277.60913245166836
16660.5965644001	0.00011218427803149809	277.6766094066683
16664.1401391001	0.00036531104270209045	277.7356689850017
16677.2984308001	0.0004675031539483358	277.95497384666834
16681.3468109001	0.00018669078746700042	278.022446848335
16697.5423760001	0.00025615265153392316	278.292372933335
16713.7366921001	0.00018374648350137643	278.56227820166833
16724.3640508001	0.00032880477537560485	278.73940084666833
16726.3886366001	0.00013337238783158833	278.77314394333496
16748.6565562001	0.00046967338495023617	279.14427593666835
16767.3821424001	0.0002591768209744148	279.4563690400017
16771.9369549001	0.00015411267562996997	279.5322825816683
16782.0590071001	0.0003458612672685622	279.7009834516683
16782.5651487001	0.00023026436801968557	279.7094191450017
16793.6997662001	0.00029329602538058107	279.894996103335
16840.2599413001	0.0003393477303412972	280.67099902166837
16869.1069856001	0.00027081849105108194	281.15178309333504
16878.2170198001	0.000207539757677118	281.3036169966683
16891.8810252001	0.0002092920802168339	281.5313504200016
16933.8874689001	0.00028984701636245965	282.23145781500165
16964.2531100001	0.00044662712311625965	282.737551833335
17056.3608586001	6.435801591959882e-05	284.2726809766683
17058.8917646001	0.0002630756389924203	284.31486274333497
17073.5684737001	0.0002755778068885222	284.5594745616683
17083.1839625001	0.00028133193123367324	284.719732708335
17108.4883770001	0.00024328779629537896	285.1414729500017
17148.9761889001	0.00018336260367283544	285.81626981500165
17150.4944945001	8.204289251401464e-05	285.841574908335
17156.5680294001	0.0003083138567000753	285.9428004900017
17160.6170163001	0.00014663975652563283	286.0102836050017
17182.3777780001	0.0001507523107995423	286.37296296666835
17184.4028545001	0.00029105877501345285	286.4067142416683
17207.1768555001	0.00017547197974552005	286.7862809250017
17215.2749226001	3.0561433915313586e-05	286.92124871000163
17221.8530605001	0.0005003610159186558	287.03088434166835
17229.9512493001	0.0002734602060433331	287.1658541550016
17239.0602253001	0.00025314890179755045	287.31767042166837
17290.1756436001	0.00021275460336362922	288.1695940600017
17300.8037874001	0.0003317209843258531	288.34672979000163
17318.0108174001	0.0002268841622100934	288.633513623335
17359.5107710001	0.00026940227655206214	289.3251795166683
17372.1636492001	0.0003733395617102461	289.5360608200017
17395.4438503001	0.00014638714720847508	289.92406417166836
17414.1684513001	9.505469406065446e-05	290.2361408550016
17431.3753937001	0.00022217220943048896	290.52292322833495
17480.4669011001	0.0001914052059881819	291.34111501833496
17512.8568361001	6.34784450587376e-05	291.88094726833504
17514.3748477001	0.00014671409549122695	291.90624746166833
17520.4486985001	0.0004542566354910988	292.00747830833495
17546.7651811001	0.00030013499521618894	292.4460863516684
17548.2829816001	0.00021589452759104472	292.4713830266683
17580.1669414001	0.0001915086897957905	293.0027823566683
17591.8069151001	0.0001386344309554101	293.196781918335
17596.3624449001	0.00017075997601292934	293.27270741500166
17604.4589970001	0.00017856995522196306	293.40764995000166
17714.7880740001	0.00027853486799827345	295.2464679000016
17756.2875684001	0.0003119857545076022	295.93812614000166
17761.8548460001	0.0002600098492861387	296.03091410000167
17766.9149060001	0.00028765225115482963	296.115248433335
17778.0501743001	0.00019191669320060343	296.300836238335
17834.2253743001	0.0003499648668082931	297.2370895716683
17872.6884944001	0.0002100235799201092	297.878141573335
17902.0425909001	0.0003343544640565686	298.36737651500164
17979.4739442001	0.00022799272018579744	299.6578990700017
17989.5968818001	0.0003865298553847429	299.8266146966683
18001.7433086001	0.00038922179470963873	300.02905514333503
18068.5474470001	0.0004340974638004341	301.14245745000164
18084.7415135001	0.00020771695462665912	301.412358558335
18092.3334161001	0.0003251185840891369	301.538890268335
18118.6505307001	0.00018448589322224402	301.97750884500164
18125.7350007001	0.00019655983207114724	302.09558334500167
18138.8940171001	0.00011326333793088658	302.31490028500167
18139.3994875001	0.0003098218253917251	302.32332479166837
18148.0037653001	0.00021674172103662936	302.4667294216684
18149.5211886001	0.00016580558751239295	302.4920198100017
18159.6437118001	0.00014496445641361575	302.6607285300017
18176.3449289001	0.0004126335274382014	302.939082148335
18187.9849542001	0.00024005012811498873	303.13308257000165
18188.9968224001	0.0002929578544533359	303.1499470400016
18206.7100556001	0.00028408049558300647	303.445167593335
18222.9054690001	0.00016307080121170863	303.7150911500017
18232.5204732001	0.0001577611367077837	303.87534122000164
18241.1244084001	0.0001785405223221199	304.0187401400017
18242.1362635001	0.00016715189945645424	304.0356043916683
18247.7038939001	0.0003458567464112195	304.1283982316683
18277.5628625001	0.0003175859304226496	304.626047708335
18294.7711659001	0.00024071951266914297	304.9128527650017
18312.4842371001	0.00021553447806089458	305.208070618335
18360.5620593001	0.00018259180771422722	306.00936765500165
18380.8069711001	0.00030653627015150966	306.34678285166837
18398.0135110001	0.00034562164007878506	306.6335585166683
18403.5799146001	0.0002361444106691784	306.7263319100017
18405.0989855001	0.00039451534780938005	306.75164975833496
18409.1471216001	7.95241387152108e-05	306.81911869333504
18414.7150211001	0.0002790719768192128	306.911917018335
18486.0740499001	0.00015402164036269197	308.1012341650017
18496.1948137001	8.598601340410999e-05	308.2699135616684
18545.2871710001	0.00018986126199827878	309.08811951666837
18563.5058795001	0.00028124604162298286	309.391764658335
18574.1332303001	0.00027319980340880125	309.56888717166834
18577.1707671001	0.00019449646002245936	309.61951278500163
18606.5230450001	0.00014093226031637317	310.10871741666836
18615.1266151001	0.00018588785534939792	310.25211025166834
18633.3463787001	0.0001508043241590593	310.55577297833497
18660.1689417001	0.00024867262584851133	311.0028156950017
18686.9925327001	0.0005130454986932132	311.44987554500165
18718.8766302001	0.00016492773236699042	311.98127717000165
18753.2908313001	0.0003727396289930279	312.554847188335
18781.6313180001	0.0003072252830398684	313.027188633335
18793.2723035001	0.00032234258230339223	313.221205058335
18799.3452428001	0.00044221554849306545	313.322420713335
18800.3569069001	0.00019153541625131724	313.3392817816683
18812.5042008002	0.0002511541742482765	313.5417366800033
18841.8573207001	0.00023926344147833734	314.03095534500164
18857.5457324001	0.0003696822279319225	314.292428873335
18858.0525171001	0.0003244390713450828	314.30087528500167
18873.2349793001	0.00021054660567734474	314.55391632166834
18890.4416910001	0.00013181809389603422	314.8406948500016
18890.9478088001	0.00019721523451698462	314.84913014666836
18920.3016078002	0.00018257513566531978	315.3383601300033
18947.6310556002	0.0002624720023754449	315.79385092666996
18988.1180198002	0.00017858000922304788	316.4686336633367
19053.4039372001	0.00015474572709205748	317.5567322866683
19092.8787776001	0.0003102706018246491	318.214646293335
19126.7883830001	0.00022886798374195327	318.779806383335
19152.0926037001	0.0002655794230843415	319.2015433950017
19164.7447351001	0.0002957357337892255	319.41241225166834
19168.7933172001	0.00023028112551304246	319.47988862000165
19189.0363349001	0.0002646806175696791	319.81727224833503
19222.9446657001	0.0002429632794476384	320.38241109500166
19240.6578473001	0.00033231262272047195	320.67763078833497
19271.5300846001	0.0002691542232616713	321.19216807666834
19331.2495598001	0.0002562120210497223	322.18749266333504
19334.7917304001	0.00040327350946911495	322.24652884000164
19348.4555723001	0.00032351602898643845	322.474259538335
19353.5166547001	0.00025299087637407094	322.5586109116683
19386.9186435001	0.00019826830658588735	323.1153107250017
19426.3946550001	0.00028069624095593856	323.77324425000165
19432.4671463001	0.0003345090230599798	323.87445243833497
19445.6258540001	0.00016840105041074414	324.093764233335
19446.6375135001	0.0001708572200830058	324.1106252250017
19457.7715549001	0.0004785917728906943	324.2961925816683
19486.1130395001	0.0002517146685805788	324.76855065833496
19532.6733578001	0.00020632635917489106	325.54455596333503
19594.9235246001	0.000248905698614965	326.58205874333504
19597.4529842001	0.0002941256385175524	326.62421640333497
19602.0077610001	0.00020871483459730225	326.70012935000165
19623.2640973001	0.00033118693678549816	327.0544016216683
19641.9898856001	0.0003215377543099875	327.366498093335
19656.1603249001	0.00026535101126050836	327.6026720816683
19685.0079884001	0.0001975684213433378	328.08346647333497
19703.2262794001	6.855013576534783e-05	328.3871046566683
19716.8912918001	0.00034980637320303795	328.614854863335
19717.9036003001	0.00020952990469240085	328.63172667166833
19726.0013475001	0.00021862051939476322	328.7666891250017
19731.0616625001	0.000304000159102887	328.851027708335
19740.1717756001	0.00034308426763868884	329.00286292666834
19764.9705354001	0.0002609168215699473	329.41617559000167
19781.6717643001	0.00031502970549244494	329.6945294050017
19823.6763147001	0.00030728237434112264	330.3946052450017
19873.2735467001	0.00012908356602995332	331.221225778335
19878.3350546001	0.0003285816730346756	331.305584243335
19902.1211758001	0.00021662720593619567	331.7020195966683
19914.7734639001	0.00038578260621187577	331.91289106500165
19919.3284976001	0.00023902216262365389	331.988808293335
19919.8340755001	0.00044746619456609646	331.99723459166836
19922.3653442001	0.00033179545286417115	332.03942240333504
19932.4863116001	0.00035781255263325334	332.208105193335
19934.5107273001	0.00020523225564663262	332.2418454550017
19939.5726393001	0.00012511243462134982	332.32621065500166
19964.8772115001	9.508668622214439e-05	332.74795352500166
20015.4853867001	4.5913295801764755e-05	333.59142311166835
20037.2483688001	0.000228282376948491	333.9541394800017
20062.0468319001	0.0003609266159079864	334.367447198335
20098.9911010001	0.0002929624165746655	334.98318501666836
20099.4971614001	0.0002788235513849126	334.99161935666837
20112.1496599001	3.092785630780502e-05	335.20249433166833
20118.2230671001	0.00018465905930670535	335.3037177850017
20120.7528530001	0.00035769803830865306	335.345880883335
20124.8021517001	0.0002643193955130346	335.4133691950017
20126.8257012001	0.0002652517872101381	335.4470950200017
20173.8930927001	0.00020707823852502075	336.23155154500165
20201.7280342001	3.3974623221428474e-05	336.6954672366683
20215.3929195001	0.00018510089516006676	336.92321532500165
20217.4164272001	0.00023295155575170788	336.956940453335
20244.7462264001	0.00034142715189223414	337.41243710666834
20256.3859470001	0.0003471287976686284	337.6064324500017
20267.0142350001	0.00019924032080710443	337.783570583335
20301.4290351001	0.00021728513325700323	338.35715058500165
20344.9519521001	0.00016829972450750703	339.08253253500163
20366.2082845001	0.00029320481064788566	339.4368047416683
20393.5372934001	0.00027663314806463193	339.89228822333496
20425.9273237001	0.00020827936608420607	340.43212206166834
20430.4826603001	0.0003822995316830737	340.50804433833497
20440.0982821001	0.00018546591687832934	340.6683047016684
20461.8603822001	0.0002603500361347895	341.03100637000165
20472.9933682001	0.00040942837959923923	341.2165561366683
20499.3105925	0.00011668988232669351	341.6551765416667
20503.3591591	0.0002368486661680379	341.7226526516667
20512.4692809	0.00033838249009295117	341.874488015
20543.8465335	0.0004661627776955088	342.397442225
20564.5969803	0.0002249769727303074	342.743283005
20568.1386653	0.00024218339550405484	342.80231108833334
20589.3954141	0.00018434489819941675	343.156590235
20605.0834195	0.00016634357625893296	343.4180569916667
20629.8825826	0.00046792270524413345	343.83137637666664
20631.4016863	0.00020207052388371922	343.85669477166664
20683.0226784	0.00029740644089046986	344.71704464
20697.1935652	0.00027960857719386875	344.95322608666663
20715.4118731	0.0001964275483684237	345.2568645516667
20738.6920292	0.00017753085144232904	345.64486715333334
20752.3563322	0.0002692689811418862	345.8726055366667
20777.6623513	0.0001955738091110726	346.2943725216667
20782.7227701	0.00018483465092974057	346.37871283500004
20787.277169	0.0005374222923619923	346.4546194833334
20852.5634533	0.0003409465376041961	347.5427242216667
20861.1671957	0.0003397351401110741	347.6861199283333
20893.0511665	0.00034339438596391443	348.2175194416667
20899.6300239	0.00033894221596380425	348.327167065
20903.6789494	0.0003451131445445078	348.3946491566667
20914.3075883	0.00024203582284833633	348.5717931383333
20936.5745453	0.00011921305277117442	348.94290908833335
20940.6241343	0.00037128169075969944	349.0104022383333
20954.2879911	0.00019580379602103818	349.23813318500004
20962.8916609	0.0001946043877807631	349.3815276816667
20978.581032	3.374203687929649e-05	349.6430172
21020.0806806	0.0002111643100527835	350.33467801
21025.1408269	0.00015142215143837523	350.41901378166665
21165.3284405	0.0001701482492580701	352.75547400833335
21172.4145581	0.00016337386289294446	352.87357596833334
21173.4270819	0.00019604488898106615	352.89045136500005
21198.7306196	0.00025096028605324505	353.3121769933333
21199.2369728	0.00035349447599488515	353.3206162133334
21213.913507	0.0003815039005353974	353.5652251166667
21246.3037925	0.0002644218873370722	354.1050632083333
21250.8581054	0.00032480832321328236	354.1809684233333
21254.40082	0.0003495736371747429	354.24001366666664
21258.4495712	0.00020636970260236556	354.3074928533333
21264.5228787	0.00017637296632942858	354.40871464500003
21268.5721184	0.00021966826155797549	354.47620197333333
21278.694102	0.0002074294812802197	354.64490170000005
21285.2728003	0.0002836885993415033	354.7545466716667
21309.0589889	0.00021333423050954768	355.15098314833335
21324.2417551	0.00028670282765342345	355.40402925166666
21373.839616	0.00029803000667946646	356.2306602666667
21412.808251	0.000453967530820518	356.88013751666665
21450.2598952	0.00035640359205017666	357.5043315866667
21464.9359362	0.00023740212590708603	357.74893227
21471.0094889	0.0002375196165754761	357.8501581483333
21495.8071989	0.0003640639081365299	358.263453315
21530.2218332	0.000275780501465617	358.83703055333336
21566.6614071	0.00036516731615009754	359.444356785
21571.722213	0.0002023075887428649	359.52870355
21584.8796779	0.0002507376259404632	359.7479946316667
21593.4831465	0.00010350686827118521	359.891385775
21611.7034913	0.00024112376327410922	360.1950581883333
21616.2580773	0.00027446146790305705	360.270967955
21624.3555121	0.00021800256264236902	360.40592520166666
21653.2019711	0.00023391546386271897	360.88669951833333
21711.9097986	0.0002443778631252603	361.86516331
21717.4766224	0.00033438760341922275	361.9579437066667
21727.091676	0.0003205676331930821	362.1181946
21729.1165078	0.0002711777042364613	362.1519417966667
21732.6582988	0.0002574577031274814	362.2109716466667
21743.2865336	0.00023485916560815476	362.3881088933333
21808.5723538	0.0004320264590367257	363.4762058966666
21829.3234433	0.00035401125784008	363.82205738833335
21832.3591186	0.00023206552403435163	363.8726519766667
21899.1639469	0.00023204857550180504	364.9860657816667
21914.3459819	0.00024206381604295846	365.23909969833335
21928.0109739	0.00014818190482998546	365.466849565
21971.0284795	8.67871180510354e-05	366.1838079916667
21997.3458293	0.0003460576253948873	366.62243048833335
22006.9608378	3.232593739830799e-05	366.78268063
22037.3273244	0.00020784871852492194	367.28878874000003
22099.0699929	0.0001549195767878834	368.317833215
