retention_time	intensity	retention_time_min
65.2965354	0.0001393606352658919	1.0882755899999998
166.0093806	8.323791209436191e-05	2.76682301
197.3863442	0.00021879203726745688	3.289772403333333
227.7518012	0.00014831116639556024	3.795863353333333
282.9167942	0.00013427397137649342	4.715279903333334
363.3858435	0.0001431345054868842	6.056430725
457.012409	0.0002044840667400148	7.616873483333333
608.8400479	7.902278257811054e-05	10.147334131666666
639.712349400001	0.00017750806413588242	10.661872490000016
725.747849400001	9.783446870105869e-05	12.095797490000017
798.6246382	0.00010816583498311622	13.310410636666667
823.4233715	0.0001721522848106266	13.723722858333334
873.526344700001	1.8452734141617763e-05	14.558772411666684
883.142710500001	0.00015020438385024426	14.719045175000018
974.239090900001	9.908420207979364e-05	16.237318181666684
1076.9765443	0.0001872578016588261	17.949609071666664
1128.0909969	0.00011086653127395235	18.801516615
1146.8164146	0.00014415677069231595	19.113606909999998
1218.1762848	9.324358571795171e-05	20.30293808
1232.8538854	0.0001397107640793234	20.547564756666667
1237.9141558	8.53403881387528e-05	20.631902596666666
1270.8110246	0.00010076716592952855	21.180183743333334
1297.1274056	0.00021052905279959607	21.618790093333335
1329.5172345	0.00012533655761283084	22.158620575
1336.6027198	0.00012051234964649711	22.276711996666666
1416.05880790001	0.00012010873788990143	23.600980131666834
1436.30287330001	0.00015957728269469783	23.938381221666834
1612.42259380001	9.675762808984977e-05	26.87370989666683
1681.25139400001	0.00012592492460597167	28.020856566666833
1708.5808992	0.00012189221494323928	28.47634832
1711.6170687	0.00016330497243628205	28.526951144999998
1723.7641428	0.0001555997381972659	28.72940238
1807.26953190001	0.00010172202039943403	30.121158865000165
1831.56129100001	0.00015431800306863163	30.526021516666834
1929.23751020001	0.00014655786233110037	32.1539585033335
1937.33520390001	0.00011839220921910711	32.28892006500016
1973.26797550001	0.00011457277943109179	32.887799591666834
2043.10774600001	7.652114369921353e-05	34.051795766666835
2177.22230000001	0.00010896014162294238	36.2870383333335
2191.39286300001	0.00017165376977447273	36.5232143833335
2254.14877710001	1.8106874013175367e-05	37.56914628500017
2311.33727940001	0.0001689139028868466	38.52228799000017
2320.95322070001	0.00021536800145009345	38.682553678333505
2383.70900660001	0.00016418538431800574	39.7284834433335
2436.34269330001	5.1286428194981815e-05	40.60571155500017
2507.19550470001	0.00013138988665611207	41.786591745000166
2580.07260040001	0.00010678121982425878	43.00121000666683
2646.37055660001	2.082530297029403e-05	44.1061759433335
2686.85780590001	0.0001143194765299851	44.780963431666834
2707.60808960001	0.00013357643220420306	45.126801493333495
2900.42991610001	0.00011103410899848367	48.34049860166683
2940.41052020001	0.00011056659362000669	49.0068420033335
2966.22187450001	0.00024042887066854726	49.43703124166684
2982.41609740001	2.3183639151293338e-05	49.706934956666835
2996.08177090001	0.00014851937748737304	49.93469618166683
3118.55526670001	4.5422493291940254e-05	51.975921111666835
3187.38451850001	0.0001472835535703014	53.1230753083335
3192.44566450001	8.964653758065375e-05	53.207427741666834
3207.12177650001	0.00011841454477188954	53.452029608333504
3240.52431110001	0.00012891123350269602	54.0087385183335
3283.54162150001	0.00010968112395447133	54.725693691666834
3284.04712070001	0.0001059501036880303	54.7341186783335
3294.16985190001	0.00010043403481180602	54.90283086500017
3390.32722080001	8.023641998591738e-05	56.505453680000166
3395.89463310001	0.0001304966978248141	56.59824388500017
3422.21052990001	0.00015553053859492246	57.03684216500017
3442.96031610001	0.00014540013896257556	57.38267193500017
3502.68020600001	0.00016193071233943168	58.3780034333335
3525.46354230001	0.0001120786035352992	58.75772570500017
3533.05500830001	0.00013702523869003872	58.8842501383335
3584.17044270001	7.707674309582434e-05	59.73617404500017
3592.26793800001	0.00018060714464456296	59.87113230000016
3597.32902930001	0.00013732542318993523	59.95548382166683
3654.51771960001	3.9788965448639714e-05	60.90862866000017
3693.99315970001	0.00013853378816435934	61.56655266166683
3699.05421520001	0.0001764569540853943	61.65090358666683
3731.44448600001	0.00011789027774027389	62.1907414333335
3789.13834240001	8.737806015692956e-05	63.15230570666684
3855.94281220001	0.00015109206193049916	64.26571353666684
3913.63780200001	0.0001833935999286884	65.22729670000017
4016.88064430001	0.00013197397808324208	66.9480107383335
4028.52041930001	0.0001806081279703047	67.1420069883335
4041.17220020001	0.0001554511340503136	67.3528700033335
4077.10508690001	0.00013404919790203774	67.9517514483335
4176.80496980001	0.0001617430104072493	69.61341616333351
4210.71405750001	0.0002052093024080403	70.17856762500017
4220.83564650001	0.0001575643849141698	70.34726077500017
4273.46902550002	0.0001323117704825717	71.22448375833366
4303.32840720002	0.00016783748766774833	71.72214012000033
4370.13258040002	0.00021626205672770955	72.835543006667
4389.87112290002	0.0001898270808839837	73.16451871500034
4404.54699740002	9.268160597233e-05	73.40911662333366
4419.22444070001	0.00011068888578998746	73.65374067833349
4484.50934680001	0.0001269766943482154	74.74182244666683
4495.64476120001	0.00017476476795641287	74.92741268666684
4527.52811910001	0.00012137427574109183	75.45880198500018
4544.73532520001	0.00015813980992759617	75.74558875333351
4567.00243100001	0.00010157369520124039	76.1167071833335
4618.11800870002	0.000196495036798574	76.96863347833367
4643.92964680002	0.00011260164880283303	77.398827446667
4680.87459980001	0.00014394597032069107	78.0145766633335
4682.39199410001	0.00016362936817934564	78.03986656833351
4701.62378670001	0.00017689424656269962	78.36039644500016
4831.18335210002	0.0002545328509845547	80.51972253500033
4835.23176190002	0.0001074924647302347	80.58719603166699
4877.74423690002	0.00011860274302868631	81.295737281667
4921.26790130001	0.00019588720231396967	82.0211316883335
4936.95714250001	0.00012276660484334057	82.28261904166683
5033.11433550002	0.00013186535618504237	83.88523892500034
5079.67475700002	0.00018134120516186806	84.66124595000034
5114.08892330002	0.00018655474631835614	85.23481538833366
5141.41831180002	0.00018941424896248095	85.690305196667
5169.75987470002	0.00022890647515744214	86.16266457833368
5203.66815780002	0.00011601363825901566	86.72780263000033
5236.05780580002	2.2759918266604624e-05	87.267630096667
5276.03911570002	0.0001976434961172385	87.933985261667
5336.77043640002	0.00016406129674431598	88.94617394000034
5407.11643300002	0.0001932044805513299	90.118607216667
5436.47078010002	0.0001319257853786499	90.60784633500035
5572.60994950002	0.00026168376729654864	92.876832491667
5667.24827380002	0.0001973820355583976	94.45413789666699
5702.16878180002	0.0001276655203576243	95.03614636333367
5781.62597210002	0.00022781254196050545	96.36043286833366
5814.52147560002	2.292795486311094e-05	96.90869126000032
5831.22241820002	0.00017089128524196812	97.18704030333366
5866.14271090002	0.00016073065355593643	97.769045181667
5883.35005920002	0.00015195126666902673	98.05583432000033
5954.70946170002	2.368634229712253e-05	99.24515769500034
6000.25824570002	0.0001615273189591388	100.00430409500034
6041.75709870002	0.0001545489431270403	100.69595164500033
6042.26330170002	4.1532354000426007e-05	100.704388361667
6090.84829760002	0.0003301056984349348	101.51413829333366
6136.90340900002	0.0002689731460298554	102.28172348333366
6251.78570340002	0.00020551854898891766	104.19642839000034
6260.89621100002	0.00018106588646989646	104.34827018333367
6323.65195780003	0.0002451090682414351	105.39419929666717
6344.40167370003	0.0002725782542296304	105.74002789500051
6368.18797090003	0.0002907332133501286	106.13646618166717
6406.65038690003	0.00031529454917276004	106.77750644833382
6428.41307720003	0.00013584933418995534	107.14021795333383
6440.55908060003	0.00017105692332971192	107.34265134333383
6454.22348280003	3.279398164848787e-05	107.5703913800005
6509.89302240003	0.00028903689217693975	108.4982170400005
6622.75214060003	0.00020097043852556256	110.37920234333383
6642.99585330003	0.00032165282937948974	110.7165975550005
6722.45193640002	0.0003030288278990975	112.040865606667
6770.02482240003	0.00024253501599293397	112.83374704000049
6782.67769060003	0.0001644037095133768	113.04462817666716
6795.83593770003	0.00020545244886362586	113.2639322950005
6808.99484710003	0.00012087583174084221	113.48324745166717
6829.23870900003	0.00018638734312398622	113.8206451500005
6836.32364990003	0.00021219233657787583	113.93872749833385
6882.88368360003	3.218358547026977e-05	114.7147280600005
6913.75498610003	0.00013110459700391494	115.22924976833383
6961.83415650004	0.0002588770292737908	116.03056927500067
6967.40165630004	0.00019880726446066236	116.12336093833399
7018.01133570004	0.00015616199887358558	116.96685559500067
7174.89902210004	0.00013373866122104008	119.58165036833401
7181.47799120004	0.00012964971773497382	119.691299853334
7204.25304890004	0.00014881061125951575	120.070884148334
7239.67962580004	0.00016808676026204038	120.66132709666734
7249.80137140004	9.990740126097892e-05	120.83002285666733
7292.31303220004	0.00020228866082998146	121.53855053666733
7297.37362480004	0.00021447734398159934	121.62289374666733
7311.54411960004	0.00020287744800884618	121.85906866000067
7357.09255260004	8.420100161489981e-05	122.61820921000067
7391.00078420004	0.00017665141005046087	123.183346403334
7409.72730950004	0.00022368373215382785	123.495455158334
7459.82926440003	0.0001831410141449501	124.3304877400005
7492.72605880003	0.0001516195894945283	124.87876764666717
7494.24383150003	0.0002340390558021215	124.90406385833383
7521.57244680004	0.00018134277738072007	125.35954078000067
7600.01776450004	0.00024037505848820603	126.66696274166733
7805.99784130005	0.00015773478083569892	130.0999640216675
7842.94204260005	0.00023650091799698434	130.71570071000082
7930.49659170006	0.00021013278965817484	132.174943195001
7993.75776290006	0.0001911797157794892	133.22929604833433
8035.25770540006	0.0002516900491759626	133.92096175666768
8044.87324020006	2.4396379360446206e-05	134.081220670001
8111.17061040006	0.00020180411799427264	135.186176840001
8160.76791440006	0.00012091404819716638	136.01279857333435
8191.13321420006	0.00010637370398172127	136.51888690333433
8199.23144250006	0.00018631663375830187	136.653857375001
8261.98625250005	0.00020717697345411538	137.69977087500084
8313.10189140006	0.0001215028104994363	138.551698190001
8314.11471130006	3.3589302478946505e-05	138.5685785216677
8353.58982060006	0.0002529743201649414	139.226497010001
8364.72425920006	0.0001313626567919819	139.41207098666766
8462.39996820005	2.293112814016321e-05	141.03999947000085
8508.45380860006	0.00017726975825834858	141.80756347666767
8580.31940660005	0.0001437911907631648	143.00532344333416
8589.42913450005	0.00027770344570392236	143.1571522416675
8607.64769940005	0.00020945600597775717	143.46079499000084
8671.92183300005	3.570892937487948e-05	144.53203055000083
8696.72003140006	0.00023617232599545558	144.94533385666767
8709.37318020006	9.820569364396124e-05	145.156219670001
8713.42185500006	0.0001363369812145161	145.22369758333434
8780.73211450006	0.00016938033987099903	146.34553524166768
8807.04858360006	0.00017439354370971262	146.784143060001
8940.15077400006	0.00022908169682160374	149.002512900001
8950.77909560005	0.00014885102502467938	149.17965159333417
8957.86476550006	2.6030730144626735e-05	149.29774609166768
8971.02322170005	0.000263744905149157	149.51705369500084
9009.48497110005	0.0001356512246795507	150.1580828516675
9066.67399650004	0.00021327914542583219	151.11123327500067
9119.30795480004	2.6020464806454002e-05	151.988465913334
9225.08061220004	0.00016913225205738558	153.75134353666732
9226.09388100004	0.0001368183590846313	153.7682313500007
9258.98958640003	0.000204208753824636	154.31649310666717
9317.69651800003	2.8417131665664488e-05	155.29494196666715
9401.70781630003	0.00014988834847511548	156.69513027166715
9436.62773570003	0.00012468386650659217	157.27712892833384
9476.10292310002	0.0001775478233264067	157.93504871833366
9477.62200070003	0.00013593039104391915	157.96036667833383
9493.81642080003	0.00021167282229910927	158.23027368000052
9531.77296740002	0.00010305262586966061	158.86288279000033
9618.31546910003	8.053217654811694e-05	160.30525781833384
9721.05204040003	0.00011002301960501736	162.01753400666718
9757.49091470003	0.00018135500525646149	162.62484857833385
9819.23407170003	0.00012426708220890975	163.6539011950005
9837.45320670003	0.00014478673513622803	163.95755344500049
9949.80657340004	0.00011895716363254453	165.8301095566673
9980.17227410004	0.00018326352498094326	166.33620456833398
10001.9337219	0.00016490778502168456	166.69889536500003
10011.0430388	0.000123782394505169	166.85071731333335
10036.8544043	6.187098616693018e-05	167.28090673833333
10073.7985632	0.00010402541736535851	167.89664272
10079.3665512	0.0001105905855259183	167.98944252
10084.4268603	0.00018125520921091689	168.073781005
10093.029764	2.014762568290377e-05	168.21716273333334
10117.3223291001	4.1274787692810803e-05	168.622038818335
10239.7980116	0.00010349101373812036	170.66330019333333
10291.9243927	0.00014323968810924705	171.53207321166667
10344.0526464	0.00013841896061284382	172.40087744
10463.4911852001	0.00017014154311052932	174.39151975333502
10516.6305585001	5.784050999517302e-05	175.27717597500165
10606.7140805001	0.0001455757970071568	176.778568008335
10640.6228261001	0.00014895941510009608	177.343713768335
10659.8540341001	0.00015660920742590652	177.66423390166835
10757.0240803001	2.2249865995125256e-05	179.28373467166833
10782.8348130001	1.6806283309119835e-05	179.71391355000165
10824.8398598001	0.00014710902777722256	180.413997663335
10841.0357282001	0.00016125843162804568	180.68392880333502
11001.4674062001	0.00017757809074085346	183.357790103335
11003.9977532001	2.363418069749194e-05	183.399962553335
11059.1619501	0.00021169149863653963	184.319365835
11148.2336063	8.093209570258136e-05	185.80389343833335
11152.2827934	9.604858352444159e-05	185.87137989
11203.9041359	0.00010212758055893187	186.73173559833333
11254.0069278	0.0001649043037122942	187.56678212999998
11285.3845278	9.35315545928916e-05	188.08974213000002
11297.0250324	0.00015965561692113012	188.28375054
11321.3181579001	0.00015363121588604436	188.68863596500165
11341.0552324	0.00015642177869730348	189.01758720666666
11382.5548024001	0.00021014308728110903	189.70924670666832
11389.6393789001	4.128063648390591e-05	189.82732298166832
11409.3778679	0.00013167072981694686	190.15629779833336
11492.8829465	0.0001088008275997378	191.54804910833334
11530.8398166	0.00015667510221024447	192.18066361
11538.9368388	0.0001674951269831328	192.31561398
11590.5587742	7.875779939845336e-05	193.17597957
11601.6930237	0.00019183858475786022	193.361550395
11615.3571583	0.00017043021657314132	193.58928597166667
11852.7151880001	0.00011838435973487388	197.545253133335
11873.9704632001	0.0001304659504912113	197.89950772000165
11903.3242232001	0.00016681278763821375	198.38873705333498
11921.0375817001	0.00021535013865568638	198.68395969500168
11942.7986714001	0.00024292340971924993	199.046644523335
12036.9326803001	8.390194198396954e-05	200.61554467166835
12075.3954809001	0.00016561292743054318	201.256591348335
12160.9252364001	0.00011701721806136835	202.68208727333501
12189.7722183001	0.00020749532536512948	203.1628703050017
12220.1381307001	0.00012592160598761832	203.66896884500164
12223.6811191001	0.00014372614051198762	203.72801865166832
12254.0460768001	0.00010729891273628514	204.23410128000165
12262.1440032001	0.0002369951660930089	204.36906672000165
12262.6507395001	0.00015748483139311687	204.37751232500167
12286.4361589001	0.00013625115094505967	204.77393598166833
12327.9364058001	0.00013680560289863161	205.465606763335
12343.1184172001	0.00019781722270437478	205.71864028666832
12384.1117741001	0.00014280755155554698	206.40186290166832
12384.6190807001	0.00013428382930773768	206.41031801166835
12390.1850894001	0.00012218081912096797	206.503084823335
12465.5927933001	2.1297571083009888e-05	207.759879888335
12483.8122653001	0.00021302434404768536	208.06353775500165
12600.2130292001	0.0002812729722509832	210.00355048666833
12649.8107687001	0.00010627627847041866	210.830179478335
12700.9257475001	0.00013581169662069088	211.68209579166833
12726.2309889001	0.00031860809202256064	212.10384981500167
12778.8643138001	0.000159080426264445	212.98107189666834
12827.9557073001	0.00014634203359321124	213.799261788335
12847.1868677001	0.00012725056055341814	214.119781128335
12894.7599410001	0.00013824685322777694	214.912665683335
12905.3878134001	0.00022961969737278647	215.08979689000168
12954.4785507001	0.00013752791954754694	215.90797584500166
13013.6921334001	0.00011170543578490105	216.89486889000167
13048.6128361001	0.00010200594158319531	217.4768806016683
13054.1792605001	0.00018959729633265365	217.56965434166833
13076.4476710001	0.00017603790752384975	217.94079451666832
13121.4896726001	0.00017699248753228223	218.691494543335
13236.3731691001	0.000121794846256772	220.60621948500165
13293.0543336001	0.00037382939974669733	221.55090556000167
13298.6215914001	0.0002779335192626538	221.64369319000167
13363.4020914001	0.00011406527430586151	222.72336819000165
13384.1511380001	0.00010692496017916904	223.069185633335
13396.2981258001	0.0001429964819118817	223.27163543000168
13418.5657186001	0.00018593382964779347	223.64276197666834
13420.0842941001	0.00022038209410256334	223.668071568335
13433.2430924001	0.00020528657826775234	223.887384873335
13473.7296251001	0.00024796437855262364	224.56216041833503
13619.4848076001	9.647659941287099e-05	226.99141346000167
13648.8387980001	0.00016872814034854243	227.480646633335
13672.6240064001	0.00017972294821574347	227.877066773335
13680.2168410001	0.0002458381861675047	228.00361401666834
13691.8564473001	0.0003085429520062053	228.19760745500167
13784.4716407001	0.0002564366834516132	229.74119401166834
13801.6778159001	0.0002970603202894634	230.02796359833502
13805.2204579001	2.806800440854789e-05	230.08700763166834
13819.8975367001	0.00017885385187790562	230.33162561166833
13823.9467979001	0.00014497162358712083	230.399113298335
13842.1656592001	0.00031847775933993854	230.70276098666832
13918.0800673001	0.00017642604369179517	231.96800112166832
13946.9270014001	0.0002006923291591704	232.44878335666832
14003.1035060001	8.470779789287932e-05	233.385058433335
14165.0527778001	0.00022084609438758997	236.084212963335
14234.3882904001	0.00016879303791872443	237.23980484000168
14237.4237379001	0.00023693229473230093	237.29039563166833
14245.5212282001	0.00022634866077042378	237.42535380333499
14320.9300241001	0.0001502143114409251	238.682167068335
14332.5698875001	0.0002519346770266207	238.87616479166834
14347.7528478001	0.00011113152555662096	239.12921413000169
14355.3443664001	6.41396431835153e-05	239.2557394400017
14378.1184564001	0.00026973645236063514	239.63530760666833
14388.7463178001	0.00017286147830649314	239.81243863000165
14434.2950822001	0.0002253500334669963	240.571584703335
14438.3437021001	0.00016320757283137937	240.6390617016683
14462.1292084001	0.0002995759418810268	241.03548680666833
14473.2633504001	0.00017162340698094925	241.22105584000167
14494.0128000001	0.00023004128450838772	241.56688000000167
14496.0379081001	0.00024152922503622938	241.60063180166833
14510.7138438001	0.0002122770557172372	241.84523073000167
14515.2697987001	0.00023166351650272019	241.92116331166832
14586.6287469001	0.00017498787015900034	243.11047911500165
14603.8373420001	0.0002066133923273361	243.397289033335
14617.5007065001	0.00016337567593469862	243.62501177500164
14654.4457954001	0.00016310098012168908	244.24076325666834
14682.2806439001	2.515243774631922e-05	244.704677398335
14725.8047107001	5.691550324388413e-05	245.43007851166834
14786.0296480001	0.00019227466980755603	246.43382746666833
14818.4199481001	0.00013774062333781194	246.97366580166832
14843.7251335001	0.00012976430495631645	247.39541889166833
14851.8217801001	0.0003703573591257661	247.53036300166832
14877.6326310001	0.0003341532516754626	247.96054385000167
14887.7541191001	0.00027765434216835914	248.129235318335
14943.9313077001	0.00019308674233828045	249.06552179500167
14986.9484035001	0.00024263433738336287	249.78247339166833
15005.1686765001	0.0003014003391468712	250.086144608335
15016.8083849001	0.0004072250089437268	250.280139748335
15076.0217165001	0.00022036972422457405	251.26702860833498
15084.1183900001	0.00029367860019185294	251.40197316666834
15084.6242412001	0.00017175207320798403	251.41040402000166
15117.5206243001	0.00018751074618246935	251.95867707166832
15152.4408326001	0.0002036258870768242	252.540680543335
15152.9473945001	0.00019669704876467656	252.54912324166833
15218.2326854001	0.0002642675320132911	253.637211423335
15242.0190831001	0.00027028065466214255	254.03365138500166
15263.7809103001	0.00020591883705945428	254.39634850500167
15268.8426414001	0.00019724555175741049	254.48071069000167
15273.9026078001	0.00022215758377942753	254.565043463335
15279.9757235001	2.5304198641333227e-05	254.666262058335
15316.4147629001	0.00014897114416205005	255.27357938166833
15428.7671304001	0.00021164243273356318	257.14611884000163
15433.8281618001	0.0001635547267637993	257.230469363335
15461.6638596001	0.00016969852455818254	257.69439766000164
15510.7542678001	0.000204655358636775	258.5125711300017
15532.0111470001	0.00030420219524918954	258.86685245000166
15552.2541695001	0.00021176891874371022	259.204236158335
15603.3696756001	0.00023983930123816236	260.05616126000166
15667.1372168001	0.00019262424263650054	261.118953613335
15675.2342287001	2.6111630120055473e-05	261.2539038116683
15709.1425634001	6.0333426649033214e-05	261.81904272333503
15781.5138931001	0.00025665892197392976	263.02523155166836
15834.1469655001	0.00028383317016663506	263.9024494250017
15848.3178855001	0.00018004904434531886	264.1386314250017
15857.9339018001	0.00013125343514849803	264.298898363335
15894.3721521001	0.00015628611099210301	264.9062025350017
15909.5557524001	0.00014862280263622742	265.15926254000163
15911.0732023001	0.00018157973260169986	265.18455337166836
15915.6283093001	0.00022444034559998373	265.2604718216683
16063.9136767001	0.00015695913790042003	267.73189461166834
16122.6207460001	9.611446006573197e-05	268.71034576666835
16223.3333080001	0.0001387044350470066	270.38888846666833
16242.0584600001	0.00015905389234305796	270.700974333335
16289.6311345001	0.0001551813752435226	271.4938522416683
16303.8022368001	0.0002434581937576836	271.7300372800017
16310.3805098001	0.0002112453790073342	271.839675163335
16310.8867514001	0.00013538599789530937	271.848112523335
16373.1359989001	0.00017739367466624691	272.88559998166835
16419.1912168001	0.00013784033867832878	273.6531869466683
16456.6422684001	0.0001638633402037033	274.27737114000166
16458.1600848001	0.0002825249875576744	274.30266808000164
16478.9090518001	0.00023094019794529553	274.64848419666833
16483.9707722001	0.0001701107859867228	274.732846203335
16617.0728992001	0.00012441772208414566	276.95121498666833
16633.7742078001	0.0002460306405778726	277.22957013000166
16699.0598922001	0.0002306764374148033	278.3176648700017
16720.8225093001	0.00019758300321271187	278.6803751550016
16736.0042622001	0.00015162648564796995	278.93340437000165
16740.5596095001	0.00015201772377133543	279.00932682500166
16778.5164980001	0.00020983168377498182	279.64194163333497
16789.6506618001	0.00015461839627590548	279.8275110300017
16799.7726179001	0.00021925016443762334	279.99621029833503
16800.2789730001	0.0002780721383550225	280.00464955000166
16804.3267440001	0.00013817939389104626	280.0721124000017
16807.8693577001	0.00017944962315579138	280.1311559616683
16834.6932206001	0.000299960774360276	280.578220343335
16862.5281053001	0.00021408936013884137	281.04213508833504
16887.8332515001	0.00022904701310313993	281.46388752500167
16931.8630848001	0.00020594306209250187	282.19771808000166
16976.9050376001	0.00018777821148644247	282.948417293335
17012.8374701001	0.00014816187936916866	283.547291168335
17029.0324890001	0.00019332086447204004	283.81720815000165
17046.2398750001	0.00016953766953766954	284.10399791666833
17052.8190186001	0.00017476077588587146	284.2136503100017
17154.5431549001	8.847794384896879e-05	285.90905258166833
17181.3662714001	3.0845157310302283e-05	286.356104523335
17223.8787486001	0.0002840402223792294	287.06464581000165
17240.0729847001	0.0002730592955202408	287.33454974500165
17282.5850857001	0.0003217106748664035	288.0430847616683
17299.7923261001	2.8876585324534317e-05	288.32987210166834
17304.3468574001	0.0001736267762566067	288.40578095666837
17319.0230593001	0.0001860169655065071	288.65038432166835
17326.1089342001	0.00027078288893912344	288.7684822366683
17329.1460763001	0.00024102323113858566	288.81910127166833
17393.9250843001	0.0003477056048560024	289.89875140500163
17420.7479241001	0.00027428995540771387	290.34579873500167
17440.9918589001	2.973798849602436e-05	290.683197648335
17441.4973638001	0.0001497159905696964	290.69162273000165
17442.5100903001	0.00028791091017041847	290.70850150500166
17482.4909408001	6.457377274129946e-05	291.374849013335
17492.6135620001	0.0001949679253986143	291.5435593666683
17541.1983404001	0.0004075886072324334	292.353305673335
17581.6848880001	0.00014998461696236282	293.02808146666837
17596.3624449001	0.000180844226564874	293.27270741500166
17606.9902158001	0.00014602704093260785	293.44983693000165
17641.9108665001	5.943859930125234e-05	294.03184777500167
17657.0931847001	0.00017470447580237767	294.28488641166837
17664.1787898001	0.00022682787088801156	294.40297983000164
17700.6172677001	0.000590855913876842	295.0102877950017
17729.9714276001	0.00019519812609798947	295.499523793335
17738.5738365001	0.00016668919814620612	295.6428972750017
17763.3729365001	0.0002500458072897652	296.05621560833504
17847.8912232001	0.00021411966230270403	297.46485372000166
17855.4811265001	0.00017963656540435566	297.591352108335
17860.5426743001	0.00018897562565684838	297.675711238335
17875.7257949001	0.00024151657847468324	297.928763248335
17879.2680308001	0.00026819349076435766	297.987800513335
17888.3782661001	0.00012419872509117314	298.139637768335
17903.5611702001	0.00012460924167149754	298.3926861700017
17984.5347614001	0.00019631449441277692	299.742246023335
18013.8893192001	0.00032123353678124	300.231488653335
18108.5284213001	0.00019783249331340355	301.8088070216683
18152.0525315001	0.00016833510615384107	302.534208858335
18166.7290260001	0.00012052778482618625	302.7788171000017
18169.7656417001	0.0002035841212190591	302.82942736166837
18209.7466125001	0.0002110492722508641	303.4957768750017
18210.2525757001	0.0002983795900277904	303.50420959500167
18221.3864795001	0.00036402352741535086	303.689774658335
18257.3200685001	0.0002577623135345405	304.288667808335
18257.8260492001	0.0001794148326301887	304.2971008200017
18311.9770882001	0.00015406795077250538	305.19961813666833
18342.3437897001	3.0338598990466263e-05	305.705729828335
18544.7803304001	0.0002572886806963574	309.079672173335
18574.1332303001	0.00010139374147130769	309.56888717166834
18598.9324466001	0.00016745132640771823	309.982207443335
18601.9688794001	0.000387890742880696	310.03281465666834
18622.2134878001	0.00016330814470331558	310.37022479666837
18642.9620583001	0.00016169759373768319	310.7160343050017
18682.4372950001	0.0002487752214471282	311.37395491666837
18707.2365516001	0.00020808312957026873	311.78727586000167
18771.0041558001	0.00023560326108874177	312.850069263335
18825.6614568002	0.0001924922305412896	313.76102428000337
18838.8204553001	0.00018690223941038038	313.98034092166836
18870.7046328001	0.00020631627399618282	314.5117438800017
18877.2839154001	0.0002697788392132584	314.62139859000166
18884.8751270002	0.00016123852331945184	314.7479187833367
18891.4546453001	0.00016175001967717872	314.8575774216683
18933.9656775002	0.0003426289745510133	315.56609462500336
18943.0763456002	3.2830458260668584e-05	315.71793909333667
19021.0141958001	0.00028642888148045344	317.016903263335
19050.3679540001	0.00022692923552558459	317.5061325666683
19070.6109472001	0.000151575786122316	317.8435157866683
19079.7205251001	0.00019039417052629998	317.99534208500165
19114.6416313001	0.00027716607458300256	318.5773605216683
19183.4702383001	0.00029224241396695654	319.7245039716683
19218.8960904001	0.00019159682487896314	320.3149348400017
19310.4996320001	0.00017001849299509873	321.841660533335
19345.4198601001	0.00010249310657370899	322.42366433500166
19383.8827893001	0.0002694695514461031	323.06471315500164
19401.0901691001	0.00016673911444783506	323.351502818335
19446.1313770001	0.0001526757707204397	324.10218961666834
19585.3078003001	0.00022475110333893748	326.42179667166835
19598.4658157001	3.582475390185307e-05	326.641096928335
19602.5144676001	0.00022377610750121067	326.70857446000167
19637.4349329001	0.00031654707815349976	327.2905822150017
19672.8619662001	0.0002657148104768414	327.8810327700017
19692.0931249001	0.00032926591673598267	328.20155208166835
19716.8912918001	0.000357280868356949	328.614854863335
19769.5245162001	0.00017290742092263123	329.4920752700017
19779.6465060001	0.00012159765553602006	329.6607751000017
19876.3102922001	0.0002843340121977931	331.27183820333505
19885.9260427001	0.00022256312629571787	331.43210071166834
19905.6634313001	0.00023035132198478812	331.76105718833503
19955.2609696001	0.0003898416296119855	332.58768282666836
19959.3096989001	0.00011313413692042185	332.65516164833497
19972.4677623001	0.00014067230943740007	332.8744627050017
19987.6509193001	0.00018697926439460526	333.12751532166834
19988.6624890001	0.0002269850829338841	333.14437481666835
20017.0050228001	0.00020598805126750364	333.61675038000163
20022.0658452001	0.0002076621261418575	333.7010974200017
20027.1267663001	0.00021994422272582755	333.7854461050017
20101.0161487001	0.00030527256137988647	335.0169358116683
20134.4170886001	3.2901302672243804e-05	335.573618143335
20151.6250928001	0.00029114497019282985	335.860418213335
20172.3748358001	0.00021820756892065477	336.206247263335
20311.0447445001	0.000180149757966162	338.517412408335
20315.0926627001	0.00021486343791085643	338.5848777116683
20348.4946584001	0.00019345237004800403	339.1415776400017
20365.7017378001	0.0001635406151944099	339.42836229666835
20386.9580136001	0.0003729421313031423	339.78263356000167
20402.6464947001	0.00022768204871549964	340.04410824500167
20416.8177948001	3.065622719943102e-05	340.2802965800017
20448.7021688001	0.00023469402634266855	340.811702813335
20478.5608266001	0.00022004752464110458	341.3093471100017
20483.6217825001	0.00029589792436757537	341.3936963750017
20496.7800307001	0.0002067808087022684	341.61300051166836
20505.8900366	0.0002241582428285476	341.7648339433334
20584.3343733	0.00025831597852461833	343.072239555
20608.6269605	0.00024428515780601116	343.4771160083334
20665.3085233	0.00018466233173625372	344.42180872166665
20697.6996347	0.0004568603843550864	344.9616605783333
20717.4372619	3.4076942707572124e-05	345.29062103166666
20736.6679835	0.00015785308008978448	345.61113305833334
20812.0752324	0.00031796023128556416	346.86792054
20848.5140867	0.00022457091183300938	347.47523477833334
20851.0455572	0.0002986365482856676	347.5174259533333
20891.0261641	3.305323774826654e-05	348.18376940166667
20902.1607992	0.00013722556750975868	348.3693466533333
20992.246048	0.00012006164140369628	349.8707674666667
20998.8248607	0.00024899746740413784	349.980414345
21034.2502787	0.00020088374183359936	350.5708379783334
21109.1524701	0.0003640088377959688	351.81920783500004
21152.6769885	7.653064806714476e-05	352.544616475
21163.8101161	0.00010469087837100994	352.73016860166666
21201.7681459	0.00018671641604479943	353.3628024316667
21275.1518659	0.00039623548579717456	354.58586443166666
21306.0232784	0.00017242629581584227	355.10038797333334
21376.8762364	0.00019289376279180024	356.2812706066667
21402.6866787	3.161750963631432e-05	356.711444645
21420.9060278	0.0002825821868789719	357.01510046333334
21444.1860069	0.00018666829122752755	357.403100115
21464.4301565	3.347496964936085e-05	357.7405026083333
21508.9667742	0.00034792900252034637	358.48277957
21518.0759631	0.00017833188781849968	358.634599385
21521.1128908	0.0003962084281877863	358.68521484666667
21579.8187713	0.00021260308267453276	359.66364618833336
21601.5816843	0.00018090671316477769	360.026361405
21603.0989538	0.0005422684126085739	360.05164923
21642.0683221	0.0002288933428348927	360.70113870166665
21667.8795318	0.00028051495838392896	361.13132553
21695.2084035	0.00022584570455098563	361.58680672500003
21779.7253868	0.00021622209981076888	362.99542311333335
21797.9451972	0.00023611830023186392	363.29908661999997
21874.3653198	0.00024293773967514607	364.57275533
21892.5845469	0.0002960335960941417	364.876409115
22026.6989787	3.229661208539224e-05	367.111649645
22033.2784201	0.0002412084086161464	367.2213070016667
22061.6198163	0.00019205439893311564	367.69366360500004
22065.667553	0.0001638893208761499	367.7611258833333
