retention_time	intensity	retention_time_min
22.7854847	0.0001426542453145658	0.37975807833333336
34.4242873	9.155554920225846e-05	0.5737381216666667
73.9006541	0.0001401236867861224	1.2316775683333332
75.4178753	5.738957559867434e-05	1.2569645883333334
76.4305139	0.00011324154807857491	1.2738418983333333
112.3633598	1.79229649459067e-05	1.8727226633333334
118.4364493	0.00014556105452872664	1.9739408216666667
162.9721893	0.00019715515700828495	2.716203155
256.0935793	0.0001213613407907874	4.268226321666666
268.7452582	0.00018408800613827877	4.479087636666667
271.27606	0.00012130216180731959	4.521267666666666
275.3245041	0.00016066698195597363	4.588741735
387.6778971	0.00018930560196330436	6.461298285
465.6162546	0.00011943079946533456	7.76027091
477.25577	0.00015129778797174788	7.954262833333333
508.1278303	0.00017755062570742829	8.468797171666667
568.8582436	0.00016319503887081833	9.480970726666667
576.9558046	0.00014616056188351982	9.615930076666666
614.912898300001	0.00012842201940643582	10.248548305000016
628.5777103	0.00013694550048190443	10.476295171666667
666.535113100001	0.00018298124264419356	11.108918551666683
679.1871581	7.220688442219163e-05	11.319785968333333
696.3937596	0.00012121002233727554	11.60656266
711.5773352	0.00016699037308302465	11.859622253333333
723.217359900001	0.00020229220149868392	12.053622665000017
747.0039895	0.00010271115446955798	12.450066491666666
829.4971485	0.00012685353761805756	13.824952475
834.051896	9.104484495341208e-05	13.900864933333335
857.331982200001	0.00019839293815989364	14.288866370000017
928.184765600001	9.070291191994696e-05	15.46974609333335
942.861709400001	0.0001336444255586068	15.71436182333335
948.428906800001	0.00011588104891934801	15.807148446666682
1046.6099793	0.00010827071870801598	17.443499655
1048.1285999	0.0001622239848569209	17.46880999833333
1095.1955122	0.0001438497703089999	18.253258536666667
1098.7375464	6.392383599468186e-05	18.31229244
1159.9757517	8.753315967926892e-05	19.332929195000002
1173.1346567	0.00010541598000433874	19.552244278333333
1189.8352349	0.00010225300242473718	19.830587248333334
1216.1531765	0.00010294922659910331	20.269219608333334
1273.3413518	0.00016954920353961017	21.222355863333334
1409.9864816	0.00014151763831570291	23.499774693333332
1601.28932270001	0.00010267114754814024	26.688155378333498
1721.7396078	0.00021181336825044615	28.69566013
1743.5008532	0.0001158285186359813	29.05834755333333
1767.2875945	0.00010128695448432737	29.454793241666668
1945.43234600001	0.00018167892287690904	32.4238724333335
1954.03537150001	8.223463317774872e-05	32.56725619166683
1959.60370480001	7.544843917538448e-05	32.660061746666834
2005.15156230001	5.906267534231742e-05	33.419192705000164
2017.80386310001	5.193756434603486e-05	33.63006438500017
2051.20539820001	0.00017590238343521364	34.186756636666836
2052.21821900001	7.248417428861366e-05	34.203636983333496
2054.74801880001	0.00011858409766734001	34.2458003133335
2059.30338950001	0.00010304444609058062	34.3217231583335
2060.82160710001	0.0001194517894203094	34.34702678500017
2076.00474720001	1.8659230617724196e-05	34.60007912000017
2091.18674240001	0.00013445340712093886	34.8531123733335
2104.85210680001	0.00010403177347262077	35.080868446666834
2170.13808360001	0.0001523834113702537	36.16896806000016
2189.36892650001	0.0001118009892517272	36.4894821083335
2193.92349600001	5.398995867350701e-05	36.56539160000016
2222.77126960001	0.00014715147488779208	37.04618782666683
2325.00218630001	0.00011110593413210137	38.7500364383335
2344.73978180001	9.49768679832978e-05	39.0789963633335
2488.46956530001	0.00010179711645476594	41.47449275500016
2553.24958180001	0.00014559887825559882	42.55415969666684
2638.77925180001	0.00019197752032800507	43.979654196666836
2685.34036300001	6.385266582990708e-05	44.75567271666683
2691.41278380001	0.00014345378264474885	44.856879730000166
2712.66946060001	0.00011776847100964669	45.211157676666836
2749.10791770001	0.00014785209067625637	45.818465295000166
2752.14391930001	0.00011042132805144945	45.86906532166684
2773.40056970001	0.00013151282360236399	46.22334282833349
2811.86380650001	0.00011215889281796059	46.864396775000166
2818.94812680001	0.00015990734340849227	46.98246878000017
2868.03909380001	0.00013123339784385036	47.8006515633335
2870.06414170001	0.00014356700814547707	47.83440236166684
2986.97116520001	0.00010048561822936123	49.7828527533335
3034.54391050001	0.00010301847903367163	50.57573184166684
3080.59839390001	0.00011273527833736956	51.34330656500016
3092.74477730001	0.00010684844945283254	51.5457462883335
3109.95224290001	0.00018862125378275792	51.83253738166683
3151.95780650001	0.00012397151829959455	52.5326301083335
3223.31681050001	0.00012289615275092546	53.721946841666835
3340.22477620001	0.00016484920105244602	55.670412936666835
3379.69930830001	0.00011243847889663342	56.32832180500017
3419.17453150001	9.339841620784056e-05	56.98624219166683
3441.94865400001	9.77768846975711e-05	57.36581090000016
3459.66151450001	0.00020102992001434772	57.661025241666835
3473.83235660001	0.0001644719777025186	57.897205943333496
3484.96658760001	9.133049518443837e-05	58.08277646000017
3488.00288590001	4.381394903590903e-05	58.133381431666834
3513.81441050001	6.104820927172557e-05	58.563573508333505
3516.85097380001	0.00014930829791331187	58.61418289666683
3526.98178090001	0.00014565444833565392	58.78302968166683
3538.62224120001	0.00018026022100759624	58.9770373533335
3569.99990010001	0.0001600835170759172	59.49999833500017
3587.20778690001	0.00011316281477376027	59.7867964483335
3588.22007130001	0.00014933288826276438	59.80366785500017
3635.28570550001	9.768685236505472e-05	60.58809509166683
3657.55462960001	0.00012620204648939885	60.95924382666683
3669.70036800001	0.00011912401436864273	61.16167280000016
3671.72498100001	0.00015059933236818586	61.195416350000166
3703.10211350001	0.00010013433514679905	61.7183685583335
3707.15068830001	0.00011261897497900165	61.78584480500017
3711.70617110001	0.0001348613393033831	61.8617695183335
3716.26043510001	6.652563713663534e-05	61.9376739183335
3742.07187160001	0.00011721931531793718	62.367864526666835
3754.21847350001	0.00015531864689760644	62.570307891666836
3761.80925190001	0.00010028944852515948	62.69682086500017
3801.79049950001	0.00012897543540828858	63.36317499166683
3826.08348770001	0.00013438493405870306	63.7680581283335
3829.62534710001	0.00010045151857766515	63.8270891183335
3852.40047700001	8.727881441055283e-05	64.20667461666683
3852.90595010001	0.00013782383380344043	64.21509916833351
3862.01610280001	0.00016007964510561968	64.36693504666682
3883.77813310001	6.993379043486437e-05	64.72963555166683
3920.21628220001	0.00011357745016306477	65.33693803666684
3932.36313070001	4.2208668549765684e-05	65.53938551166684
3969.81341500001	0.00010480207796417483	66.16355691666683
3991.57578270001	6.748356005119949e-05	66.52626304500016
4024.97816400001	0.00015934522162033924	67.08296940000017
4034.59411530001	0.00011365559679920505	67.24323525500016
4072.04423420001	0.0001259521690212011	67.8674039033335
4094.31204290001	0.000175525942160101	68.2385340483335
4105.95218780001	0.0001837827298165699	68.43253646333349
4123.66588360001	4.668384959937886e-05	68.72776472666683
4132.27018630001	5.745449314803502e-05	68.87116977166684
4141.37973910001	0.00016662636999729017	69.02299565166683
4150.99542920001	0.00013571881927314735	69.1832571533335
4164.15348500001	0.00016334725615599582	69.4025580833335
4184.90244040001	0.00018144299460899036	69.74837400666684
4223.87259470001	0.0001313338745880892	70.39787657833351
4287.13394700002	2.058326571349375e-05	71.45223245000034
4290.67584030002	0.00012392418603922637	71.51126400500034
4294.21883910002	6.147697775639106e-05	71.57031398500034
4358.49235790002	0.00012048962602575922	72.64153929833365
4361.02345720002	0.00022505315910827212	72.683724286667
4363.55306350002	0.0001233410274640942	72.725884391667
4403.53485170002	0.00014140180608670502	73.39224752833367
4414.16297610001	0.00013253863346019808	73.56938293500018
4419.22444070001	0.00019305187561009622	73.65374067833349
4448.57707890001	0.00010073887729816448	74.14295131500016
4452.62543700001	0.00019857388688433397	74.21042395000016
4459.71090070001	7.353318635945519e-05	74.32851501166684
4477.93063780001	0.00012412017369576423	74.63217729666684
4529.04618840001	0.00016521697748110556	75.48410314000016
4531.07078570001	0.00015321391879215615	75.5178464283335
4531.57697680001	0.0001834567622016947	75.52628294666684
4535.62523850001	0.00017987835726090233	75.59375397500017
4552.83203890002	0.00019964369808905637	75.880533981667
4577.12468930001	0.0001440700881509924	76.2854114883335
4593.82593380001	9.304826586554759e-05	76.56376556333349
4601.92293860002	0.00010861961661888522	76.69871564333366
4606.98435520002	2.7588147580036666e-05	76.783072586667
4613.56338620002	0.00023330826909157348	76.89272310333368
4633.80757320002	0.00011910358615026595	77.23012622000033
4668.22135170002	0.00014998332125273694	77.80368919500033
4698.58741910001	0.0001227397178753197	78.3097903183335
4746.66599790001	0.0001486755737157768	79.11109996500016
4748.69078820001	0.00022890187915034304	79.14484647000016
4848.39061920002	0.00017183009712877452	80.80651032000034
4848.89679180002	0.00010180875573894561	80.81494653000033
4903.55456300001	0.00012072283510448941	81.7259093833335
4967.32208800002	0.00010452277820631609	82.78870146666699
4971.87777580002	0.0002372221241148078	82.864629596667
4987.56574280002	0.00015365412456560282	83.12609571333367
4988.57814740002	0.00014214759165981312	83.14296912333366
4991.61504000002	0.00019847949512134553	83.19358400000033
5016.91962550002	0.00012802664347671592	83.615327091667
5036.15120260002	0.00012756971309615665	83.935853376667
5057.40743440001	0.00013473574608086254	84.29012390666684
5069.04656310002	0.0002275878175918426	84.48410938500032
5093.33975580002	0.00017702704158309006	84.88899593000033
5100.42564040002	9.536677193515608e-05	85.007094006667
5125.73000260002	9.843070574816022e-05	85.428833376667
5201.64345330002	0.00023859087653401237	86.69405755500034
5216.82664250002	0.00023696613423743036	86.94711070833367
5233.02076630002	0.00012267264664841138	87.217012771667
5268.95393860002	0.0001499029564097062	87.815898976667
5281.09974340002	0.0001582333956425383	88.018329056667
5355.49557680002	0.00014723040283142982	89.25825961333366
5372.19663750002	0.0002108051242792028	89.53661062500034
5376.24570260002	0.00012605459057071962	89.60409504333367
5414.20220240002	0.00016439218666756082	90.23670337333367
5419.76875210002	0.00011412162973660828	90.329479201667
5423.31208510002	0.0001257852046105995	90.38853475166701
5434.44563180002	0.0001874087991530839	90.57409386333367
5455.19510110002	0.00017419246223478226	90.91991835166701
5455.70237690002	0.0002210094547176449	90.92837294833366
5468.86092870002	0.00012046609946421042	91.14768214500033
5526.04849830002	7.140533635880389e-05	92.10080830500033
5563.49947560002	0.00014290270501469821	92.72499126000032
5694.57748160002	0.0001056480203538871	94.90962469333367
5703.18185550002	0.00010091669138496841	95.05303092500033
5741.13804410002	0.00024163042210335116	95.68563406833367
5757.33373490002	2.5721977320418157e-05	95.95556224833368
5784.15582910002	0.00011074561297454979	96.402597151667
5802.37586900002	5.0093293013594124e-05	96.70626448333367
5819.58304510002	0.00020620375953814258	96.993050751667
5825.14975840002	0.0002309183242355573	97.085829306667
5825.65616900002	0.00014993496327567004	97.09426948333366
5833.75377470002	0.00031711955456220837	97.22922957833366
5843.87449190002	0.0001649159473202455	97.39790819833367
5855.51531960002	0.00012629658045564714	97.59192199333367
5856.52813820002	0.000202201088190295	97.60880230333368
5858.04541580002	0.00010792700622878253	97.63409026333368
5883.35005920002	0.00015467440764875838	98.05583432000033
5887.39899570003	0.0002360909035312657	98.1233165950005
5909.66748300002	0.00014397556065553493	98.49445805000033
5927.88590320002	0.00021126914067674314	98.79809838666701
5934.97195690002	5.626654588114817e-05	98.916199281667
5955.21552700002	0.000137245069984179	99.25359211666701
5966.85596910002	0.00016756810565086107	99.44759948500034
5970.39767300002	0.00024285114212659747	99.50662788333368
5970.90417190002	0.0002617514605516948	99.515069531667
5997.22058720002	6.298092009599618e-05	99.95367645333367
6055.42135600002	0.00015416796599895585	100.923689266667
6093.37909760002	0.00016583588902984312	101.55631829333366
6128.29939060002	0.00026120544523899403	102.138323176667
6169.29241420002	0.00010930192321951836	102.821540236667
6169.79938340002	0.0001674680481354511	102.82998972333367
6216.86521870002	0.00017603641438971947	103.61442031166699
6217.87720900002	0.00043546976300684365	103.631286816667
6239.13413320002	0.0001553403991993603	103.985568886667
6242.67654090002	6.606605150485132e-05	104.04460901500033
6263.42615560003	0.00023273112253978105	104.39043592666717
6324.66357170003	6.784090949665616e-05	105.41105952833384
6350.47435110003	0.00024256637664341768	105.84123918500049
6417.27857540003	0.0001446417495461786	106.95464292333382
6515.46100720003	0.00021696058175361507	108.59101678666715
6528.11242500003	9.860712472874769e-05	108.80187375000051
6547.34431440004	0.00014649464068664918	109.12240524000067
6594.41145670003	0.0001916377628852678	109.90685761166716
6632.87456500003	0.00016739084210519513	110.54790941666717
6693.09935370002	0.0002468055879961173	111.55165589500034
6730.55007930003	0.000321029149833587	112.1758346550005
6786.22093550003	0.00017989043350720825	113.10368225833382
6821.64673810003	0.00016042812059042233	113.69411230166718
6822.15275060003	0.00015476130011442775	113.70254584333384
6849.48157310003	2.7477543214542827e-05	114.15802621833383
6897.56031130003	0.00023480024191540076	114.95933852166716
6968.91931760004	0.00016421490218985403	116.148655293334
6984.10204110003	0.000241501140422052	116.4017006850005
6986.63300510003	0.0005128990996118855	116.44388341833383
7022.05888510004	0.00017314252525188183	117.03431475166734
7037.24211640004	0.00046642581107274306	117.28736860666733
7047.36396410004	7.027257491706065e-05	117.456066068334
7049.89404400004	6.875475054325714e-05	117.49823406666732
7085.82661490003	0.00024316527575726676	118.09711024833383
7128.33957460004	0.00018002197002817895	118.80565957666732
7176.92401350004	0.00018980661030572422	119.61540022500067
7177.93576280004	0.0002568093184358119	119.632262713334
7179.45407580004	0.0001544088797762337	119.65756793000067
7193.11939590004	0.00025703750416583457	119.88532326500066
7216.39854510004	0.00017664209083455474	120.27330908500066
7231.07648390004	0.000203790233683879	120.517941398334
7277.13027560004	0.00022683561743305617	121.285504593334
7349.50173920004	0.00034044383124736825	122.491695653334
7352.03157690004	0.00016288641737455118	122.53385961500067
7377.84237030003	0.00019783575393086155	122.9640395050005
7400.61640700004	0.00010765221652201674	123.34360678333401
7402.64100280004	0.00022145912735930956	123.37735004666733
7435.03141310004	0.0003105056533662503	123.917190218334
7447.17710700004	0.00023356986087587394	124.11961845000067
7480.57933300003	0.0002271332255110193	124.67632221666716
7481.08554090003	0.00021189629743521496	124.6847590150005
7486.14724060003	0.00021089417229103904	124.76912067666717
7522.58532370004	0.0001280921380845506	125.37642206166734
7566.61495240004	7.745463268296489e-05	126.11024920666733
7572.68905790004	0.00016115758702179458	126.211484298334
7601.53556470004	0.00021063311380260452	126.69225941166732
7630.88914030004	0.00012489101914059443	127.18148567166733
7635.95000160004	0.00022013913029108532	127.26583336000067
7641.51780310004	0.00014780795849997805	127.35863005166733
7643.54117450004	0.0001481547603550259	127.392352908334
7694.15030250004	0.00021082063404011245	128.23583837500067
7729.57656950005	0.00011762487887110897	128.82627615833417
7788.28403890005	0.00022567606210728886	129.8047339816675
7849.52120990005	0.00015505202856958667	130.82535349833418
7866.22251840005	0.0001316027309945044	131.10370864000083
7868.75261400005	0.000235948770893179	131.14587690000084
7900.63652400006	0.00013806059089932905	131.67727540000098
7954.78832380006	0.0001792047370970051	132.57980539666767
7976.04499700006	0.00024813375091148495	132.93408328333433
8001.34874850006	0.0001977077408856993	133.355812475001
8010.45853010006	0.00016673686216383304	133.50764216833434
8074.73277300006	2.5223451756505128e-05	134.578879550001
8075.74506770006	0.00014049524059553574	134.59575112833434
8076.25131320006	0.00018716377661061906	134.60418855333435
8079.28744150006	0.0001304004630285294	134.65479069166767
8090.92712450006	0.00016447386823517302	134.84878540833432
8098.51906840006	0.00016943541005316767	134.97531780666768
8116.23188280006	0.00026967362901120516	135.270531380001
8119.26915900006	0.0002008083627952306	135.321152650001
8152.67085290006	9.538689252528575e-05	135.87784754833433
8194.17034210006	0.00023496437772202035	136.56950570166768
8227.57307940005	0.0001136730762327546	137.12621799000084
8238.20087760005	0.00016772123496679232	137.30334796000082
8252.37164730005	0.00016735901497265474	137.53952745500084
8313.10189140006	2.2408305215059975e-05	138.551698190001
8356.11965280006	0.00022826200327758024	139.268660880001
8357.13272340006	0.00021533504537986698	139.285545390001
8430.00903000005	0.00022247758059356805	140.50015050000084
8437.60085360005	0.00016867523120092992	140.62668089333417
8460.88062750005	0.00016421823323574435	141.01467712500082
8466.95378970005	0.00019479047751344995	141.11589649500084
8558.05070140005	0.00014031723387959613	142.63417835666752
8561.08806690005	0.00019851654003717674	142.68480111500085
8567.66704160005	0.0001121672303436551	142.79445069333417
8575.76435570005	0.00026698360203941023	142.92940592833418
8577.78818350005	0.00015757519581035363	142.9631363916675
8581.33138070005	0.00020746532976293342	143.02218967833417
8621.81839300006	2.1982917807335846e-05	143.69697321666766
8653.70226450006	0.0003011090681132109	144.228371075001
8683.05560630006	0.0001579995878271622	144.71759343833435
8685.08057380006	0.00014157812770557645	144.75134289666767
8733.66560490006	0.00016731065967838608	145.56109341500098
8748.84761720006	0.00017885995320194762	145.81412695333432
8761.49982730006	0.0002335349752334271	146.02499712166767
8806.03680410006	9.118440390106238e-05	146.76728006833434
8846.52405550005	0.00015930797482717251	147.4420675916675
8867.27343420005	0.00016749094692084754	147.78789057000083
8896.12105810005	0.00010626944759004509	148.26868430166752
8950.27222150005	0.00016977644369167906	149.1712036916675
8985.69895830005	0.0002665134259517043	149.76164930500084
9028.21118120004	0.00015326745710939735	150.47018635333401
9076.28945970004	0.00020806876730879322	151.27149099500065
9097.54585700005	0.00017483082377052963	151.62576428333418
9100.07658960005	0.00012841312336258937	151.66794316000085
9102.60696270004	0.0003173215203935447	151.71011604500066
9111.20950140004	0.00018291733416383847	151.85349169000068
9111.71666750004	0.0003670825818476825	151.86194445833402
9130.44141460004	0.0003219353270017646	152.17402357666734
9148.66118020004	0.00016252417748283842	152.47768633666735
9151.19176090003	0.00013777709657731812	152.51986268166718
9168.90481880004	0.00016092601094989028	152.815080313334
9174.97786930004	0.00011269118909272787	152.91629782166734
9205.85028670004	0.00025517635132773266	153.43083811166736
9210.90991710004	0.00022950641117546182	153.51516528500068
9233.17800100004	0.0001307308273266281	153.88630001666735
9255.44642420004	0.0001043055517763689	154.257440403334
9258.98958640003	6.50273685363366e-05	154.31649310666717
9284.29419700004	0.00022765001708900933	154.7382366166673
9314.65966830003	0.00021890861598870367	155.2443278050005
9330.85472280003	9.869430900840984e-05	155.5142453800005
9348.56808340003	2.7968386569885878e-05	155.80946805666719
9359.19653380003	0.00032014688972445925	155.98660889666718
9369.31732830003	0.00029802912808551263	156.1552888050005
9374.37925280003	0.00015084221205735964	156.23965421333384
9375.89716770003	7.402706062070255e-05	156.2649527950005
9380.95823840003	0.0003084345653484966	156.34930397333383
9413.34819630003	0.00015557982112369116	156.88913660500052
9491.28672180003	0.00011056159471081795	158.1881120300005
9499.38368680003	0.00019291045078845387	158.32306144666717
9517.60229650002	0.00020680192053552622	158.626704941667
9538.35210890002	0.0001332960346243251	158.97253514833366
9544.42584940002	0.00010805765654558075	159.073764156667
9549.99242220002	0.00019526928248704035	159.16654037000035
9550.49915170002	0.00015626495779438347	159.174985861667
9556.57156300003	2.1895615330044774e-05	159.27619271666717
9559.10284840003	8.17574097790997e-05	159.3183808066672
9596.55318710003	0.00019299985513867687	159.94255311833382
9643.61983300002	0.00014287957801548766	160.726997216667
9644.63265570003	6.167032884301258e-05	160.7438775950005
9653.74207190002	0.00017500245330542017	160.89570119833368
9657.28423100003	0.0002773623194511737	160.95473718333383
9684.61328570003	0.0001946356189197852	161.41022142833384
9689.67407370003	0.00014113321067882532	161.49456789500047
9695.74774220003	4.602873786545269e-05	161.59579570333383
9704.35156800003	0.00016789416424352078	161.7391928000005
9709.91845160003	0.00014458486071866156	161.83197419333382
9715.99155060003	0.00016369150182645256	161.9331925100005
9732.18595030003	9.280627105231539e-05	162.20309917166716
9733.19786550003	0.00012228027284239888	162.21996442500048
9736.23484060003	0.00012367876166429547	162.27058067666715
9742.81394730003	0.00028345899873952115	162.3802324550005
9755.46671310003	0.000258606506144482	162.5911118850005
9765.08240990003	0.00014207289587223903	162.75137349833383
9774.19186740003	9.161427666849282e-05	162.9031977900005
9797.47244280003	0.00015315194894623276	163.2912073800005
9798.99123460003	0.00010817647421464462	163.31652057666716
9802.53359510003	0.00010819593572637285	163.37555991833383
9806.58216580003	0.00015692875050097964	163.44303609666716
9808.60564260003	0.00013013184813814765	163.47676071000052
9819.73993400003	0.0001693503880804559	163.66233223333384
9842.51464180004	0.000183981483904112	164.04191069666734
9851.11812270004	0.00018784233547902872	164.18530204500067
9862.75842490004	9.127309508561716e-05	164.37930708166732
9864.78285390004	0.0001800448828949973	164.41304756500068
9884.51995720004	0.00016756629564398937	164.74199928666732
9889.07554440004	0.00010598578826930025	164.81792574000067
9893.12372650004	0.00015318857828758252	164.88539544166733
9908.30665400004	0.00010187861811685044	165.138444233334
9929.56244590004	0.0001393689714285482	165.49270743166733
9939.68439560004	0.00011974422943616408	165.661406593334
9948.28823290004	0.00011633238731433086	165.80480388166734
9955.37322310004	0.00015961554561522796	165.92288705166732
9956.38574480004	0.00012817066339970189	165.939762413334
9980.17227410004	0.00017567497322189797	166.33620456833398
9990.79975840004	6.813718642143878e-05	166.51332930666734
9992.31847340004	0.00011725819369283663	166.538641223334
10004.4646123	0.0001378055729682489	166.74107687166668
10012.5611008	0.00011948764643644855	166.87601834666665
10033.3111266	0.00014293384960938977	167.22185211
10037.8657538	0.0001391495912428524	167.29776256333335
10038.372799	0.00012681661151844672	167.30621331666669
10042.4212905	0.00011648546705125361	167.373688175
10042.9277516	7.393260801694664e-05	167.38212919333333
10043.434237	0.0001346082527024667	167.39057061666665
10052.0376659	0.0001210372102966512	167.53396109833332
10067.219172	9.781033133650602e-05	167.78698619999997
10069.2434242	9.650021753788355e-05	167.82072373666668
10072.2799878	0.00027371663532782027	167.87133313
10075.3170531	0.00010076029281952586	167.921950885
10083.4148898	0.00014258854298916112	168.05691483
10087.4638815	7.249966770985633e-05	168.124398025
10091.5128598	0.00010206594619964795	168.19188099666664
10104.1643819001	0.00020064646532473351	168.402739698335
10121.8780228001	0.00010816008640175077	168.69796704666834
10127.4448304001	0.00012025622911391401	168.790747173335
10130.4818002001	0.0001650232945133944	168.8413633366683
10146.1695688001	0.00018931097932391424	169.10282614666832
10165.9074341	0.0001612288570339753	169.43179056833333
10173.4998919	0.00019604965902072997	169.55833153166668
10185.1391194	0.00011032864812543835	169.7523186566667
10195.767192	7.912463680160272e-05	169.92945319999998
10203.3590555	0.00010920186285530754	170.05598425833332
10204.8767218	6.29767318799307e-05	170.08127869666666
10211.9622369	0.00012939083726362858	170.19937061500002
10219.047429	0.00012924725698895809	170.31745715
10232.2062617	0.00012497035339526652	170.53677102833333
10244.8586033	0.0001238816024342537	170.74764338833333
10259.0292276	0.00020627155938422598	170.98382046
10263.0782987	0.00011859003706543709	171.05130497833335
10265.1018543	6.962317526020203e-05	171.085030905
10303.5653375	0.0001741822291951347	171.72608895833335
10306.095112	0.00013686871166374332	171.76825186666667
10314.6990957	8.367758585760717e-05	171.911651595
10324.3154878	0.00012031572752895321	172.07192479666668
10325.8334316	0.00018936207642238575	172.09722386
10337.9791003	0.00014775529221931576	172.29965167166665
10352.1496818	0.00013013047348043498	172.53582803
10358.729379	0.0001231157423858678	172.64548965
10365.3082116	0.0001390691637307621	172.75513686000002
10373.4063344	0.00014901675824028108	172.89010557333333
10374.4174858	0.00010427608442095168	172.90695809666667
10376.9480393	9.137863598077761e-05	172.94913398833333
10393.1429782	0.00010540845591087195	173.21904963666665
10402.2539887	0.00014731726086715196	173.37089981166667
10408.3269782	0.0002795673488495969	173.47211630333334
10420.4726618	9.232724322946989e-05	173.67454436333335
10445.7771668	6.794682778775984e-05	174.09628611333335
10447.8018522	4.231788652827553e-05	174.13003087
10468.5512936001	0.00012774305769537648	174.475854893335
10472.6002074001	0.00012047580567170589	174.5433367900017
10495.8806840001	0.00010203890105127369	174.931344733335
10516.6305585001	0.0001676958671083074	175.27717597500165
10535.8615723001	0.0001627119056453428	175.59769287166833
10539.4044300001	1.794547447036923e-05	175.6567405000017
10565.2150998001	0.00015837291329759464	176.08691833000165
10579.8919950001	0.0001734227441726153	176.33153325000166
10589.0009840001	6.998599037837573e-05	176.48334973333502
10596.5931672001	0.00011748525715118802	176.60988612000168
10602.1596624001	4.2812624165998816e-05	176.70266104000166
10609.2453728001	0.00024061363105467936	176.820756213335
10615.3174882001	0.00015626853880234634	176.92195813666834
10624.4273454001	7.578714126605935e-05	177.07378909000167
10627.9705535001	0.00011776839886730435	177.132842558335
10633.0311785001	6.8245808084465e-05	177.217186308335
10637.0797494001	0.0002111070619440012	177.28466249000166
10665.9274664001	8.653845013982479e-05	177.76545777333502
10666.4331685001	0.00014427611812108045	177.77388614166833
10666.9397411001	5.373832244196562e-05	177.782329018335
10667.4454386001	0.0001353485585778951	177.79075731000165
10674.0255217001	0.00024432750207803244	177.9004253616683
10705.4020652001	0.00014237677747265312	178.423367753335
10723.6221965001	0.00014724759042122413	178.727036608335
10732.2251100001	0.00010841146344397105	178.87041850000165
10747.4077668001	0.00010440991557391773	179.12346278000166
10747.9142408001	0.00017555257857223625	179.131904013335
10804.5969287001	0.00013910677990988971	180.07661547833501
10813.7068641001	0.00013893265569383278	180.22844773500168
10817.2489342001	7.287555864660582e-05	180.28748223666835
10822.3095309001	0.00011497209934500054	180.37182551500166
10823.3215493001	8.767662044203891e-05	180.388692488335
10826.3591849001	0.00017089348544450673	180.439319748335
10826.8648006001	0.00013333861882813372	180.44774667666834
10839.0112596001	5.5917605825112265e-05	180.65018766000168
10847.6148300001	0.00012391117371886204	180.79358050000167
10865.8341307001	7.26055200224326e-05	181.09723551166832
10887.0901520001	0.0001650178535273444	181.451502533335
10890.6324695001	0.00016274020239742014	181.510541158335
10891.1382638001	0.00012292320704138535	181.518971063335
10904.2968285001	0.00010641824046784358	181.7382804750017
10921.5043723001	0.00012285540313048462	182.02507287166833
10932.1317458001	8.096194354928486e-05	182.202195763335
10938.2056553001	8.590956754639749e-05	182.303427588335
10951.8695316001	0.00021916993601540626	182.53115886000165
10954.9059272001	0.00012885232227719413	182.58176545333498
10959.4608732001	0.00018983135428691565	182.65768122000165
10961.9915742001	8.520926656610158e-05	182.69985957000165
10974.6439814001	0.0001461763596282391	182.910733023335
11020.1931504001	7.320757640314522e-05	183.66988584000168
11022.7228147001	0.00013544782027054704	183.71204691166835
11023.7352372001	0.00010687963128513817	183.72892062000167
11035.8811041001	0.00012098633718577924	183.93135173500167
11041.9545126001	9.178707666311804e-05	184.03257521000165
11051.0644067	9.93119784275185e-05	184.1844067783333
11080.9234704	0.00012798733660926973	184.68205784
11100.6616502	0.0001002789578281401	185.01102750333334
11102.1795964	7.186030068660892e-05	185.03632660666665
11102.6859957	0.00012776637006616472	185.044766595
11112.3007518	7.196490853983582e-05	185.20501253
11118.373995	7.369257984356222e-05	185.30623325
11119.3867766	6.114605542125598e-05	185.32311294333334
11123.4347837	0.00011028493275244934	185.39057972833334
11136.0878455001	6.02777766230311e-05	185.60146409166833
11140.1356917001	9.468654706487889e-05	185.66892819500166
11149.7514828	0.00012211730794773538	185.82919138
11153.2944923	0.00016645104606220353	185.88824153833332
11154.8128342	9.865250191064936e-05	185.91354723666666
11163.9227336001	0.00013191237172675602	186.065378893335
11164.428246	0.0001015542556157975	186.0738041
11166.9591147	0.0001716197605011297	186.115985245
11203.9041359	0.00010212758055893187	186.73173559833333
11208.9647868	7.836517496618862e-05	186.81607978
11213.519395	7.299472480580957e-05	186.89198991666666
11238.3184246	0.00010889741368642494	187.30530707666668
11251.4770894	8.547879247739788e-05	187.52461815666666
11265.6476111	0.00017572662752768007	187.76079351833332
11284.3725203	8.466978580974902e-05	188.07287533833332
11287.9154335	0.00018087166844804573	188.13192389166667
11301.5802762	0.0001814344782803831	188.35967127
11309.1711811001	9.915265612213529e-05	188.48618635166835
11326.3782993	0.00010385193022570486	188.77297165500002
11333.4641928001	0.00017359270645605853	188.89106988000168
11340.5486242	0.0001793557523573265	189.0091437366667
11341.0552324	0.00011033717534172398	189.01758720666666
11346.1167585	0.00019648797016850287	189.101945975
11350.1640582001	0.0001512426102076773	189.16940097000167
11351.6835999	0.00011664790656043441	189.194726665
11353.7073107	0.0001020556867523251	189.22845517833332
11367.8780803	0.000180729508315089	189.4646346716667
11368.8898745	0.00020228880674831722	189.48149790833335
11369.9018361	0.00011740461097715325	189.498363935
11415.4503908	0.00015598125825189312	190.25750651333334
11418.9929277	9.149376781239816e-05	190.316548795
11423.0415877	0.00017630826710745157	190.38402646166665
11427.5962108	0.00017129774811436527	190.45993684666666
11438.7303175	0.00025407310953726934	190.64550529166667
11460.9985249	0.00021617618215682746	191.01664208166667
11466.0597789	0.00011811415025761654	191.100996315
11479.7247709	0.00015647547681555017	191.32874618166667
11491.8703788	0.00015231832738443025	191.53117298
11499.4625026	0.00020263113203120687	191.65770837666665
11509.0776014	0.00013462137625368971	191.81796002333334
11516.1628263	0.00014344036191106697	191.936047105
11520.2113925	0.0001444339858081327	192.00352320833332
11548.5536475	0.00014186268072071935	192.47589412500002
11556.1447249	7.895663950243585e-05	192.60241208166664
11560.1937261	0.00013794484937606133	192.669895435
11591.0647071	0.0001451316110725226	193.184411785
11607.7662536	0.0001172486852871891	193.46277089333336
11624.4663138	0.00013215258411814442	193.74110523
11631.0457947	0.00020395732457713386	193.850763245
11633.5762766	9.200508968362105e-05	193.89293794333335
11635.0947489	0.00011812382166837342	193.91824581499998
11659.3867059	0.00012168692092400063	194.323111765
11683.1734265	0.00015450648781487985	194.71955710833333
11688.2344286	8.914868252231339e-05	194.80390714333333
11710.5027298001	0.0001374545101003921	195.17504549666833
11728.2154386001	0.00015617081214845433	195.47025731000167
11750.9897545001	8.482839538330679e-05	195.84982924166835
11783.8855738001	0.0001457347828597564	196.39809289666835
11790.4657347001	0.00011719207781553967	196.50776224500166
11790.9712151001	0.000205367221352365	196.516186918335
11792.9952985001	0.00012561756340647817	196.54992164166833
11806.6600066001	0.00019282098975527607	196.77766677666833
11809.6971952001	8.529102006805722e-05	196.82828658666833
11816.2764172001	9.741955665779447e-05	196.93794028666835
11823.8674544001	7.029454297715516e-05	197.064457573335
11824.3728766001	0.00012037109441926218	197.07288127666834
11834.4959349001	0.00016236179944523443	197.24159891500167
11836.0129492001	0.00014017725251659805	197.26688248666832
11838.0379565001	0.0001542304375060852	197.300632608335
11841.0749783001	0.00012418340006623113	197.351249638335
11842.0873263001	0.00011369646145603823	197.36812210500165
11873.4650085001	0.00012863289484392105	197.89108347500166
11892.1897454001	0.00010731574890466883	198.203162423335
11907.8791241001	0.00013837308955863447	198.464652068335
11912.4339554001	0.0001648860812197517	198.540565923335
11917.4951270001	0.00012662363032301736	198.624918783335
11918.5068228001	0.00013922893186839446	198.64178038000168
11920.5306744001	0.0001243310008069514	198.67551124000167
11923.5672014001	0.00012789347933546725	198.726120023335
11927.1098195001	6.718686720702326e-05	198.785163658335
11931.1585591001	0.000142034443352513	198.85264265166833
11931.6659188001	0.00020157280782822398	198.86109864666832
11936.2207831001	0.00017620269843161195	198.93701305166832
11936.7267721001	2.628105823786938e-05	198.94544620166835
11937.2324676001	0.0001737729331633041	198.95387446000169
11937.7387188001	0.00023933572639067778	198.96231198000166
11943.8110711001	0.0002340736651273137	199.06351785166834
11967.5986234001	0.00012627699170697737	199.45997705666832
11972.1527663001	0.0001823501265262301	199.535879438335
11990.3718267001	0.00016240488042768152	199.83953044500169
12017.1955162001	0.0001544640774753306	200.28659193666832
12017.7002197001	0.00017210687421617547	200.29500366166835
12035.9203545001	0.00018554543663432054	200.59867257500167
12049.5841465001	0.00016363574777958695	200.82640244166834
12056.1639503001	0.00011294035508618761	200.936065838335
12074.8890347001	0.00013938897668007433	201.248150578335
12075.3954809001	0.0001771780759941286	201.256591348335
12081.4687340001	0.00013330969429003746	201.357812233335
12099.6873639001	0.00016682254604277952	201.6614560650017
12102.2185790001	0.00018872576342577967	201.70364298333502
12120.9433316001	0.00015911827760584427	202.015722193335
12128.0294212001	0.00024621311376529065	202.13382368666834
12131.0652492001	0.00021372527836899084	202.1844208200017
12164.9734989001	0.0002606325077084798	202.74955831500168
12168.5169073001	0.00013674591374397048	202.80861512166834
12172.0599164001	2.3573741492236697e-05	202.867665273335
12174.0841852001	0.0001414552289469439	202.90140308666832
12176.1076779001	0.0001284902813984057	202.93512796500167
12183.1933526001	0.00022096144863904024	203.05322254333498
12186.7353448001	0.0001060109603296802	203.11225574666832
12187.7483450001	2.258331436334927e-05	203.129139083335
12195.3396268001	0.00011950114749897056	203.25566044666832
12201.9193946001	5.696944570644267e-05	203.36532324333498
12202.9314662001	0.00033233251587174253	203.382191103335
12206.4742231001	0.00019743554148239718	203.44123705166834
12207.4858281001	0.0001611653433583418	203.45809713500165
12212.5462602001	0.0001737145856738885	203.54243767000168
12213.5587954001	0.00014796130459595995	203.55931325666833
12214.0656006001	0.00016169646766716543	203.56776001000168
12217.1018557001	0.00018086811975075146	203.61836426166835
12230.7663647001	5.8057163832634305e-05	203.84610607833503
12233.2966925001	0.0003199542566148264	203.888278208335
12242.4058192001	0.00013917314776913631	204.04009698666832
12246.4546091001	0.00017290486755393175	204.107576818335
12252.5277917001	0.00018739325021910227	204.208796528335
12255.5643151001	0.00010596881743751553	204.25940525166834
12266.6988284001	0.00012809704004339615	204.444980473335
12272.7714894001	0.00012938164813736634	204.54619149000166
12280.8686887001	0.00019642392905629857	204.68114481166833
12293.0159029001	9.580324036407157e-05	204.88359838166835
12293.5213241001	0.00016620377652409532	204.892022068335
12296.5588213001	4.479076348449509e-05	204.9426470216683
12320.3442939001	0.00011990691097878851	205.33907156500166
12320.8508899001	0.00018445284935624564	205.34751483166835
12334.5150266001	0.00017520149300571255	205.575250443335
12342.1069243001	0.00011138927996873796	205.70178207166833
12343.1184172001	0.00012072668738575813	205.71864028666832
12347.1677208001	0.0001373194616898765	205.78612868000167
12351.2159331001	8.613994899982195e-05	205.85359888500167
12353.2406732001	0.00020121428877899916	205.887344553335
12354.2532054001	0.00012925915308379066	205.90422009000167
12358.8073659001	7.239349342323915e-05	205.98012276500168
12362.3499146001	0.00011381053577427942	206.039165243335
12362.8557123001	0.0001304020449284121	206.04759520500164
12368.9289582001	0.00016968551457733166	206.14881597000166
12378.5445979001	7.925205390879345e-05	206.30907663166832
12380.0637685001	0.0001565724733172562	206.33439614166835
12383.6061364001	0.00010445239045734408	206.39343560666833
12414.9842978001	0.00020950595960743198	206.916404963335
12422.5759141001	0.00010325016430448521	207.04293190166834
12423.0810438001	0.0001499599891235916	207.05135073000167
12451.4226560001	3.3818531563286423e-05	207.52371093333502
12451.9281158001	0.00019183725964588488	207.532135263335
12458.0019141001	0.00013566427486728547	207.63336523500166
12474.7030823001	9.912350922003516e-05	207.911718038335
12481.7880780001	0.00033419372007562683	208.02980130000165
12496.4648108001	0.0002510921546689191	208.274413513335
12503.5494311001	2.8545954705182137e-05	208.392490518335
12505.5741106001	0.00016818179042200006	208.42623517666834
12516.7083849001	0.00011324329253944835	208.61180641500167
12519.7455416001	0.00016180758808523907	208.662425693335
12541.0008474001	0.0002581293435701563	209.0166807900017
12549.6039270001	0.00014049175649155857	209.16006545000167
12563.2687317001	5.445443620029608e-05	209.38781219500166
12571.8719521001	0.0002407402565561021	209.53119920166833
12574.9087212001	6.245690957401482e-05	209.58181202000165
12582.4998160001	0.00013067698818933243	209.70833026666833
12588.5735697001	0.00013978605720569074	209.80955949500168
12593.1285177001	0.00010631905398824605	209.88547529500164
12607.8050268001	0.00011162979079581251	210.13008378000168
12608.8171146001	0.00013317274838418685	210.14695191000166
12627.0366335001	0.00010098272591216747	210.450610558335
12638.1710841001	0.00015686592250352359	210.63618473500168
12642.2190263001	6.830558972152665e-05	210.703650438335
12665.4995114001	0.0002150902344897191	211.09165852333498
12672.5852037001	9.081425793459548e-05	211.20975339500168
12678.6587686001	7.631182803491927e-05	211.31097947666834
12683.7186982001	0.00011262118893819912	211.39531163666834
12687.7685477001	0.00017289714427687277	211.46280912833498
12697.3844994001	0.00015335021120718877	211.62307499000164
12701.9386756001	9.478568027549857e-05	211.69897792666833
12704.4688368001	0.00017831625842096107	211.74114728000168
12709.0242108001	5.208351569858438e-05	211.81707018000168
12746.4741440001	0.00022383764309620756	212.441235733335
12758.6207972001	0.0004411456061229228	212.64367995333498
12759.1269468001	0.00016266712482969283	212.65211578000165
12761.6574360001	0.00012223959609074068	212.69429060000166
12763.6823220001	9.132157328306059e-05	212.7280387000017
12770.2605578001	9.379607319675871e-05	212.83767596333502
12770.7676371001	0.00012984395959997943	212.84612728500167
12772.7910810001	0.00010365274110599325	212.87985135000164
12779.3709040001	0.00022023369079578745	212.98951506666833
12780.8895432001	0.0001862660761131531	213.01482572000168
12785.9502266001	7.206203331974311e-05	213.099170443335
12808.2181650001	0.00015069087282885616	213.47030275000168
12809.2301965001	0.00014225349863770503	213.48716994166836
12826.4375672001	0.0002698829603041495	213.773959453335
12826.9437508001	5.883812729628841e-05	213.78239584666832
12830.9917712001	0.0001437828602817877	213.849862853335
12833.5230351001	0.00022497334554927732	213.89205058500164
12847.1868677001	5.837566969282219e-05	214.119781128335
12851.2364653001	0.00010604950902391369	214.18727442166835
12864.8998782001	0.00011738563993360272	214.41499797000168
12875.0216624001	0.00012876709574671273	214.58369437333502
12875.5279257001	8.149534720378542e-05	214.59213209500166
12878.5642640001	9.819036126833067e-05	214.642737733335
12881.0947627001	0.0001554200917714258	214.68491271166835
12886.1570377001	0.00018554508420408746	214.76928396166835
12892.7351592001	0.0001649691993366603	214.87891932000167
12895.7715954001	0.00019353599385295105	214.92952659000167
12901.8449313001	0.0001593235425011126	215.03074885500166
12904.3751077001	0.00021290103369939816	215.07291846166834
12907.9179157001	0.00013026158767865447	215.13196526166834
12923.6075205001	0.00010231913380645587	215.39345867500165
12932.2103570001	0.00013794870699780051	215.536839283335
12937.7782208001	0.00010524100189433803	215.629637013335
12940.3078532001	0.00020317514041468391	215.671797553335
12941.3208574001	0.0001339000771743576	215.68868095666832
12967.1307772001	0.00020067748324859464	216.11884628666834
12967.6375521001	0.0001599594379618411	216.12729253500166
12969.6611757001	0.00015774143278175204	216.16101959500165
12981.8073038001	0.00018231187456606195	216.363455063335
12985.3509249001	0.00013011998921862947	216.42251541500167
12988.3878569001	0.00020243980646180205	216.473130948335
12993.4482464001	0.00018649369183930444	216.55747077333498
13000.5334031001	0.0002207232529483552	216.675556718335
13004.0753285001	0.0002180973712907549	216.734588808335
13008.6314036001	9.598960923961991e-05	216.81052339333502
13011.6668291001	0.0002612486155494985	216.861113818335
13013.1860643001	0.00013348743925498967	216.88643440500167
13035.9599645001	0.00016304124306952314	217.265999408335
13037.9844662001	0.00015836469575347274	217.29974110333498
13045.0694057001	0.00025310832782306	217.417823428335
13063.2882599001	9.915873547709387e-05	217.721470998335
13065.3130647001	0.00016122198268395962	217.75521774500166
13080.4964183001	0.0002826663778632155	218.008273638335
13086.5691921001	0.00010308856089749638	218.10948653500165
13108.3317205001	0.00014230784099395863	218.47219534166834
13148.8187600001	0.0002577124313433807	219.146979333335
13151.3488851001	0.00029008833657733196	219.18914808500168
13164.5079117001	0.00020749744019501744	219.40846519500167
13170.0740530001	0.00018967028809782863	219.50123421666834
13171.5929738001	0.0003761224666933658	219.52654956333498
13172.6042493001	0.00021976129844943678	219.54340415500167
13173.1102910001	0.00019092593429436485	219.55183818333498
13173.6175815001	6.432641058628929e-05	219.56029302500167
13200.4396733001	0.0002675539285029283	220.007327888335
13200.9466154001	0.00013703311270428829	220.015776923335
13211.5744018001	0.00016364282763282005	220.19290669666833
13212.0796819001	0.000346346379789408	220.20132803166834
13219.6720031001	6.410687236011519e-05	220.327866718335
13231.3115795001	0.00028421829377226523	220.521859658335
13233.3362918001	0.0002090492638020689	220.555604863335
13234.8547471001	0.0001784813393062878	220.58091245166833
13237.8911074001	6.595867168492584e-05	220.63151845666835
13238.9033524001	0.00020507573002731525	220.64838920666836
13253.5795265001	0.00018867957593243052	220.892992108335
13258.6400126001	0.00020003554979607788	220.97733354333502
13262.6895972001	0.00021186866983167684	221.04482662000166
13264.7137904001	0.00030686772411735793	221.078563173335
13290.0178507001	0.00031617155692412766	221.50029751166832
13295.5856569001	0.00020807408832454444	221.59309428166836
13302.1638715001	0.00015807410807142265	221.70273119166833
13323.4199989001	0.0002393362736329149	222.05699998166835
13337.0854257001	0.00025166813930105726	222.28475709500165
13358.3407181001	0.00011102868385729774	222.639011968335
13360.8709984001	0.00021591454477821233	222.68118330666832
13372.5114272001	0.00022241025317394137	222.875190453335
13385.6696765001	0.00022617206438404135	223.094494608335
13397.3104963001	0.00016603594444343758	223.28850827166835
13412.4931865001	0.00023487914506322503	223.541553108335
13421.6021388001	0.0001426699217330842	223.69336898000168
13435.2663272001	6.172319284580716e-05	223.92110545333497
13436.2790848001	0.000195940453514189	223.93798474666835
13441.8465758001	0.00029496510284792436	224.030776263335
13443.8706712001	0.0004261233734183332	224.06451118666834
13451.9681644001	0.00019254238720861088	224.19946940666833
13455.0050126001	0.0003649125819711719	224.25008354333502
13456.0166535001	0.00013491115137031183	224.26694422500168
13457.0292043001	0.00013782593149712287	224.28382007166834
13457.5345284001	0.0002254054614908484	224.29224214000166
13467.6568954001	0.00014649357552152256	224.46094825666833
13474.2360943001	0.0002756261574145282	224.57060157166833
13479.2973114001	0.00010116088281375294	224.65495519000166
13479.8035789001	0.0003633705049289149	224.66339298166835
13488.9128244001	0.0001200050632273252	224.81521374000167
13489.4185759001	0.00024987914723486536	224.82364293166833
13493.4675400001	0.00014919587250256312	224.89112566666833
13505.1079746001	0.00019971204054539544	225.08513291000165
13505.6134196001	0.00018300653594771241	225.093556993335
13512.6991412001	0.0002595622295843261	225.211652353335
13540.0275780001	0.00015059397739931925	225.66712630000166
13545.5947091001	0.00010189463098360992	225.75991181833498
13554.7052471001	0.00014213673773686483	225.911754118335
13582.0334638001	0.00021298894689938174	226.36722439666835
13595.1921729001	0.00016799923200351083	226.58653621500167
13616.9541114001	0.00023899827296725362	226.94923519000167
13632.1370290001	0.00016361899449042025	227.2022838166683
13686.2885806001	0.0002363260144429471	228.10480967666834
13687.3009767001	0.0001528606182651323	228.12168294500168
13690.3378987001	0.00017419380021544103	228.17229831166833
13704.5086757001	0.00028026134370300304	228.408477928335
13721.7149925001	0.0002458073288936927	228.69524987500165
13723.7406178001	0.000192997486325422	228.72901029666835
13729.3072679001	0.00020115716717549967	228.821787798335
13743.9832910001	0.00023791890930507852	229.06638818333502
13760.6851043001	0.0002601397425037098	229.34475173833502
13776.8801547001	0.0002419894378727705	229.61466924500166
13781.9410514001	0.0003060305178131071	229.699017523335
13782.9524898001	0.00023714627463372208	229.71587483000167
13783.4590162001	0.00010731528962455288	229.72431693666834
13793.0752285001	0.0002868293953786649	229.88458714166833
13794.0867977001	0.0002521619994625694	229.901446628335
13794.5924183001	0.00014871202044345415	229.909873638335
13802.1842727001	0.0002476427468557466	230.03640454500166
13810.7884230001	0.00043504903427492227	230.17980705000167
13832.5499516001	0.00020700337629644787	230.542499193335
13850.2624756001	0.00019323865475781173	230.83770792666834
13862.4088948001	9.327753640700987e-05	231.04014824666834
13868.4824280001	0.00014635127965900152	231.14137380000165
13894.8000569001	0.0002858273467011635	231.580000948335
13899.3537371001	0.0001579099791180819	231.655895618335
13907.4520728001	0.00018864743583141207	231.79086788000168
13916.0555598001	0.0002313981424804976	231.93425933000165
13926.1765325001	0.0002486823894753614	232.102942208335
13928.7070043001	0.0002250466576756985	232.14511673833502
13930.7314115001	0.0001391950565370716	232.17885685833502
13953.5054973001	0.0001452524869581213	232.55842495500167
13954.5177905001	0.0001843241837027831	232.57529650833501
13955.0240487001	0.0003695413090603042	232.58373414500164
13957.5541681001	0.00017413548476498454	232.62590280166833
13960.0858985001	0.00017579597401555858	232.668098308335
13962.1091962001	0.00022371199207209074	232.70181993666833
13965.1460221001	0.00020516559976320207	232.75243370166834
13976.2799461001	0.00020081044062736212	232.93799910166834
13982.3530577001	0.00012526168604626772	233.039217628335
13992.4754604001	0.0002663346398251345	233.20792434000165
13999.0545635001	0.00015761749219823264	233.317576058335
14014.2371670001	0.00018309832789693142	233.57061945000166
14035.9993195001	0.00017551132614219186	233.93332199166835
14037.0120903001	0.00014321399898206257	233.95020150500167
14047.1339889001	0.00031626128271214045	234.11889981500164
14060.7981144001	0.0001763139587881114	234.3466352400017
14071.4257120001	0.00013921283840683337	234.52376186666834
14074.9677879001	0.0001839993190773498	234.58279646500165
14085.5963022001	0.00019655795852986633	234.75993837000166
14091.6697894001	0.0001817315242474429	234.86116315666834
14094.1994606001	0.00018825036565188718	234.90332434333502
14104.8279721001	0.0001520869815376177	235.08046620166834
14124.0599082001	0.00021082373781064847	235.40099847000167
14136.2056082001	0.00014217723297853068	235.603426803335
14149.8708207001	0.00010222749982079021	235.83118034500166
14156.9554763001	0.0001279195852058011	235.949257938335
14159.4864373001	0.0002159524294354898	235.99144062166835
14192.3821206001	0.00020769845049793914	236.53970201000166
14193.9009926001	6.832119832984636e-05	236.565016543335
14222.7471523001	0.0002456749027146139	237.04578587166833
14230.3388956001	0.0001992203109463139	237.17231492666832
14267.7895142001	0.00017347573428391072	237.796491903335
14273.3562493001	0.0002145374984806126	237.88927082166836
14288.0332497001	0.0001569827312934468	238.13388749500166
14295.1191712001	0.00016438806542645005	238.25198618666835
14301.6982009001	0.00023482538073977763	238.36163668166833
14302.7096882001	9.473042931939452e-05	238.378494803335
14305.7474575001	0.00016361356058385105	238.42912429166833
14313.3378391001	2.5621025182620973e-05	238.55563065166834
14325.9904419001	0.00019119234048005045	238.76650736500167
14328.0150599001	0.00019349150554036763	238.800250998335
14329.0275697001	0.00015344984839894496	238.81712616166834
14339.1483114001	0.0001786820937263081	238.98580519000168
14340.1616040001	6.446272754259416e-05	239.00269340000168
14353.8249537001	0.0003048949164936724	239.23041589500164
14359.8986282001	0.0001530221882172915	239.331643803335
14398.3619270001	0.00022412551028576003	239.972698783335
14414.5561826001	0.00020708084527558756	240.24260304333498
14416.0748094001	0.00016334749416442595	240.26791349000166
14417.5929824001	0.00018841873249250454	240.29321637333499
14435.8123890001	0.00019396062654227544	240.59687315000167
14466.6842851001	0.00021791894015753797	241.11140475166835
14469.2145260001	0.0003139194928876433	241.153575433335
14474.7819988001	0.0002939752751321231	241.24636664666832
14475.7936709001	0.00019276145737840602	241.26322784833502
14489.9642624001	0.0001212503766785599	241.499404373335
14504.1356481001	0.0003434170619799362	241.73559413500166
14509.7016125001	0.0001298688070404172	241.828360208335
14528.9339961001	0.00027066827254935527	242.14889993500168
14532.9819299001	0.00017369051475497917	242.216365498335
14539.5617414001	0.00021081071778898276	242.32602902333502
14543.6099019001	0.0002568871875114414	242.39349836500165
14545.1288194001	0.00025543293164542285	242.41881365666833
14583.0869663001	0.00017924539808652885	243.051449438335
14589.6659117001	0.00023825179170945972	243.161098528335
14621.5492398001	0.0001389007739997594	243.69248733000168
14635.2142376001	7.984997738577133e-05	243.920237293335
14670.6408963001	0.0004974718694512449	244.51068160500165
14675.1963570001	0.0002605911910973305	244.58660595000168
14681.7750650001	0.00016082300858060396	244.696251083335
14686.3294443001	7.33128400365278e-05	244.77215740500165
14688.8601814001	0.00010002427418361286	244.81433635666832
14697.4630855001	0.0003599517211607562	244.95771809166834
14697.9694747001	0.00020036834487425126	244.96615791166832
14726.8176704001	0.0001896329621322592	245.44696117333498
14733.3962520001	0.0001443959551477158	245.5566042000017
14734.9149632001	0.00015302034447650775	245.58191605333502
14736.4328961001	0.0001585268336907084	245.60721493500165
14748.5786309001	0.0002054906103749926	245.80964384833499
14755.1578472001	9.366655061439955e-05	245.919297453335
14764.7740857001	0.00019439815431790088	246.0795680950017
14766.2925427001	0.00017255266477362539	246.1048757116683
14771.8592303001	0.00030284882692623954	246.19765383833501
14805.2614651001	0.0002800145033152999	246.75435775166835
14812.8533464001	0.0001597263739675518	246.88088910666832
14817.4079279001	0.0001540571701188725	246.956798798335
14862.4500687001	0.00014299427671267878	247.70750114500166
14865.4859493001	0.0002973874237752318	247.75809915500167
14866.4988447001	0.00019068146387317305	247.77498074500167
14868.5228957001	0.00011561711716822345	247.808714928335
14882.1872199001	0.0002155673272435024	248.0364536650017
14888.2607322001	0.0002310536044362292	248.13767887000168
14894.8402028001	6.49944605638657e-05	248.247336713335
14922.1686289001	0.00023445674499115136	248.70281048166834
14922.6751988001	0.00018334274991674743	248.711253313335
14928.7474175001	0.00014020621459646422	248.81245695833502
14937.3514121001	0.0003403839679151112	248.95585686833502
14945.4496782001	0.00015579735361593525	249.09082797000167
14946.9675089001	0.00019742850943367665	249.116125148335
14953.5465778001	0.0001272408842185743	249.22577629666833
14957.0889674001	0.0001435545603388101	249.284816123335
14966.7047497001	0.00015597750917072583	249.44507916166833
14978.3448746001	0.00021341578544447127	249.639081243335
14990.9973739001	6.934677020214025e-05	249.84995623166833
14996.5645747001	0.00024465152169413833	249.94274291166832
14999.6007133001	0.0002623763147269789	249.99334522166833
15047.6792175001	0.00025917300737274767	250.79465362500164
15052.2350864001	0.00019100110129063085	250.870584773335
15076.0217165001	0.00014799339322924825	251.26702860833498
15096.7703167001	0.00011825443598739562	251.61283861166834
15099.8073464001	0.00017819585636057468	251.66345577333502
15102.8444474001	2.6986150707456933e-05	251.71407412333502
15104.3628333001	0.0002591199765094729	251.73938055500167
15110.9413218001	0.00016255206745910799	251.84902203000166
15113.4714932001	0.00018960262802569146	251.891191553335
15135.2340550001	0.00021529971226417463	252.25390091666836
15167.6236850001	0.00010965043567142932	252.793728083335
15176.7337094001	0.00034625619568559937	252.945561823335
15210.1361780001	0.00022278412647755587	253.502269633335
15213.6781466001	0.00016797948776872034	253.561302443335
15241.5130539001	0.00028925813940264484	254.02521756500167
15297.1839739001	3.78525014194688e-05	254.95306623166834
15301.7385135001	0.0001584297007969205	255.0289752250017
15318.9449011001	0.0002880118234017065	255.31574835166833
15332.6105987001	0.0003310449659617868	255.54350997833498
15346.7798935001	0.00038010854422884443	255.77966489166832
15356.9025209001	0.0001433986961749317	255.948375348335
15367.5304921001	0.000192299067441679	256.12550820166837
15368.5424771001	0.00017324621088237783	256.142374618335
15386.7621716001	0.00018452015928413485	256.446036193335
15399.9209398001	0.00015193010949583088	256.66534899666834
15402.9568323001	0.00013905591825797857	256.71594720500167
15410.0420430001	0.00014994840203458372	256.83403405000166
15417.1280035001	0.0002206466054937307	256.9521333916683
15433.3231763001	0.00022157310248920414	257.222052938335
15448.5050233001	0.00022816470097224563	257.47508372166834
15455.5905881001	0.0001368789565639437	257.593176468335
15471.2798802001	0.00019793190439771897	257.8546646700017
15474.3162874001	0.00017203776703106162	257.90527145666834
15489.4992820001	0.000316705796526658	258.15832136666836
15528.9732698001	0.00017106310903586662	258.816221163335
15535.0467228001	0.00024409344710800117	258.91744538000165
15535.5526363001	6.464377130575673e-05	258.92587727166836
15542.1326918001	0.00020154077324874186	259.035544863335
15549.7237586001	0.0001477499353980408	259.162062643335
15560.8572608001	2.6676863156584294e-05	259.347621013335
15567.4365734001	0.00021175754440271716	259.457276223335
15625.6369275001	0.00022317245608954157	260.4272821250017
15632.2172224001	0.0002651686830143473	260.5369537066683
15638.7959638001	4.143201802611492e-05	260.6465993966683
15643.3506590001	2.586743571511101e-05	260.722510983335
15652.9667499001	0.0002499020235242758	260.8827791650017
15659.5462222001	0.0001470570138196675	260.9924370366683
15662.0758694001	0.00023629166593435778	261.034597823335
15671.6921493001	2.6269042866991663e-05	261.19486915500164
15673.2099477001	2.7552712931957657e-05	261.22016579500166
15680.8020639001	0.0002461424588758796	261.3467010650017
15688.3931879001	0.00022960863429669862	261.473219798335
15747.6054908001	0.0003337431060607002	262.460091513335
15779.9963652001	0.00028964644622321724	262.9999394200017
15789.1053881001	0.00015223208800692835	263.151756468335
15795.6844214001	0.00024963465550118934	263.261407023335
15838.1957406001	0.00023919948737613776	263.9699290100017
15845.2821803001	0.00019436144788928067	264.08803633833503
15853.3793307001	0.00022281133623682384	264.2229888450017
15855.9093807001	0.00023867910124543128	264.2651563450017
15877.6717336001	0.0001949288895550925	264.62786222666836
15894.8792641001	0.00033770164090894217	264.9146544016683
15899.4330293001	0.0001952262927375819	264.99055048833503
15901.4576849001	0.00022234064056154794	265.024294748335
15905.5067367001	8.132833762986527e-05	265.09177894500164
15906.5190270001	0.0001860797823108209	265.1086504500017
15917.1465819001	0.00014439934193393914	265.28577636500165
15927.7749819001	0.00017834473077616393	265.46291636500166
15933.3412304001	0.00018398465412504609	265.555687173335
15958.6465801001	0.00016414949646032843	265.97744300166835
15963.2009904001	0.00031777401203616546	266.05334984000166
15963.7069981001	0.00023346264535083864	266.06178330166836
15971.8057337001	0.0001516503393861511	266.196762228335
15991.5432260001	0.0001436933643727033	266.525720433335
15997.6151629001	0.0002646741183292812	266.6269193816683
16004.7011409001	0.00012050183423668299	266.7450190150017
16006.2196406001	0.00025833498932685463	266.770327343335
16015.8352416001	0.0001125637554888972	266.93058736000165
16016.3405909001	0.00032793043854099853	266.939009848335
16021.9082765001	0.0002347230071819995	267.031804608335
16036.0782775001	0.0002343197510413037	267.26797129166835
16055.3105616001	0.0003519669936034664	267.58850936000164
16063.9136767001	9.332705496781732e-05	267.73189461166834
16076.5657212001	3.323557642454328e-05	267.9427620200017
16083.1451922001	0.00017331050866634294	268.05241987000164
16093.2680650001	0.00013324342515299645	268.22113441666835
16097.3164934001	0.0002806299227837628	268.288608223335
16121.6083522001	0.00020950916091581055	268.69347253666837
16134.2602834001	0.00021299388745352573	268.90433805666834
16140.3339407001	0.00020457459815703935	269.005565678335
16142.8639992001	0.00023571610933183015	269.04773332000167
16146.4066167001	0.000129080346821175	269.1067769450017
16159.0593858001	2.8076532885107084e-05	269.31765643000165
16162.6013955001	2.753502761457325e-05	269.37668992500164
16169.1808683001	0.0001336148852221937	269.4863478050017
16171.7109801001	0.00014717715355975507	269.52851633500165
16172.7241111001	0.000250139549863378	269.5454018516683
16177.2790082001	2.7415370275037086e-05	269.621316803335
16192.9676389001	0.00017421843196511493	269.8827939816683
16200.5580683001	7.54483701935129e-05	270.009301138335
16204.1008224001	0.0003086061147043437	270.06834704000164
16210.1743571001	0.00026655355383438503	270.169572618335
16232.9487510001	0.0001424835367580124	270.54914585000165
16241.5522766001	0.00020122196612153807	270.69253794333497
16263.8206034001	0.00023288181825367822	271.063676723335
16275.4600591001	0.000232161084277762	271.2576676516683
16337.2044202001	0.00018711455356631429	272.28674033666834
16338.2159091001	0.00018193368487164367	272.30359848500166
16345.3012189001	0.0002573069018374169	272.42168698166836
16349.8557705001	0.00019662356482353353	272.49759617500166
16362.0024290001	0.00021396413654566396	272.700040483335
16368.5819987001	0.0002359325890952292	272.809699978335
16385.2824021001	0.00024731514556739127	273.08804003500165
16398.9469994001	0.0002659131631986123	273.31578332333504
16433.8677525001	0.00024796293337593867	273.8977958750017
16470.3060946001	0.00029531505161494305	274.5051015766683
16483.9707722001	0.0002022071607011988	274.732846203335
16493.5858794001	0.00018311365737803	274.89309799000165
16507.2503329001	0.0001695680381828658	275.12083888166836
16513.8298085001	0.0002775529778497138	275.23049680833503
16515.8552077001	2.6534051443039648e-05	275.2642534616683
16525.4705847001	0.0002909380264703871	275.42450974500167
16530.0253758001	0.00017581710100666824	275.5004229300017
16544.1958629001	0.00012829714649627706	275.73659771500166
16565.4523112001	0.00010420057213633732	276.090871853335
16590.7556208001	0.00020181506631973092	276.51259368000166
16593.2867468001	0.0002482319868667365	276.554779113335
16604.4204433001	5.379019897277706e-05	276.7403407216683
16612.0120848001	0.0001746438096456268	276.86686808000167
16623.6526236001	0.00019247122766985738	277.0608770600017
16652.4993161001	0.00012232320549159238	277.541655268335
16668.1887821001	0.000201682677964079	277.803146368335
16672.2364868001	0.00038628364833544573	277.870608113335
16675.7796393001	0.00023889899974549454	277.92966065500167
16679.3219844001	0.00026995468894503257	277.98869974000166
16698.5545020001	0.00018877827144562074	278.3092417000017
16710.7008828001	0.00019457623409821064	278.5116813800017
16723.3529247001	0.00014166715501060797	278.72254874500163
16736.0042622001	0.00020929638830894997	278.93340437000165
16742.0776195001	0.0002148417512526609	279.03462699166835
16770.9251258001	0.00016292296630124456	279.515418763335
16809.3881882001	0.0002067543572228812	280.156469803335
16855.4420548001	0.00018416975384925055	280.9240342466683
16857.4670227001	0.00011956032988254497	280.95778371166836
16871.1315884001	0.00030494391139634014	281.185526473335
16884.2898913001	0.0002311722174904383	281.40483152166837
16898.9668713001	0.0002826617826617827	281.6494478550017
16906.0514896001	0.0002162764597686816	281.76752482666836
16922.7523498001	0.00016364023523112643	282.0458724966683
16936.4178202001	0.00016196148635507667	282.2736303366683
16937.9360852001	0.00017342926852010132	282.298934753335
16957.1670188001	0.00021919870958672703	282.619450313335
16970.3252402001	0.0002615566299676866	282.83875400333505
16976.3986127001	0.00046835828572503883	282.939976878335
17007.7763982001	0.00028103882168086766	283.4629399700017
17010.3073956001	3.7047814583097575e-05	283.50512326000165
17011.3195224001	0.00022233719743263464	283.52199204000163
17040.1662278001	0.00013307227094851775	284.00277046333497
17046.2398750001	0.00022151272151272152	284.10399791666833
17050.7942391001	0.0003613618473201625	284.1799039850017
17055.8556164001	0.00014377961675341594	284.26426027333497
17059.9044483001	0.00012492283206008988	284.3317408050017
17061.9284934001	0.00015316298648464756	284.3654748900017
17089.7631025001	0.00023140060295261924	284.82938504166833
17092.8006304001	0.00020361330376031514	284.8800105066683
17100.3915201001	0.0002879547428832812	285.00652533500164
17142.9035675001	0.0003773187141354198	285.715059458335
17147.4582390001	0.00011607134885209557	285.79097065000167
17171.2448699001	3.021097329685638e-05	286.187414498335
17175.2935102001	0.00026450104851252965	286.2548918366683
17183.8967208001	0.00012359778656388486	286.3982786800017
17188.4515061001	0.00023870538823162708	286.474191768335
17195.0305024001	0.0001807882715197247	286.5838417066683
17199.5863263001	0.000282098734557095	286.6597721050017
17204.1407663	0.0002965765612735395	286.7356794383333
17215.2749226001	0.00018268946051598565	286.92124871000163
17233.4942443001	0.00022247520704224224	287.2249040716683
17263.3539156001	0.00014342732283637483	287.72256526000166
17265.3780031001	3.047093851167748e-05	287.75630005166835
17272.4636346001	0.00022939360005429436	287.87439391000163
17287.6451884001	0.00016025136179415782	288.12741980666834
17289.1644964001	5.944298791743056e-05	288.1527416066683
17293.7186518001	0.00029413720090175214	288.2286441966683
17296.2498667001	0.0002412954886680489	288.2708311116683
17298.2741653001	0.00026025938523157124	288.3045694216683
17302.8284100001	0.0002901788859949292	288.38047350000164
17305.3591125001	0.00034593944957036663	288.4226518750017
17307.3832098001	0.0001807736054701829	288.4563868300017
17331.1705413001	0.00023275754823365112	288.85284235500166
17332.1813610001	0.00022651917038797665	288.8696893500017
17338.7609786001	0.000278475261337041	288.979349643335
17347.8712799001	0.00015111285301066483	289.131187998335
17374.1870053001	0.0001563273003970337	289.5697834216683
17407.5899884001	0.00014415147230779427	290.12649980666833
17412.1449821001	0.00029540694576454183	290.20241636833504
17423.7849266001	0.00013680233101400453	290.396415443335
17425.8089130001	0.0003044770220668546	290.43014855000166
17432.3878882001	0.00020235468444629488	290.53979813666837
17436.4364136001	0.0001375704184653423	290.60727356000166
17494.6372824001	0.00023678164936192467	291.5772880400017
17523.9905722001	0.00028905210044526326	292.0665095366683
17525.0029627001	0.00018136555020946396	292.0833827116683
17546.7651811001	0.00026409258312690864	292.4460863516684
17566.5024898001	0.00020141027072731043	292.77504149666834
17572.5757680001	0.000272433126375383	292.87626280000165
17610.5328338001	0.00024444527541988496	293.508880563335
17619.6428062001	0.00012124110249478967	293.66071343666835
17640.3921713001	0.0003720136474377235	294.006536188335
17643.4283331001	0.00021364617538581149	294.0571388850016
17665.1912842001	0.00011828595066881123	294.41985473666836
17669.2389663001	0.00020320037233282744	294.4873161050017
17677.3367483001	0.00025971094414637015	294.622279138335
17701.6291213001	0.00016721743337687382	295.0271520216683
17713.7759282001	0.0002708799363331326	295.22959880333497
17717.3177731001	0.00037360917300850775	295.28862955166835
17721.3673993001	0.0001952805620836774	295.35612332166835
17729.4653250001	0.0003534281505180081	295.49108875000167
17762.3599170001	7.814354268999232e-05	296.03933195000167
17764.8918005001	0.00018080507569157942	296.081530008335
17766.9149060001	0.00014220280587563813	296.115248433335
17768.4341930001	0.0003125438262576884	296.140569883335
17798.7996497001	0.00020292319840090997	296.64666082833503
17803.3544435001	0.00012858036670590356	296.722574058335
17806.8963108001	0.00018116942506657473	296.7816051800017
17825.1155283001	0.0001922948355396696	297.0852588050017
17847.3851014001	0.0003327682821482096	297.45641835666834
17848.9022257001	0.00023648081050152317	297.48170376166837
17861.5547039001	0.0001909380099936234	297.692578398335
17877.7501123001	6.261711872930751e-05	297.9625018716683
17881.7979805001	0.0002943927804985418	298.02996634166834
17889.8956595001	0.000292460883356851	298.164927658335
17933.9262869001	0.00021744574627649405	298.89877144833497
17938.4811834001	0.0003084372372473878	298.9746863900017
17947.5908003001	0.00021279864896653282	299.126513338335
17954.6757971001	0.00017021915380975933	299.244596618335
17962.7731040001	0.00022490106928154695	299.379551733335
17983.0174718001	0.0001910932726948946	299.716957863335
18005.7911035001	0.00026317108626998847	300.0965183916684
18028.5648393001	0.00020189523507894232	300.4760806550017
18039.7002209001	0.0003814075806757049	300.661670348335
18047.2904111001	0.00029881843914439686	300.788173518335
18048.3034659001	0.00018572470236635506	300.80505776500166
18061.9678638001	0.00020752734848201112	301.0327977300016
18065.0049692001	0.00018441128240565547	301.083416153335
18091.3208645001	3.735862308341773e-05	301.522014408335
18121.1801803001	6.345597257633252e-05	302.01966967166834
18125.7350007001	0.00019037870527645708	302.09558334500167
18187.9849542001	0.00024887550047215744	303.13308257000165
18199.6254602001	0.00029379775799948473	303.327091003335
18215.3138574001	0.00024163220156369575	303.58856429000167
18216.3262003001	0.0001468725117685937	303.6054366716683
18227.4600509001	0.0004989613102891258	303.791000848335
18229.9904261001	0.00017217127252518752	303.833173768335
18250.2347296001	0.0002056369906228197	304.1705788266683
18251.2461533001	0.00023423737344406372	304.187435888335
18269.9722698001	0.00015050091946655487	304.49953783000166
18294.7711659001	0.0002918638850492725	304.9128527650017
18300.8430761001	0.0002102632657311183	305.014051268335
18310.4590346001	9.436573244591545e-05	305.174317243335
18340.3189265001	0.0003783099746462611	305.671982108335
18345.8857221001	0.00026640509708194903	305.7647620350017
18363.0933597001	0.0003140139047798613	306.05155599500165
18365.1173474001	0.00019567217646358206	306.08528912333503
18388.9039595001	0.0001535470349345752	306.48173265833503
18420.2812597001	0.00027645620945456606	307.0046876616683
18452.1653184001	0.00021276919992919415	307.53608864000165
18476.9635013001	0.00016467784895797595	307.94939168833497
18482.5313376001	0.0003119414895370999	308.0421889600017
18489.6159953001	0.00026547870797552823	308.160266588335
18498.7258027001	0.00028555750069339026	308.31209671166835
18505.3045306001	0.00011109456071100519	308.4217421766683
18513.4023231001	0.00010180446709802609	308.5567053850017
18520.4880421001	0.0002665582329690371	308.67480070166835
18533.1404824001	0.00024109687316466844	308.88567470666834
18538.7079159001	0.00020412788919473937	308.97846526500166
18546.8048849001	0.0001759924547481949	309.113414748335
18566.0368107001	0.000358934408923124	309.4339468450017
18566.5426961001	0.00031738053242482523	309.442378268335
18569.0732117001	0.00027976170885034394	309.48455352833497
18592.3523789001	0.00018420486221608354	309.872539648335
18607.0300335001	0.0002800126540069597	310.1171672250017
18617.6574320001	0.00029862722659651584	310.29429053333496
18625.7552626001	0.0003206924185680218	310.4292543766684
18632.8406552001	0.0002488340973035986	310.547344253335
18639.9254676001	0.00022465224439735518	310.66542446000165
18646.5053857001	0.00018563069332691205	310.7750897616683
18655.1089815001	0.00026737002907188716	310.91848302500165
18701.6697581001	0.00032066403538044333	311.694495968335
18703.6935168001	0.00023985208888093268	311.72822528000165
18705.2123273001	0.0003248051169298421	311.75353878833505
18705.7181956001	0.00014915231766129166	311.7619699266683
18716.8513956001	0.00020776582483032457	311.9475232600017
18718.3710028001	0.0001702547195819285	311.9728500466683
18745.6998785001	0.00021592847038915598	312.42833130833503
18774.5461857001	0.00021361687212247168	312.9091030950016
18795.8019223001	0.0002879890959853734	313.2633653716683
18803.3936358001	0.0002672965931834214	313.3898939300017
18810.4792623001	0.00032412302041682367	313.5079877050017
18839.8323443001	0.0003419617518122802	313.99720573833497
18849.9539866001	0.0002730271718446558	314.1658997766683
18854.0034416001	0.00026692027670973886	314.233390693335
18863.6193860001	0.00022208195993173903	314.393656433335
18866.6552997001	0.0002562142695603134	314.4442549950017
18869.1863925001	0.00024152721783472322	314.4864398750017
18875.2597766001	4.479420422722905e-05	314.58766294333503
18875.7651146001	0.0002299403476592337	314.59608524333504
18886.8997719002	0.00030003904525968445	314.78166286500334
18891.9608831001	0.0002761914819297661	314.86601471833495
18892.9722798001	0.0002802760079980103	314.88287133000165
18901.0704794002	0.00012712718856030652	315.0178413233367
18906.6372693001	0.0002441439756029381	315.11062115500164
18915.7466881002	0.00023169418662787402	315.26244480167003
18934.4725680002	3.100832883712565e-05	315.57454280000337
18942.5699029002	0.00019378583447996186	315.70949838166996
18970.9109151002	0.0004487192865810572	316.18184858500337
18982.0451932002	0.00030033932376579103	316.36741988667
18987.6114857002	0.0002168293429354656	316.46019142833666
18988.6239496002	0.00030300683532292783	316.47706582667
18991.6604683002	0.00022353504710202778	316.52767447167
19006.3373939002	0.00022568532997190632	316.7722898983367
19018.9892604001	0.0003482006558163345	316.98315434000165
19022.5328106001	0.00017967951964731883	317.04221351000166
19026.0755606001	0.00025832942952125457	317.101259343335
19035.6910387002	0.00034404323408783076	317.26151731167
19072.6357433001	0.00022543997516967073	317.877262388335
19107.0502991001	0.0002492234392556155	318.450838318335
19108.0622374001	0.00046251332962016526	318.46770395666834
19118.6895852001	7.102418236824673e-05	318.64482642000166
19122.7390248001	0.0002801854010734339	318.71231708000164
19137.4148994001	0.00017951089167621238	318.9569149900017
19149.5614570001	0.00038005009016081924	319.1593576166684
19152.5982744001	0.00026037919433195605	319.20997124000166
19176.3842917001	0.0001723687797588568	319.6064048616683
19182.4579211001	0.0001678946155705045	319.707632018335
19197.6412953001	0.00026404743578523445	319.9606882550017
19211.3054493001	0.000128792285342108	320.18842415500166
19212.3169205001	0.00037574012446664164	320.205282008335
19219.9086483001	0.0003236530649223101	320.3318108050017
19221.4273202001	0.00022272928186700924	320.35712200333495
19244.7076277001	0.00020910495064321483	320.745127128335
19252.8055119001	0.00027442785949293596	320.88009186500165
19294.3050555001	0.00025973974474126154	321.57175092500165
19300.8838994001	0.0001885457753360106	321.68139832333503
19307.4628827001	0.00018636648455579475	321.7910480450017
19312.0180344001	0.0001516245009302726	321.86696724000166
19318.5969803001	0.00031751822351931794	321.97661633833496
19323.6574260001	0.0003482404024435111	322.06095710000164
19326.1881091001	0.0002701972439881113	322.10313515166837
19362.6270366001	0.0002000437270302951	322.71045061000166
19424.8760777001	3.2491373540325046e-05	323.74793462833503
19474.9786050001	0.00024263738470366514	324.58297675000165
19475.4853546001	0.00016964765068663013	324.5914225766683
19487.1252323001	0.00031497587418836005	324.78542053833496
19496.7405464001	9.760632769885007e-05	324.945675773335
19519.5159200001	0.00027937838309760783	325.325265333335
19558.4842019001	0.0001554510013691907	325.974736698335
19624.7823424001	0.00023003218172997866	327.07970570666834
19646.0381612001	0.0002472277329216891	327.433969353335
19657.1726868001	0.00028003962042037056	327.61954478000166
19666.7887505001	0.0001845279787299017	327.77981250833506
19678.4284223001	0.000355471164885631	327.973807038335
19696.1418330001	3.7587739180181336e-05	328.2690305500017
19703.2262794001	0.0002085367288019529	328.3871046566683
19711.3243124001	0.00019930168551297427	328.522071873335
19715.3735458001	0.00028558131663564053	328.5895590966683
19751.3057583001	0.00035436771042508716	329.18842930500165
19802.4204408001	0.00011272150839810685	330.04034068000163
19814.5671595001	7.079756814079624e-05	330.2427859916683
19816.5913067001	0.00036132550317455407	330.276521778335
19828.7374365001	0.00029593588636061966	330.4789572750017
19830.7616025001	0.0002911295595856718	330.5126933750017
19853.5371321001	0.0003099053400517009	330.8922855350017
19884.4074123001	0.0002885815605544125	331.4067902050017
19900.6029877001	0.00022763272151281943	331.6767164616683
19919.8340755001	0.0001004362982778173	331.99723459166836
19954.2491539001	0.00023713951901164874	332.5708192316683
19987.1447136001	0.00026312357602583677	333.1190785600017
19992.7114811001	0.00021743525301755044	333.211858018335
20003.8458887001	0.00033629664288220844	333.397431478335
20008.4012938001	0.0001783908251881874	333.47335489666835
20012.4493164001	0.0002491030970500394	333.54082194000165
20019.5340475001	0.0003319836293974225	333.6589007916683
20026.1133511001	0.00020696797024908305	333.76855585166834
20037.7538802001	0.00022459700403903985	333.96256467000165
20046.3570504001	3.2022566658530563e-05	334.10595084000164
20048.8878246001	0.00018854898933287804	334.14813041000167
20060.5284842001	0.00029720473246542395	334.34214140333495
20063.5641950001	0.00026217513449659736	334.392736583335
20064.5765170001	0.0003191504187978203	334.4096086166683
20067.6130698001	0.00022940504181303008	334.4602178300017
20078.2409842001	0.00016476241458326027	334.63734973666834
20085.3270901001	0.00021509114656432477	334.75545150166835
20119.7407957001	0.00033862459457641316	335.32901326166836
20130.3689143001	0.00018256120383454912	335.50614857166835
20150.1066041001	0.00023014495395980085	335.835110068335
20153.6489989001	0.00021598498119660163	335.8941499816683
20161.2405616001	7.97344981098028e-05	336.02067602666835
20180.9787666001	0.00011612427762914447	336.34964611000163
20194.1369705001	0.0002473554996083538	336.56894950833504
20197.1737204001	0.0002222204867409626	336.61956200666833
20201.2217678001	0.00015871442700279934	336.687029463335
20205.7763462001	0.00022981995266880862	336.762939103335
20211.3434048001	8.23311191566526e-05	336.855723413335
20213.8745236001	3.894949666627717e-05	336.89790872666833
20214.8860185001	0.0001802075643753528	336.91476697500167
20237.1539625001	0.0003087634908593449	337.28589937500163
20249.8070236001	0.0002470172492215108	337.49678372666835
20262.9659688001	0.0002874565944246756	337.7160994800017
20320.1545311001	0.000157811479463743	338.6692421850017
20330.7820928001	0.0002793161925803865	338.846368213335
20333.8181918001	0.00031750559200156126	338.89696986333496
20334.8303229001	0.00015524346208140388	338.91383871500165
20342.9275552001	0.00025845840592626215	339.04879258666836
20400.1172876001	0.00030127085706575986	340.001954793335
20410.7440836001	0.00024264269946870404	340.17906806000167
20411.2504554001	0.00024514399605547337	340.18750759000164
20414.2870076001	0.00043134583053392253	340.23811679333505
20421.8781746001	0.00032961921748550017	340.364636243335
20430.4826603001	0.00033630861057834305	340.50804433833497
20449.7129409	0.00024829802634301516	340.828549015
20463.3787985001	0.0002971000644960944	341.056313308335
20467.9331788001	0.0003125629626678781	341.1322196466683
20522.0850356	0.0002901437450443768	342.03475059333334
20539.7981017	0.00021647677943531575	342.32996836166666
20553.9687495	0.00021698993662242025	342.566145825
20555.9930342	0.00024236098313384365	342.59988390333336
20573.2004698	0.00022092555785581977	342.8866744966666
20575.2241514	0.00046974701838006956	342.92040252333334
20587.3709375	0.00025581407315547396	343.12284895833335
20606.0967588	0.0003553702541715115	343.43494597999995
20610.6506536	0.00019584090300460004	343.5108442266667
20616.2176072	3.3683870141943825e-05	343.60362678666667
20620.7725633	0.00013121983719270716	343.6795427216667
20628.3650733	0.00039375464025611447	343.806084555
20631.907835	0.00020074198495803809	343.8651305833334
20642.0289602	0.00022514066143306148	344.03381600333336
20675.4304463	0.000277444711888915	344.59050743833336
20677.454918	0.0002448814524293159	344.6242486333333
20730.0889254	0.00014893759131064314	345.50148208999997
20740.2105131	0.00015361389551609125	345.6701752183333
20747.8027857	0.00019558641474543763	345.79671309500003
20772.0949461	0.0002757815041552066	346.201582435
20790.820143	9.378197510438493e-05	346.51366905000003
20822.1985408	0.0002659332033048039	347.03664234666667
20835.3562565	0.00035125318482280804	347.25593760833334
20841.9360265	0.00027457221576146214	347.3656004416667
20868.2528611	0.0003551400150120939	347.8042143516667
20870.276533	0.00030469410375325674	347.83794221666665
20878.8807752	0.00024515977615716534	347.9813462533333
20883.941655	0.00014864867893155215	348.06569425
20906.7156861	0.0001993453469164832	348.445261435
20917.8499507	0.000284443044921949	348.6308325116667
20929.4896996	0.0003710676711853787	348.82482832666665
20938.0933711	0.0001939741819692608	348.96822285166667
20940.6241343	0.0002731520131230136	349.0104022383333
20999.8361906	0.0002142658636293243	349.9972698433333
21019.574522	0.0002638907836660562	350.3262420333333
21057.5304149	0.00021536759430795693	350.95884024833333
21074.7385543	0.0002726461032766789	351.2456425716666
21076.2561214	0.00035210937325253096	351.2709353566667
21077.2681521	0.000228721622072325	351.287802535
21100.0425898	0.00038416529290289335	351.66737649666663
21124.334801	0.0003137232440285189	352.07224668333333
21153.6893628	0.00015747699253604265	352.56148938
21169.8840492	0.00010244444682292248	352.83140082000006
21186.5846562	0.00016731559300956915	353.10974427
21190.1278039	0.0002613494516103716	353.16879673166665
21237.1934962	0.0002614520574676196	353.9532249366667
21255.4139461	0.00027682174202995106	354.2568991016667
21267.5591781	0.00032724839912071107	354.459319635
21278.694102	0.00018186598886892503	354.64490170000005
21291.8519399	0.00021192602080278195	354.86419899833334
21295.3955441	0.0003307277823418547	354.9232590683333
21316.6504507	0.0002928729586276474	355.27750751166667
21324.2417551	0.00029044568441130103	355.40402925166666
21336.8941287	0.0003025915571948117	355.61490214500003
21366.754675	0.0002361150186783845	356.1125779166667
21383.4551739	0.00033113194647192956	356.39091956500005
21398.6374172	0.00025790122615381757	356.6439569533333
21406.7362395	0.00047201548388626575	356.77893732499996
21413.3142755	0.0003138823294641966	356.88857125833334
21433.0519066	0.00021524808940681037	357.2175317766667
21435.5827406	0.00022345366583857368	357.2597123433333
21438.1128958	6.759542784526054e-05	357.3018815966667
21467.4667177	0.0003713850174892819	357.7911119616667
21474.5518896	0.0001517020749720578	357.90919816
21484.1680883	0.00044323318212193127	358.0694681383333
21501.3745519	0.00026146831122580495	358.3562425316667
21504.4110468	0.0002879813497792524	358.40685078
21509.9788654	0.00021212842361209846	358.49964775666666
21515.5447177	0.0003096060597705134	358.59241196166664
21525.6665845	0.00023461250469415443	358.76110974166664
21564.6364304	0.00025917785360265	359.41060717333335
21584.8796779	0.00037689492201113656	359.7479946316667
21599.5571547	2.993934289130222e-05	359.992619245
21601.0751978	0.00016323109174513995	360.0179199633333
21602.0869582	0.0002058540767592223	360.0347826366667
21631.9467101	0.00015517125760456125	360.53244516833337
21640.0436003	0.00017238861361915214	360.66739333833334
21650.6721263	0.00015283792894607535	360.8445354383333
21653.708118	0.0003561136615562897	360.8951353
21661.3002329	0.00016127768097767435	361.02167054833336
21688.6288242	0.00027620038337814086	361.47714707
21696.2208165	0.00016418435557640437	361.60368027500004
21721.5252252	0.00025712427260417357	362.02542042
21749.8662814	0.000128942748699227	362.4977713566667
21777.1945402	0.00018695745159997337	362.9532423366666
21778.2067656	0.0002931428544032043	362.97011276
21789.341872	0.00027441349928373425	363.1556978666667
21801.4874665	0.00016842326146123746	363.35812444166663
21818.6945293	0.00022651936179851888	363.64490882166666
21841.4684261	0.0002870304361458676	364.02447376833334
21861.2058041	0.0003414173545184834	364.3534300683333
21876.3889034	0.00025130390223014663	364.60648172333333
21888.0287825	0.0003302378933110429	364.80047970833334
21888.5358907	0.00033829612187201197	364.8089315116667
21891.0657137	0.00021527595173945205	364.85109522833335
21894.6079508	0.00018628145556888036	364.91013251333334
21901.6937321	0.00028805833291187396	365.0282288683333
21932.5653347	0.00025473617095359507	365.54275557833336
21935.0961	0.00027743402470645293	365.584935
21988.7421695	0.0002023565130587654	366.4790361583334
21996.8387423	0.0001358657560066682	366.6139790383333
22018.0958698	0.00019497699413788147	366.9682644966667
22057.0648697	0.0002229940324981176	367.61774782833334
22060.1013889	0.00021073866839259244	367.66835648166665
22079.3320043	0.00027917987406310613	367.9888667383333
22083.3806956	0.00019425732699549061	368.05634492666667
