retention_time	intensity	retention_time_min
180.6152226	0.00016015436121781683	3.01025371
195.2911864	0.00014297467191705873	3.2548531066666664
199.8468077	9.452183958094285e-05	3.330780128333333
351.674501	9.006638764379551e-05	5.861241683333334
396.2106728	0.00010170582878253467	6.603511213333333
458.46091	7.632004934666204e-05	7.641015166666667
490.850628299999	0.0001318289178853581	8.180843804999984
575.368352999999	0.00012888330049055127	9.589472549999984
594.5991086	4.097198486624264e-05	9.909985143333333
681.647915599999	0.0002420229119320196	11.360798593333318
687.720390699999	6.002816706300649e-05	11.462006511666651
737.317120999999	0.00010454441240389179	12.288618683333317
767.683916999999	0.000119359591935105	12.794731949999983
778.817645199999	0.00011005339523514508	12.98029408666665
785.397383199999	0.00010633909808990695	13.08995638666665
881.554796599999	0.00014873578061611365	14.692579943333318
890.157429199999	0.0001225201298955991	14.835957153333316
933.176045899999	0.0002522215033125332	15.552934098333317
952.913299699999	9.559533130610536e-05	15.881888328333316
1012.1261055	0.00016533078313301833	16.868768425
1049.5764997	7.416135863609021e-05	17.49294166166667
1088.545843	7.844452394965273e-05	18.14243071666667
1094.1132684	0.0001800994078959418	18.23522114
1097.6554631	0.00014593205355344552	18.29425771833333
1133.5882672	0.00010240354705332876	18.893137786666667
1140.1676739	0.00014787421648052032	19.002794565
1168.0031816	0.0002233901401475011	19.466719693333335
1174.5822474	0.00021248176529995404	19.57637079
1215.5759557	0.00011197035451566156	20.259599261666665
1257.0750553	0.00019256723394450113	20.951250921666666
1272.7638805	9.216332128251957e-05	21.212731341666665
1285.9219254	0.00010599924226284244	21.43203209
1287.9472915	0.0001481797016928918	21.465788191666665
1314.7692562	9.130250208396163e-05	21.912820936666666
1370.9458322	0.00011453568856755485	22.849097203333333
1411.4332024	0.0001030963263342383	23.523886706666666
1411.9398918	1.8833591182318066e-05	23.53233153
1441.798476	0.0001456507817503085	24.0299746
1507.5915519	0.000111171590850078	25.126525865
1514.6760571	6.400205950761321e-05	25.244600951666666
1552.633317	4.568367421769714e-05	25.87722195
1627.5351151	0.00017104619526122112	27.125585251666667
1629.5592794	0.00016589680395484807	27.159321323333334
1726.7289492	0.00014436418909083968	28.77881582
1787.4606753	0.00012612728782005302	29.791011255
1863.8806467	0.00015474590967260186	31.064677444999997
1896.7762774	0.00021597802956183613	31.612937956666666
1951.9403073	0.00012569968137339554	32.532338455
1953.9641687	0.0002028369191170299	32.56606947833333
1974.7151205	6.289119696298832e-05	32.911918675
1978.7634227	5.667593596842457e-05	32.979390378333335
1980.2818907	4.408062888363874e-05	33.004698178333335
2029.3721882	0.00013479626350618268	33.82286980333333
2045.0617495	0.00010266337662797711	34.08436249166667
2065.3058595	0.00017210712131631215	34.421764325000005
2093.6462983	0.00019275366683733398	34.89410497166667
2107.8168914	0.00015071387013853048	35.13028152333333
2127.0485919	7.743784000051626e-05	35.450809865
2130.0855528	0.00010887871809143873	35.501425880000006
2148.8105885	0.0001240866526171636	35.813509808333336
2170.0658146	0.00013958541873110566	36.167763576666665
2171.0785923	6.664079435826875e-05	36.184643205
2182.212557	0.00016244163891118151	36.37020928333333
2284.4432113	0.00016172885335045598	38.07405352166666
2299.6265059	0.00017970341510746313	38.32710843166667
2382.6258357	0.00019449283395359885	39.710430595000005
2383.131563	0.00013623612610511236	39.71885938333333
2393.7591697	0.00020395475375880955	39.89598616166666
2395.2783842	0.0001805304611583491	39.92130640333333
2401.3512985	0.0001358672191024766	40.02252164166667
2420.5822717	0.0001335323984992889	40.343037861666666
2424.6316876	0.0001337222459254966	40.41052812666667
2430.1982425	0.00013664935774801857	40.50330404166667
2480.807834	0.00015079190069137275	41.346797233333334
2491.9411276	0.00011940506643541014	41.532352126666666
2535.4661873	0.00013065770148440792	42.257769788333334
2535.9717145	0.0002581904881010493	42.266195241666665
2539.5142679	0.0001339529362085244	42.32523779833333
2551.6601996	0.00019317801029887011	42.52766999333333
2558.2396078	0.00018533167345315593	42.63732679666667
2565.8307903	0.00018584869032748356	42.763846505
2633.6477873	0.00016039821143952338	43.89412978833333
2676.1588177	0.00015484070762203383	44.602646961666665
2721.7077729	0.00027386150273861503	45.361796215
2726.7692024	9.408192264519436e-05	45.44615337333333
2728.2875299	0.0001649871014876249	45.47145883166667
2753.0855341	0.00017730241799886982	45.88475890166667
2784.9688573	2.8019916556688494e-05	46.41614762166667
2811.2864318	0.00012330591244708914	46.854773863333335
2818.3718455	2.9720199184774936e-05	46.972864091666665
2818.8772853	0.00013839758044693334	46.981288088333336
2839.1210623	0.00014885519435660648	47.31868437166667
2857.3413133	0.00012011048195315395	47.622355221666666
2892.2606159	8.021081750473928e-05	48.20434359833334
2894.2860705	0.00013743982332905432	48.238101175
2945.4006583	0.00013661053732960551	49.090010971666665
2979.8166962	0.0001547022821305025	49.66361160333334
2984.8771725	0.00019142310844031687	49.747952875
2986.3954094	0.00012089325864347206	49.773256823333334
2998.0356091	0.0001594023314846673	49.967260151666665
3017.7732268	0.00018459140718927024	50.296220446666666
3040.54733929999	0.00017581915122352165	50.67578898833317
3050.16289699999	0.00012982551224384974	50.83604828333317
3067.37000649999	0.00016427955283431023	51.122833441666494
3081.03524929999	0.000323330100032333	51.35058748833317
3093.68751169999	0.00017312952356193253	51.56145852833317
3112.91890389999	0.000151470071136837	51.8819817316665
3130.12544199999	0.00021711551590144045	52.1687573666665
3155.43000879999	0.00012183696767259124	52.5905001466665
3166.05803449999	0.00017338885495487706	52.76763390833317
3206.54590269999	6.952709504691871e-05	53.4424317116665
3216.1610827	0.00026603719069087894	53.60268471166667
3250.0701851	0.00017519315296829054	54.16783641833333
3285.496162	0.00016346683124551719	54.75826936666667
3292.5814524	0.00023561373388731813	54.87635754
3296.6299081	0.000211872259560047	54.94383180166667
3323.4527751	0.0001971504113601848	55.390879585
3324.4650204	0.00016530503689357465	55.40775034
3329.5259237	0.0002587304104117831	55.49209872833333
3338.1307849	0.00016890001119337352	55.635513081666666
3352.8065671	0.00021774070449219276	55.88010945166666
3407.4649356	0.00018059707268563093	56.79108226
3472.7508151	0.0001346239865202305	57.87918025166667
3511.7204156	0.00027046929592404884	58.52867359333333
3532.4697477	0.00023407253951751524	58.874495795
3542.5912755	0.0001745228917718311	59.043187925
3556.2566238	0.00024873660681071924	59.27094373
3556.7617979	0.00022678497282749166	59.27936329833334
3580.5484609	0.0001674990934930345	59.67580768166667
3602.3105397	0.0001722565024423855	60.038508995
3608.8892304	0.00022142329709174338	60.14815384
3625.5908503	0.00010384128085962521	60.42651417166667
3650.3894508	0.00019605967362634706	60.83982418
3656.462773	0.00022921522921522922	60.94104621666667
3663.0415118	0.00018199018738622298	61.050691863333334
3673.163718	0.00014402200908600164	61.219395299999995
3714.1569748	0.00022597566194040974	61.90261624666667
3772.35812659999	0.000223793997625186	62.87263544333317
3792.09530759999	0.00023241363684361056	63.20158845999983
3846.24690839999	0.00018597989493204786	64.10411513999983
3877.62530699999	0.00011304632128429488	64.62708844999983
3898.88148059999	0.0002442345415800271	64.98135800999984
3919.63116119999	0.0002408778126100283	65.32718601999983
3973.27682429999	7.180740918867647e-05	66.22128040499983
4001.61779969999	0.00019800878689508444	66.69362999499984
4075.50719169999	0.00015407190515629552	67.9251198616665
4099.79936649999	0.00034814687234565613	68.32998944166651
4111.44035799999	0.0003761795781747792	68.5240059666665
4111.94595879999	0.00038411139513936087	68.53243264666649
4112.95803049999	0.0002031851380133427	68.54930050833316
4130.67140959999	0.00023885957259382862	68.84452349333316
4149.39717649999	0.0003702150337576826	69.15661960833316
4151.42082899999	0.00017477934108188413	69.19034714999982
4151.92686539999	0.00025318412078001044	69.19878108999983
4180.77462039999	0.00029112298826550415	69.6795770066665
4187.35445009999	0.00016071229438119206	69.78924083499983
4196.96968589999	0.0001884832021754992	69.94949476499983
4247.579376	0.0002211502366001088	70.7929896
4281.4873041	0.00020915712865522806	71.358121735
4304.7680294	0.00034013771608210205	71.74613382333334
4344.74909779999	0.00030884449295098164	72.41248496333316
4350.8218944	7.229498297119014e-05	72.51369824
4362.9677001	0.0002371913879575494	72.716128335
4419.1445188	0.00016288168444519163	73.65240864666666
4435.3401063	7.204663260182731e-05	73.922335105
4448.4979949	0.0002400769770624867	74.14163324833333
4467.2227274	0.00024224471251138634	74.45371212333333
4497.5887275	0.00014792083325502824	74.959812125
4514.7958906	0.00017789770362632132	75.24659817666667
4552.246547	8.45067331013971e-05	75.87077578333333
4554.7769067	0.0001939779576604513	75.912948445
4571.4783635	0.00030519121875177436	76.19130605833334
4593.7460728	0.00019643590375297693	76.56243454666667
4605.3869815	0.00020919621374283114	76.75644969166666
4607.410817	0.00017969247801090754	76.79018028333333
4618.0388789	2.8686716386483507e-05	76.96731464833333
4626.6421981	0.0002478165613931561	77.11070330166667
4632.7155507	0.0003742911697384281	77.211925845
4698.00160260001	0.0001960802449153248	78.30002671000017
4734.9465726	0.0001798047473935164	78.91577621
4756.2027805	0.00025974249980849064	79.27004634166666
4771.8909425	0.00020813982996288486	79.53151570833333
4773.9158246	0.00019237579267693066	79.56526374333333
4774.9272493	0.00013694465339242703	79.58212082166666
4779.4827832	0.00017069190552497325	79.65804638666667
4781.0006592	0.0002718898030065496	79.68334432
4781.5072351	0.0001933756166314306	79.69178725166667
4795.6777439	0.00036153980232949887	79.92796239833334
4801.2442627	0.0002794663460348675	80.02073771166667
4802.2567898	0.00022760642831959514	80.03761316333333
4809.8475294	6.710653254389783e-05	80.16412549
4819.9704397	0.0002400145318972166	80.33284066166667
4828.5729807	0.0001493616486810348	80.476216345
4865.5190693	0.00034644921225556174	81.09198448833334
4905.5003456	0.0002097916410823202	81.75833909333333
4917.6455906	0.00039035068539664	81.96075984333334
4949.5295717	0.00022164226723402793	82.49215952833333
4983.9436674	0.0002897233240355908	83.06572779
4989.0048483	0.0002607797247413603	83.150080805
4998.6202105	0.0002129074847689261	83.31033684166667
5032.0234222	0.00013126432611599412	83.86705703666667
5082.1260624	0.00018894938817655857	84.70210103999999
5083.1381266	0.00030633465085297683	84.71896877666667
5126.1565303	0.00032652312813388155	85.43594217166667
5138.302786	0.00029243595429367415	85.63837976666667
5153.4852478	0.0003604758280930829	85.89142079666667
5186.3818258	0.0001614950634696756	86.43969709666666
5199.03318760001	0.0002073572786107601	86.65055312666684
5265.83764450001	0.00024006416953357057	87.76396074166684
5267.86183660001	0.00026166083627592203	87.79769727666684
5296.7103098	0.00027583870845218373	88.27850516333334
5313.4102109	0.0002465809635731527	88.55683684833333
5321.508163	0.000169963901984908	88.69180271666667
5343.2707698	0.00017954617658101722	89.05451283000001
5364.5263827	0.00019793881805390534	89.408773045
5370.0926548	0.00020380850514709598	89.50154424666667
5380.2146553	0.0002549754063560128	89.670244255
5389.3239066	0.00028545820142740036	89.82206511
5402.4826529	0.00020296527313680353	90.04137754833333
5425.257071	0.0003061719773948534	90.42095118333333
5428.8000221	0.00020714449707496578	90.48000036833334
5435.3788193	0.0002907617690117694	90.58964698833333
5443.4762831	8.635361547766115e-05	90.72460471833332
5447.0185118	0.0003040983293677554	90.78364186333333
5448.0312785	0.00021030197785345392	90.80052130833333
5462.2024331	0.000191680818710853	91.03670721833333
5476.3722361	0.00034044247342201805	91.27287060166667
5489.0249026	0.00016338736669076217	91.48374837666667
5490.5429537	3.075840381108927e-05	91.50904922833334
5493.5790873	0.00019104248772719865	91.559651455
5533.0552654	0.00027334553870140356	92.21758775666667
5549.7559512	0.0002484327807054141	92.49593252
5573.541734	0.00014288941946593553	92.89236223333334
5595.3039533	3.7438600694860427e-05	93.25506588833333
5635.7914957	0.00029641069616044243	93.92985826166667
5666.1578739	0.00041779698940784543	94.43596456499999
5702.089871	0.00032114613764311036	95.03483118333334
5704.6206143	0.00021011929225479145	95.07701023833333
5716.7661869	0.0001759059154646429	95.27943644833334
5754.2178212	0.00018469118203657146	95.90363035333333
5758.772199	0.00020399646489052917	95.97953665
5766.3642363	0.00019795421181884642	96.106070605
5767.3760557	8.550771802872803e-05	96.12293426166666
5781.54627710001	0.00017311869053997792	96.3591046183335
5799.25978160001	0.00018699231422083135	96.6543296933335
5807.35759880001	0.00017516225299029316	96.7892933133335
5814.94853170001	0.00017599596739674704	96.91580886166683
5818.9978012	0.0001744611760211391	96.98329668666666
5835.19319780001	0.0003104172631686374	97.2532199633335
5853.41256720001	3.567051289917088e-05	97.55687612000017
5862.52184170001	0.00019159399987310008	97.70869736166682
5875.17416970001	0.0002974823733892656	97.91956949500016
5908.06990120001	0.00014948752609643352	98.46783168666683
5925.78290150001	0.00025565556759373794	98.76304835833349
5932.86811540001	0.00018320367311468254	98.88113525666682
5939.44797450001	0.00015391902195455764	98.99079957500017
5970.82565360001	0.00014056399723152155	99.5137608933335
6003.7214492	0.000316311209342368	100.06202415333334
6004.2282858	0.0001588089330024814	100.07047143
6011.8194501	0.00015140699382095783	100.196990835
6016.3734319	0.0001740546764533129	100.27289053166666
6018.3980756	0.0002055419626201267	100.30663459333333
6020.4229562	0.00014750601939955016	100.34038260333334
6021.4341288	0.00022002844919900055	100.35723548
6033.0746522	0.00010120330264732128	100.55124420333333
6038.6413152	0.00028124693366679825	100.64402191999999
6040.66592	0.00040707627482816855	100.67776533333334
6061.9224155	0.00018332409145318114	101.03204025833334
6084.6963354	0.0002704762983584747	101.41160559
6086.2147953	0.00013065954937714974	101.43691325500001
6101.3977262	0.00011087110704521814	101.68996210333333
6125.1839708	0.0001822010909672028	102.08639951333333
6129.7388598	0.00018741053757813367	102.16231433
6144.415247	0.00024644032125598336	102.40692078333333
6170.2260901	0.00016839029550125167	102.83710150166667
6181.3593794	3.144089625990531e-05	103.02265632333334
6203.1213122	0.0001832279530238429	103.38535520333333
6233.9939524	8.082912722504625e-05	103.89989920666667
6237.5367354	0.00020836179413854738	103.95894559
6282.0726689	0.00010084609308714116	104.70121114833334
6300.7975687	0.00014253653953280013	105.01329281166666
6304.3403062	0.00013741617153950232	105.07233843666667
6321.0412565	0.00016703242909804142	105.35068760833333
6324.0781131	0.00010567751026022388	105.40130188500001
6337.2363268	0.00018240209796828154	105.62060544666666
6352.4200162	0.00021810368855009756	105.87366693666667
6374.1817782	0.0003193363072212803	106.23636297
6382.278882	7.110145358993285e-05	106.3713147
6392.4006794	0.00017498125200871335	106.54001132333333
6398.980413	0.00013747036499508713	106.64967355
6414.1624658	7.758141168893269e-05	106.90270776333334
6419.2237735	0.00015350465016350664	106.98706289166667
6430.8637034	0.00033650128479512483	107.18106172333334
6436.4303841	0.00012902027788797422	107.273839735
6455.156441	0.0002270920248824141	107.58594068333333
6457.6865186	0.00011393218916407552	107.62810864333333
6458.6992098	0.00011324850352126986	107.64498683000001
6460.2168936	0.00022788986987904667	107.67028155999999
6471.3511821	0.0001950693726440101	107.85585303500001
6473.8816708	0.00011379784584680751	107.89802784666668
6496.6560859	0.00014535834041639036	108.27760143166667
6498.6797261	0.0001423662529087884	108.31132876833334
6504.7538694	7.015630731099349e-05	108.41256449000001
6510.8259442	0.0002871358785272596	108.51376573666667
6583.7037095	0.0002135282813208636	109.72839515833333
6590.2830695	0.00020600128614559605	109.83805115833334
6590.7894829	0.000244064839315326	109.84649138166667
6595.850128	0.0003280386240891432	109.93083546666666
6607.4896363	0.0001289056162036848	110.12482727166666
6618.6241658	0.0001895623940574501	110.31040276333333
6681.3794219	0.00037361247391059127	111.35632369833334
6694.5376741	0.00012324215770753423	111.57562790166666
6695.0436468	0.00019137867384770788	111.58406078
6715.2885676	0.0002253931105706766	111.92147612666666
6719.8425197	0.00018352978403607308	111.99737532833333
6720.3490349	5.0997615351506166e-05	112.00581724833334
6729.9643589	0.00010792427624875611	112.16607264833333
6745.6535601	0.0002604490293631283	112.427559335
6765.39073330001	0.00013988610462960604	112.75651222166682
6773.48815370001	0.00021231264801534097	112.8914692283335
6814.9880679	0.0001690781344094315	113.583134465
6818.5309147	0.0002636518618968438	113.64218191166667
6834.2201425	0.00019447965472381299	113.90366904166667
6860.0309075	0.00014918879951475526	114.33384845833332
6900.01214040001	7.688768569306188e-05	115.00020234000017
6901.02465600001	0.0003195448181443751	115.01707760000016
6905.0736277	0.00036961259651724474	115.08456046166665
6918.2319186	0.00022492629362885124	115.30386531
6924.8115146	0.0001643848083409648	115.41352524333334
6946.57307440001	0.00028294506036445367	115.77621790666684
6951.1282841	0.00029827518319275505	115.85213806833333
6967.8288654	0.0002083851228877648	116.13048109
6970.8656819	0.0002395627230054722	116.18109469833333
6974.4078984	0.00022873341120923564	116.24013164
6981.4941081	0.00015357495793381587	116.358235135
6983.0124172	0.00016516649794216025	116.38354028666666
6984.0238731	0.0001765846368963388	116.400397885
6987.0610372	0.00020161373066457632	116.45101728666667
6995.6643805	0.00021006131937043387	116.59440634166667
7007.3042474	0.0002247420100740027	116.78840412333334
7025.0169771	0.00026639076194893383	117.083616285
7029.0663139	0.0002408608471653361	117.15110523166666
7029.5724988	0.00013476255771328844	117.15954164666667
7046.2731657	0.000356538582444202	117.43788609500001
7060.9496119	0.00025678350599614994	117.68249353166667
7074.6140227	0.00017776727707671084	117.91023371166666
7097.8953179	0.0001521080352676405	118.29825529833333
7107.0041527	0.00018630133966096463	118.45006921166667
7109.0293277	0.000225791077028652	118.48382212833333
7109.5355038	0.00018589521347991232	118.49225839666666
7113.5845988	0.0002658464432118564	118.55974331333333
7136.357777	0.00015293138227352962	118.93929628333333
7153.5650947	0.00011962308106565228	119.22608491166667
7184.9436056	0.00016280020865466188	119.74906009333334
7185.4494727	0.00019736469755069443	119.75749121166668
7195.0645233	0.00018322305618226033	119.91774205499999
7199.1141471	0.00016734133985404825	119.985235785
7200.1255196	3.3263184972136535e-05	120.00209199333334
7216.8261812	0.00019636078020683335	120.28043635333333
7217.3325775	0.00014560720291172656	120.28887629166667
7232.0090033	0.0001412037564646582	120.53348338833332
7237.0709971	0.00012428201941486682	120.61784995166666
7253.2660905	0.00018882304696050275	120.887768175
7271.9905935	0.00020422820847934984	121.199843225
7287.6803925	0.0002628390578840016	121.46133987500001
7299.8264368	0.00022148157081718246	121.66377394666667
7339.8069981	0.00020833217733355998	122.330116635
7346.8924275	0.00018275752298002032	122.448207125
7366.1235088	0.00022922795702725617	122.76872514666667
7381.3067643	0.000283393267434049	123.021779405
7400.03283469999	0.00013180661577608143	123.33388057833318
7419.26358249999	0.00015824621609618136	123.6543930416665
7426.85489519999	9.075059384019541e-05	123.78091491999983
7435.9649171	0.00012527061665264065	123.93274861833333
7447.0993205	0.00011785616810688032	124.11832200833334
7485.05602159999	0.00028602352886542064	124.75093369333317
7485.56190699999	0.00021818811991786103	124.7593651166665
7497.20206819999	0.0003777875068849125	124.95336780333317
7499.22636789999	0.00018040137105041997	124.9871061316665
7503.27491029999	0.00019018095205769863	125.05458183833316
7506.81739969999	0.00011293711229768894	125.11362332833318
7508.33605419999	0.00023032165740974979	125.1389342366665
7516.43329579999	0.00023348541979836007	125.27388826333318
7543.76309449999	0.00015429440634256756	125.72938490833317
7549.32942329999	6.864918593026282e-05	125.82215705499983
7613.60302309999	0.00013793068085968244	126.89338371833317
7625.75003339999	0.00012693807235470125	127.09583388999982
7647.51140639999	0.0002057461002231395	127.45852343999984
7653.07870459999	0.00020099429228303468	127.55131174333316
7658.64533339999	0.00010005242922055226	127.64408888999984
7661.17607029999	0.00014448521621844617	127.68626783833317
7705.71233139999	0.00013183375070174665	128.4285388566665
7732.53515089999	0.00010209854243093419	128.87558584833317
7771.50502259999	6.360633132878738e-05	129.52508370999985
7780.61417199999	0.00010164488683630573	129.6769028666665
7795.79743159999	3.2396871215656176e-05	129.92995719333317
7798.83319439999	6.714602939621445e-05	129.98055323999984
7799.34004239999	2.7131997883704164e-05	129.9890007066665
7811.48637109999	6.822942832070714e-05	130.19143951833317
7815.02796219999	0.00011942794706362022	130.2504660366665
7843.87552289999	7.975570325130232e-05	130.73125871499983
7854.50347959999	0.00010207194394152909	130.9083913266665
7855.00974949999	8.968778487940169e-05	130.91682915833317
7886.3873077	7.5440140318661e-05	131.43978846166667
7944.0819359	6.718227771424163e-05	132.40136559833334
7972.9296242	6.75865232472645e-05	132.88216040333333
8040.74589440001	7.063623345734403e-05	134.0124315733335
8122.73322340001	6.899432123663668e-05	135.37888705666683
8136.3971322	0.0001150448292806773	135.60661887
8136.90340120001	0.00011345925188875638	135.61505668666683
8145.50756390001	0.00012136531230210335	135.75845939833349
8160.18413570001	8.370207683382091e-05	136.0030689283335
8162.20847710001	5.845926160954212e-05	136.03680795166684
8170.81119470001	8.145851702266844e-05	136.1801865783335
8179.9216848	9.463916657033494e-05	136.33202808
8209.7808355	8.691906199994938e-05	136.82968059166666
8232.5545775	6.621674538984421e-05	137.2092429583333
8265.45089260001	1.2242394514427866e-05	137.75751487666685
8272.03027780001	7.078483648589697e-05	137.86717129666684
8303.40829250001	6.357273749243106e-05	138.3901382083335
8326.68872300001	3.404215960891339e-05	138.7781453833335
8327.70047460001	7.088447356932843e-05	138.79500791000015
8334.28023650002	3.447877495569254e-05	138.90467060833367
8337.82179980002	7.670939615156895e-05	138.96369666333368
8347.43778970002	8.885545992059377e-05	139.12396316166698
8369.20040690002	8.562626900636271e-05	139.48667344833365
8380.84029290002	2.9573761994060192e-05	139.68067154833366
8384.38319080002	5.833113393465064e-05	139.739719846667
8390.45600480002	7.790425030366987e-05	139.84093341333366
8392.98607000003	4.7098164349044494e-05	139.88310116666716
8413.23050890003	7.85647546294229e-05	140.22050848166717
8419.80986950003	5.632909844044462e-05	140.33016449166718
8420.82173910003	3.2268304667275014e-05	140.34702898500052
8422.33967400003	9.992478068385608e-05	140.3723279000005
8441.57190150003	8.184092721873352e-05	140.69286502500051
8443.59577830003	7.934384366158039e-05	140.7265963050005
8466.37069660004	5.9987761604621335e-05	141.10617827666735
8484.08308000003	7.674578986102367e-05	141.40138466666716
8538.23575630004	4.376635175197383e-05	142.30392927166733
8571.13116420004	9.267076733068862e-05	142.85218607000067
8582.26528530004	8.368860645329069e-05	143.03775475500066
8609.59399270004	1.1444486458425843e-05	143.49323321166733
8610.10021350004	0.0001611766406438879	143.50167022500065
8619.71666460004	6.928331138237077e-05	143.66194441000067
8660.20357600004	5.867500279991117e-05	144.33672626666734
8661.21609470004	8.838228451281199e-05	144.35360157833398
8684.49652310004	7.000291749964092e-05	144.74160871833402
8695.63054650004	6.954305471480461e-05	144.92717577500068
8709.80109960004	7.573949235991671e-05	145.16335166000064
8751.80688520004	0.00012233144417098717	145.86344808666732
8860.11002500005	5.187930165876254e-05	147.6685004166675
8866.68913640006	8.872628695591436e-05	147.77815227333434
8895.53650420006	7.1907434872568e-05	148.25894173666765
8926.40865400006	9.670763493530193e-05	148.77347756666768
8946.14611390006	2.6805513461772095e-05	149.10243523166767
8951.20644780006	5.5465081389995036e-05	149.186774130001
8974.48671800006	4.871566946642481e-05	149.57477863333435
8988.15117350006	8.535895558080417e-05	149.80251955833435
9003.84035220006	5.8447664787650294e-05	150.064005870001
9032.68770950007	0.00011437982280286371	150.5447951583345
9103.03490840007	6.951048818479679e-05	151.7172484733345
9138.46185980006	8.268736563303084e-05	152.30769766333432
9145.54597550007	3.777470514563126e-05	152.4257662583345
9194.63717360007	4.721441032228072e-05	153.2439528933345
9244.74006760007	5.635997409704644e-05	154.07900112666783
9263.97183600007	9.14678448359374e-05	154.39953060000116
9273.58836960007	7.587122033731479e-05	154.55980616000116
9304.45964490007	7.005093312891643e-05	155.07432741500116
9326.22212880007	9.324714441774185e-05	155.43703548000116
9342.92234580007	2.7231034042453868e-05	155.71537243000117
9346.97207460007	7.197455575360049e-05	155.78286791000116
9350.00824030007	0.00010703453151363603	155.83347067166784
9374.30069910007	4.5476799216667574e-05	156.23834498500116
9379.36117810007	7.6488174525649e-05	156.32268630166786
9399.09849490006	5.6873895498671e-05	156.65164158166766
9448.18951310006	2.536950470412442e-05	157.46982521833434
9475.51851050006	6.840150880947529e-05	157.92530850833433
9482.60487800006	4.3725591495562564e-05	158.04341463333432
9541.31113850006	8.786174289136778e-05	159.02185230833433
9542.32346990006	8.156339164713649e-05	159.03872449833435
9557.50546380006	6.139287378591966e-05	159.291757730001
9577.75031940006	8.375038054680817e-05	159.629171990001
9594.95677410006	8.597717318585031e-05	159.91594623500097
9595.46340850006	8.280836235696131e-05	159.92439014166766
9614.18877560006	7.780418612199286e-05	160.23647959333434
9665.80993820006	5.57386929352861e-05	161.09683230333434
9705.79161620005	8.02401332769043e-05	161.76319360333414
9752.35173230006	0.00010803853810516623	162.53919553833433
9773.60788050006	6.34013114524555e-05	162.89346467500098
9779.68075030006	4.429894316619313e-05	162.99467917166766
9788.28402290006	0.00014686835296699477	163.13806704833434
9811.05887020006	0.00011578246059005017	163.51764783666766
9817.13228800006	7.176407513698667e-05	163.61887146666768
9821.68721310006	9.969512121526662e-05	163.694786885001
9855.59501850006	0.00010970141615545263	164.259916975001
9866.72874940006	7.840984827694359e-05	164.44547915666766
9875.83840420006	0.00010234137802535306	164.59730673666766
9884.44167350006	7.816148695574317e-05	164.74069455833433
9897.09504860006	5.993709908216008e-05	164.95158414333434
9915.81921860006	3.223979610453292e-05	165.26365364333432
9935.55765240006	4.496988606243922e-05	165.59262754000102
9950.74062450006	6.051303916738109e-05	165.845677075001
9956.81304560006	3.9760840827528215e-05	165.94688409333432
10001.8553109001	7.006536308907331e-05	166.69758851500168
10026.1484767001	2.4913006621833453e-05	167.10247461166833
10033.2332279001	5.643766390630978e-05	167.220553798335
10039.3060059001	6.626519697068913e-05	167.32176676500166
10092.4459372001	0.00013101842392890424	168.20743228666834
10121.7996604001	0.00010796901289329962	168.69666100666834
10148.1169562001	5.309562751156291e-05	169.13528260333499
10169.3722135001	4.3729855050609764e-05	169.48953689166834
10203.7861536001	9.924405942392384e-05	170.06310256000168
10205.8116087001	5.3258950880212464e-05	170.09686014500167
10237.1898407001	2.7547695279835708e-05	170.619830678335
10253.8900684001	1.2455847135865142e-05	170.89816780666834
10259.9635804001	8.016466005461794e-05	170.99939300666836
10291.8465974001	0.00013140236227537083	171.530776623335
10297.4135110001	2.5418744668476604e-05	171.62355851666834
10311.0788765001	4.205104707107207e-05	171.851314608335
10325.2494283001	0.00016339299829434882	172.08749047166833
10347.5167589001	2.4968227929959126e-05	172.458612648335
10389.5222926001	6.787431970334142e-05	173.15870487666834
10413.3095164001	0.00012116093026766386	173.55515860666836
10463.4120511001	7.305206281744263e-05	174.39020085166834
10471.5104360001	7.037576694717853e-05	174.525173933335
10487.7051327001	7.116460277418186e-05	174.79508554500168
10509.4668894001	6.395604592089944e-05	175.15778149000167
10528.1923270001	4.764312496861743e-05	175.46987211666834
10547.4231098001	0.00011260377692965678	175.790385163335
10581.3324886001	6.154980995605011e-05	176.35554147666832
10598.5393323001	0.00010480219713544004	176.64232220500168
10624.3494288001	6.931215243493112e-05	177.07249048000168
10643.5812488001	0.00011305105887216669	177.393020813335
10672.4291242001	6.628587199187814e-05	177.87381873666834
10696.2148840001	0.00012705037298866483	178.27024806666833
10729.6173844001	8.845257699151099e-05	178.82695640666833
10737.2082801001	6.741862864646844e-05	178.95347133500167
10750.8728022001	8.554842355824248e-05	179.18121337000167
10783.7690129001	9.251026479513193e-05	179.729483548335
10794.9032684001	9.14699600555976e-05	179.915054473335
10795.4093593001	0.00011159610203100033	179.92348932166834
10832.3532648001	0.0001036162306594132	180.53922108000168
10854.1161061001	8.656797314991471e-05	180.90193510166833
10855.6340930001	6.673262862976895e-05	180.92723488333502
10866.7681042001	8.791527265000046e-05	181.11280173666833
10875.3714790001	4.595878128125873e-05	181.25619131666832
10884.4808462001	9.109611399160398e-05	181.408014103335
10915.8588807001	0.00011182223060888952	181.93098134500167
10920.9202589001	8.837430754938829e-05	182.015337648335
10957.3581901001	6.420862497849384e-05	182.62263650166832
10972.5420980001	6.0016949429557654e-05	182.875701633335
11000.3763716001	6.716743173803329e-05	183.339606193335
11015.5589743001	8.299474060151104e-05	183.59264957166835
11043.9008687001	8.493061303725353e-05	184.065014478335
11047.4432969001	9.888278623967477e-05	184.12405494833502
11062.6254795001	3.487329453282079e-05	184.3770913250017
11093.4972923001	0.00010478433665343997	184.89162153833502
11103.6197508001	4.1195889869004385e-05	185.06032918000167
11125.8880203001	6.059417599316002e-05	185.43146700500168
11153.7222953001	0.00011638002025220174	185.895371588335
11254.9417899001	0.00010916497607863133	187.58236316500168
11293.4043911001	9.295842525311697e-05	188.22340651833503
11318.7093854001	0.00012804006879533662	188.64515642333498
11324.7821194001	0.00011461162008352044	188.74636865666835
11325.2878499001	3.837727623494071e-05	188.754797498335
11339.4585016001	0.00011728514013910628	188.99097502666834
11353.1234283001	0.00010400481244378383	189.21872380500164
11354.1351829001	8.823303460028026e-05	189.23558638166833
11368.3069225001	0.0001132713500499413	189.47178204166832
11377.9221329001	8.748156638422618e-05	189.63203554833498
11393.6109504001	8.61046651156112e-05	189.89351584000167
11403.2260917001	7.20011215949364e-05	190.05376819500168
11424.9883217001	7.353033126164543e-05	190.41647202833502
11450.2937453001	0.00010596522647180696	190.838229088335
11455.3547964001	1.2085769320854695e-05	190.92257994000167
11497.8664992001	0.00010670964306123039	191.63110832000166
11543.4139068001	7.838279758868921e-05	192.39023178000167
11556.5728833001	7.781901300835976e-05	192.60954805500165
11584.4081225001	9.604258925455123e-05	193.07346870833499
11608.1937434001	9.246414445953735e-05	193.469895723335
11622.8711773001	7.1410402358524e-05	193.71451962166833
11625.9069711001	6.315347687240113e-05	193.76511618500166
11626.4140034001	5.793088343010083e-05	193.773566723335
11632.9934112001	0.00012605680286956493	193.88322352000165
11665.8895628001	8.483427100265313e-05	194.431492713335
11671.4556444001	0.00012976011695972045	194.52426074000167
11672.4679990001	6.429341536513714e-05	194.54113331666835
11676.5162404001	9.408450625815062e-05	194.60860400666834
11711.4368610001	8.72875927685156e-05	195.19061435000168
11723.0772984001	7.705933201616044e-05	195.38462164000165
11728.6450417001	0.00016830331557531685	195.47741736166833
11734.2108782001	9.612433563652185e-05	195.570181303335
11742.3092691001	0.00014630437084307894	195.70515448500166
11742.8146919001	8.573002777861997e-05	195.713578198335
11764.0713463001	5.990380064015147e-05	196.06785577166832
11801.5214919001	7.176461610226155e-05	196.69202486500166
11810.6314203001	8.617505847593253e-05	196.84385700500167
11832.3928862001	0.00013426804329732793	197.206548103335
11840.4911606001	9.979951801916418e-05	197.34151934333502
11880.9781305	0.00010592195544918076	198.016302175
11885.0265097	8.268616673431505e-05	198.08377516166667
11907.2951308	9.687244954929661e-05	198.45491884666666
11919.9469383	9.031092762224229e-05	198.665782305
11921.9721582	7.812083049404077e-05	198.69953597
11939.1788209	0.0001143608889004241	198.98631368166667
11985.7401032	0.0001395830920327753	199.76233505333332
12009.5253737	7.453882383510122e-05	200.15875622833335
12018.1290945	0.0001377876684034487	200.302151575
12040.9040247	0.00010088531729543974	200.681733745
12048.4946302	0.00015930461383296856	200.8082438366667
12065.7028027	7.34557632463406e-05	201.09504671166667
12073.7994881	9.027803193890373e-05	201.22999146833334
12080.8848535	6.932319814171815e-05	201.34808089166665
12126.4327858	9.404698356121776e-05	202.10721309666667
12139.0852777	6.20493102185014e-05	202.31808796166666
12146.1706994	4.093237572837701e-05	202.43617832333334
12157.8111251	9.72187108225537e-05	202.63018541833333
12163.3784376	0.00012450848413581004	202.72297396000002
12174.5124421	0.0001918939190705874	202.90854070166668
12191.2130768	0.00023090737411389294	203.18688461333335
12194.7561735	9.021332731911151e-05	203.245936225
12210.4454055	7.67526493140649e-05	203.507423425
12222.5914236	0.00014022073930013924	203.70985706000002
12225.6274041	5.2279867954273746e-05	203.760456735
12232.2067897	9.909243433046041e-05	203.87011316166667
12237.773475	6.96779634763139e-05	203.96289125
12249.9195168001	7.039786731000737e-05	204.16532528000167
12254.9809411001	5.410996033418707e-05	204.24968235166835
12270.1630374001	0.00012328492824444394	204.50271729000167
12272.6940696001	0.00010849899189347268	204.54490116000167
12282.8165548	0.00014828138560532908	204.71360924666666
12291.4188556001	8.774425254451435e-05	204.85698092666834
12292.4315252001	0.0001666973720796932	204.87385875333499
12293.4433811	8.738018660637519e-05	204.89072301833332
12315.7120355	3.4580692927427315e-05	205.26186725833335
12322.7968749	0.00010487771335738494	205.37994791499997
12353.1628236	8.479459624777349e-05	205.88604705999998
12354.1748113	0.00010693258258815223	205.90291352166665
12358.7292028	8.23665592871188e-05	205.97882004666664
12378.4673486	0.00011622313983925239	206.3077891433333
12384.0347946	0.00012670427971161785	206.40057991
12387.5774655	0.0001354914582162338	206.45962442500002
12425.5335071	0.0001278979612588337	207.09222511833335
12439.7043085	8.594587626010033e-05	207.32840514166668
12474.1183842	0.00013041153885615851	207.90197307
12476.1434015	7.470666200469992e-05	207.93572335833332
12482.7226549	5.199856762708557e-05	208.04537758166668
12497.3999927	0.00013045572179325017	208.28999987833333
12503.4728242	0.00010653780180400612	208.39121373666666
12505.497067	5.942509207645544e-05	208.42495111666668
12508.5339192	7.445328805542032e-05	208.47556532
12511.5701764	4.5912228484579825e-05	208.52616960666668
12576.3492611	0.0001191263995422253	209.60582101833333
12613.2939725	7.290710878447756e-05	210.22156620833331
12675.5439117	0.00014653434933839236	211.259065195
12677.0629195	9.254124619856808e-05	211.28438199166666
12685.1598821	0.0001747842787085818	211.41933136833333
12691.2324898	0.00010388175395547951	211.52054149666668
12703.3793602	0.00018960299965021515	211.72298933666667
12714.0069385	7.914280140635965e-05	211.90011564166667
12739.3111418	8.946258546872005e-05	212.32185236333333
12812.6953442	0.00010086815084186718	213.54492240333332
12820.7924317	7.265019151465201e-05	213.67987386166666
12847.6154813	0.00012478401988351155	214.12692468833333
12878.992837	8.305983450889189e-05	214.64988061666665
12886.5846818	0.00011600224688585329	214.77641136333335
12910.8778651	7.058464465850701e-05	215.18129775166665
12918.9745202	0.00014750266639435404	215.31624200333331
12926.5665102	9.836884413443461e-05	215.44277517
12958.9566458	9.370909168945809e-05	215.98261076333335
13015.6390416	6.62811979824405e-05	216.92731736
13040.9427957	0.00010811474409770541	217.349046595
13057.6440037	0.00011260151364519706	217.62740006166666
13073.8387398	5.267622843725042e-05	217.89731233
13096.613419	7.463002718207855e-05	218.27689031666665
13132.5454841	8.326549598790557e-05	218.8757580683333
13149.2472492	0.00011175433498104735	219.15412082
13159.3695143	9.216531625231857e-05	219.32282523833334
13164.9354294	5.186336697884337e-05	219.41559049
13171.514983	0.0001001796377920054	219.52524971666665
13173.5400458	5.4051178379528645e-05	219.55900076333333
13188.2160563	5.062122869021413e-05	219.80360093833332
13189.7340814	5.630366443016e-05	219.82890135666668
13197.8321359	5.353478273800672e-05	219.96386893166667
13207.4474381	9.356016710732871e-05	220.12412396833332
13223.1360226	8.529195887556053e-05	220.38560037666667
13236.2950059	9.564524703041858e-05	220.60491676499998
13242.8736418	6.658030768058286e-05	220.71456069666667
13252.9965772001	6.201710187095114e-05	220.88327628666832
13284.3739024001	6.686441238928238e-05	221.40623170666834
13311.1972510001	8.519854186923e-05	221.85328751666833
13325.3670487001	6.631420043529643e-05	222.08945081166834
13329.9226760001	4.487857125525364e-05	222.165377933335
13344.0927777001	7.240238506067016e-05	222.40154629500165
13364.8426004001	8.411842052489461e-05	222.747376673335
13390.6539186001	9.786636042651383e-05	223.17756531000165
13406.8481134001	0.00010996814898431828	223.44746855666833
13436.7081142	7.986633504298065e-05	223.9451352366667
13444.3000063001	7.935505179136272e-05	224.07166677166833
13449.8671396001	4.485985254302588e-05	224.1644523266683
13451.8903636001	6.789545529262942e-05	224.19817272666833
13456.9521274001	3.213685300313312e-05	224.28253545666834
13467.5798720001	6.757897540013778e-05	224.459664533335
13470.6166247001	1.4753524219725824e-05	224.510277078335
13479.2195550001	0.0001116185580305328	224.65365925000165
13486.3054959001	8.014724251678656e-05	224.77175826500167
13501.9946495001	7.749964938161306e-05	225.033244158335
13538.4336990001	4.389368129946628e-05	225.64056165000164
13575.8848515001	0.00010433273323822612	226.26474752500164
13601.6955951001	1.1887879571889357e-05	226.69492658500167
13682.1636622001	9.492164649543831e-05	228.03606103666834
13684.6944051001	0.00011845562711217639	228.07824008500165
13686.7196988001	8.005173101674068e-05	228.11199498000167
13694.8172089001	8.955373286018077e-05	228.24695348166833
13706.9624100001	5.831336542335503e-05	228.44937350000166
13748.4624095001	8.315723255269217e-05	229.141040158335
13762.1272375001	3.197739138094666e-05	229.36878729166835
13791.4806022001	9.337039643586872e-05	229.85801003666833
13805.6515809001	7.597303848437609e-05	230.09419301500165
13812.7366022001	2.9815747261992043e-05	230.21227670333502
13849.6824256001	2.8211989701967666e-05	230.82804042666834
13896.7489324001	8.601794005153579e-05	231.61248220666832
13901.8104343001	0.00012198989389288368	231.69684057166833
13907.8830194001	6.30003550354456e-05	231.798050323335
13923.0660806001	9.166525952452485e-05	232.051101343335
13961.5287940001	3.061208220619576e-05	232.69214656666833
13968.1077153001	6.543985408376051e-05	232.80179525500168
13974.6867002001	9.470355599823453e-05	232.911445003335
13979.7476856001	1.200961730153507e-05	232.99579476000164
13994.4242085001	8.499830204337526e-05	233.24040347500167
13994.9313005001	4.6278344165072106e-05	233.248855008335
13999.9921257001	4.112402924559105e-05	233.33320209500167
14003.0282000001	0.0001287182357818735	233.383803333335
14035.4347467001	9.01370919505786e-05	233.9239124450017
14038.9780611001	3.276890231170619e-05	233.98296768500168
14085.5378676001	0.00010897033641773171	234.75896446000166
14092.6240690001	8.146597923276915e-05	234.87706781666833
14098.6970442001	8.46505622608158e-05	234.97828407000168
14108.8184935001	6.925261856185536e-05	235.14697489166835
14117.4217985001	8.849860930756803e-05	235.290363308335
14125.5189234001	8.080134412394669e-05	235.42531539000169
14178.6595697001	7.219159604890701e-05	236.310992828335
14179.1658094001	6.174067124946817e-05	236.31943015666832
14216.1102008001	5.938735254319018e-05	236.935170013335
14221.6774261001	8.039046560790214e-05	237.0279571016683
14225.2193659001	8.518563972249695e-05	237.08698943166834
14254.0665529001	8.908726358155735e-05	237.56777588166833
14295.0601887001	6.451203897330764e-05	238.25100314500165
14321.3770906001	8.145697129964388e-05	238.68961817666832
14348.7068717001	8.192244675040961e-05	239.145114528335
14378.5661778001	1.5321655167764463e-05	239.64276963000165
14435.2487883001	0.00010653654642752328	240.58747980500166
14446.8890957001	7.618135966337776e-05	240.781484928335
14464.0962348001	6.650079110846781e-05	241.06827058000167
14473.7128794001	2.8417001255649734e-05	241.22854799000166
14498.0044402001	6.766206006044757e-05	241.63340733666834
14504.5842510001	5.961531940846533e-05	241.74307085000166
14509.1383421001	4.861028593650417e-05	241.81897236833498
14510.1507301001	0.00014697001105804932	241.83584550166833
14558.7355691001	8.234537612323282e-05	242.645592818335
14628.0706299001	7.349676614228974e-05	243.80117716500166
14677.6681347001	5.7765470120862344e-05	244.62780224500165
14711.5754489001	7.265572379828414e-05	245.19292414833498
14776.3560455001	7.849273472953708e-05	246.27260075833502
14777.3688565001	7.242693525097238e-05	246.28948094166833
14781.9232891001	6.566797135168675e-05	246.36538815166833
14791.0324587001	6.929174885091183e-05	246.51720764500166
14806.2152998001	5.603876171890912e-05	246.77025499666834
14845.1854212001	5.6337732555393935e-05	247.41975702000167
14854.2954715001	0.00012128993623397286	247.57159119166832
14877.5752582001	7.372294810406509e-05	247.95958763666835
14882.6362464001	8.474953157003961e-05	248.04393744000166
14932.2330428001	0.00015118213606741396	248.870550713335
14935.7761051001	0.0001775343380409404	248.92960175166834
14959.0561482001	0.00011754092723277572	249.31760247000165
14978.2877563001	0.0001435606725997864	249.63812927166833
14980.3117030001	0.000125290567486298	249.67186171666833
15015.7391287001	0.0001514609434247372	250.2623188116683
15029.4027306001	0.0001195897574620379	250.4900455100017
15032.9454796001	7.640543871890551e-05	250.54909132666833
15034.4642001001	0.00018648220829628988	250.57440333500165
15041.5502780001	9.748066217769497e-05	250.692504633335
15048.6345346001	0.00013232291603254342	250.81057557666833
15075.4577716001	9.925562116390437e-05	251.25762952666835
15082.5436193001	0.00015737423241011023	251.375726988335
15099.7501604001	0.00016501707425498454	251.662502673335
15101.7746841001	0.00014002958886095063	251.69624473500167
15110.3779779001	0.00023716760600673298	251.83963296500167
15118.4759257001	0.00020280804814737111	251.97459876166835
15144.7918599001	6.116715135134248e-05	252.41319766500166
15160.9873158001	8.100043678225959e-05	252.68312193000165
15203.4993953001	0.00018126636404355086	253.391656588335
15207.5481092001	9.471904359822506e-05	253.45913515333498
15212.6092597001	0.00018720621743962992	253.54348766166834
15216.1510206001	0.0001237430836455034	253.60251701000166
15228.8043367001	0.0001747889518213388	253.81340561166832
15243.4811459001	8.748531190229091e-05	254.058019098335
15287.0058046001	0.00014429371496636485	254.78343007666834
15294.5957364001	0.00012259112538653104	254.90992894000166
15303.1999652001	0.00010652106554562736	255.05333275333498
15319.3943977001	8.479280640019273e-05	255.32323996166832
15320.4067625001	0.0001799850094677046	255.340112708335
15326.9865259001	0.00012023311078420279	255.44977543166834
15391.7662179001	0.00014321066639269843	256.52943696500165
15397.3323042001	9.488405994516132e-05	256.62220507000166
15400.3695324001	0.00010648372977010808	256.67282554000167
15407.9609304001	8.577554431167995e-05	256.7993488400017
15428.2038636001	0.00013610406946953967	257.13673106000164
15461.1001522001	0.00010770033294198772	257.6850025366683
15477.2958187001	0.00011890774407286102	257.95493031166836
15483.8748799001	9.42941558577625e-05	258.06458133166836
15491.4658021001	0.00011576607589281528	258.1910967016683
15495.0091569001	0.00010828267627352678	258.25015261500164
15562.8254596001	0.0001744572647643227	259.38042432666833
15566.3673376001	0.00015419382008215665	259.43945562666835
15587.1176157001	0.00011249012740695204	259.78529359500163
15609.8920796001	0.00012838593438147924	260.164867993335
15647.8484152001	0.00019327406262079628	260.79747358666833
15655.4407829001	0.0001780065103263409	260.924013048335
15670.1171395001	4.961988857450138e-05	261.1686189916683
15749.5730267001	9.55270320177612e-05	262.492883778335
15779.4333684001	0.0001426458584209548	262.9905561400017
15791.5794861001	0.00015724168222246623	263.19299143500166
15806.2563464001	0.00011299019125301843	263.437605773335
15817.8964369001	7.96001293817976e-05	263.6316072816683
15836.6216119001	0.000128492206634272	263.9436935316683
15842.6941738001	0.00019554336612862992	264.04490289666836
15887.7363391001	5.1191514769827464e-05	264.7956056516683
15894.8223782001	0.00013744332730790255	264.913706303335
15905.9561778001	0.00015445071548409687	265.0992696300017
15938.3456425001	0.00017475591028079444	265.63909404166833
15956.5651799001	0.00014297256140738952	265.94275299833504
15960.1079101001	0.0001473158873527378	266.0017985016683
15967.1936074001	0.00015990586411303954	266.11989345666836
15994.5226482001	0.00013776566432837376	266.5753774700017
16003.1263066001	0.0001929251412122598	266.71877177666835
16010.7177666001	9.706504917572672e-05	266.8452961100017
16013.2481783001	0.0002012342366514623	266.887469638335
16018.8145459001	4.2086957546465055e-05	266.98024243166833
16029.4421277001	0.0001062349687118818	267.1573687950017
16046.6497229001	0.00014186315540881198	267.444162048335
16090.6797018001	0.00012509534706331044	268.1779950300017
16111.9356480001	0.0001575071241963681	268.53226080000167
16118.0094962001	0.00010972023880885336	268.633491603335
16128.1303940001	0.00011312875087535363	268.802173233335
16134.7098324001	0.00015974323028111856	268.9118305400017
16186.3316596001	0.00010017532281737814	269.77219432666834
16201.5149989001	0.00013585604044579578	270.0252499816683
16223.2771458001	0.00010133765707336846	270.3879524300017
16225.3002767001	0.00010026142997352962	270.421671278335
16226.8186961001	8.617499403016689e-05	270.446978268335
16228.8438887001	8.972937761018873e-05	270.480731478335
16229.3492171001	0.0003039335625003714	270.489153618335
16232.8927099001	5.1920275579424e-05	270.5482118316683
16234.9165541001	0.0001352590148277695	270.581942568335
16239.9779841001	0.0002018428075816989	270.66629973500164
16250.0995327001	5.982988802056067e-05	270.83499221166835
16254.1482270001	0.00015234517135054624	270.90247045000166
16256.1720559001	4.375929359035747e-05	270.93620093166834
16265.7877427001	0.0002101889935682989	271.096462378335
16295.1414042001	5.31887040386719e-05	271.58569007000165
16305.7694540001	0.00014897289664843368	271.762824233335
16327.5317460001	0.0001980753473700269	272.1255291000017
16351.8240127001	0.0002159978692799827	272.53040021166834
16354.3550011001	0.00021771163385073908	272.57258335166836
16371.0556301001	0.00015212979648092362	272.850927168335
16392.3114930001	0.0001388983852955203	273.20519155000164
16400.4082221001	0.00017578502407556923	273.3401370350017
16402.4337583001	0.00017127316789732573	273.37389597166833
16409.5183460001	7.409906972976723e-05	273.491972433335
16444.4395777001	7.606582455991247e-05	274.07399296166835
16464.6823896001	4.593724260454907e-05	274.4113731600017
16466.2006437001	0.00013749094305692561	274.43667739500165
16475.3110156001	1.9600254589488704e-05	274.5885169266683
16493.5297855001	0.0001284363578268255	274.89216309166835
16512.7614186001	0.00016403502326477358	275.2126903100017
16519.3411204001	0.00014172179766769904	275.3223520066683
16520.8584726001	0.0001736431553273762	275.34764121000165
16527.4382921001	0.00014836559191109202	275.45730486833503
16531.9930308001	7.356699908178759e-05	275.53321718000166
16555.2734367001	0.00010033901692747424	275.92122394500166
16563.3702123001	0.00016925515083120418	276.05617020500165
16575.0106359001	0.0001955562832068419	276.2501772650017
16581.0837960001	9.678335067199636e-05	276.3513966000017
16598.7972852001	0.00011198208286674133	276.6466214200017
16599.3031326001	0.000127594266137783	276.65505221000166
16601.3272772001	9.997108642927808e-05	276.688787953335
16624.6087412001	0.00016607202168579174	277.076812353335
16636.2475695001	0.00013592736888746096	277.2707928250017
16680.7846955001	0.00021952872556284958	278.013078258335
16689.8938470001	0.00013972176762993213	278.16489745000166
16700.5226620001	1.842504213807137e-05	278.34204436666835
16706.5944710001	0.00019672875965470241	278.443241183335
16716.2115297001	0.0001494173396803546	278.6035254950017
16723.2954978001	0.00015057788354601095	278.7215916300017
16747.0824077001	0.00011511272957246023	279.11804012833505
16762.2649528001	0.00010862138114407094	279.37108254666833
16765.3012840001	0.00013314825424070396	279.4216880666683
16766.8205907001	0.00017741241789177354	279.4470098450017
16799.7163077001	0.00011507883541929765	279.99527179500166
16811.3561069001	9.463486871670838e-05	280.189268448335
16816.9230517001	0.00013241334036429521	280.2820508616684
16824.0087543001	0.00011793726305977572	280.40014590500164
16829.0695509001	0.00010758784129663491	280.4844925150017
16852.3492807001	0.00017604271026156495	280.8724880116683
16853.8678967001	0.00012626668338153944	280.897798278335
16855.3864015001	0.00016599759472872943	280.92310669166835
16857.4104170001	0.00020055724205963652	280.956840283335
16912.0691052001	5.2641171235094585e-05	281.86781842000164
16921.1782976001	0.00012457172571004704	282.01963829333505
16924.2149766001	0.00016164060701014544	282.07024961000167
16951.0383924	7.172645579088664e-05	282.51730654000005
16959.6409273	0.0001868013660535112	282.66068212166664
16988.9952643	0.0001399740650060156	283.14992107166665
17039.0976738	0.0001066648576782854	283.98496123
17044.6653351	0.00017621558889287117	284.077755585
17076.5493446	2.255776325422394e-05	284.60915574333336
17085.6583113	0.00011677483820713467	284.76097185500004
17096.2866852	0.0001769340072634146	284.93811142
17100.3355912	0.0001315792469023104	285.00559318666666
17118.0483021	0.00019444142346187654	285.300805035
17130.1950166	0.00014397350502294185	285.5032502766666
17133.2309786	0.00026416468160005217	285.55384964333336
17135.2551957	3.406863174534574e-05	285.587586595
17169.6694529	0.00022507008526899278	286.16115754833334
17176.2499111	0.00021947611099708045	286.2708318516667
17178.2737232	0.00011883604959749159	286.3045620533333
17182.3220374	0.00013430984146641927	286.3720339566667
17196.998848	0.00010347454745866112	286.6166474666667
17201.5541476	0.00017988890882223113	286.6925691266667
17202.0603071	0.00015373522928664707	286.70100511833334
17205.0969368	0.00016183957006216936	286.75161561333334
17211.6759599	0.00014263694966516703	286.86126599833335
17214.7116808	0.00014137339929659522	286.9118613466666
17246.0906626	0.00012428965343821652	287.43484437666666
17252.1626832	0.0001587203727436456	287.53604472
17267.8524737	0.00014021090627114652	287.79754122833333
17281.5165634	0.00024601148155448696	288.02527605666666
17326.0533166	0.00014157607040056385	288.76755527666666
17342.2477478	0.00010260918182508608	289.0374624633333
17345.2839283	0.00019484111021721642	289.08806547166665
17374.1311047	0.00012153335726912835	289.568851745
17376.6620705	0.00011491257410322022	289.6110345083333
17388.3015789	0.00018124802708487263	289.80502631499996
17401.9665791	0.0001566090782229823	290.03277631833333
17505.2091999	0.00013436873197761947	291.753486665
17505.7155406	0.00012421959789815282	291.76192567666664
17525.4534094	0.00016741124358573067	292.09089015666666
17540.6364543	0.00015990518563110815	292.343940905
17550.7576576	0.00020850361549308076	292.51262762666664
17566.9524255	0.00011914154296741245	292.782540425
17577.5812391	0.00014429235397761016	292.95968731833335
17587.7020819	0.0002466192970384621	293.12836803166664
17610.9831627	0.00019096510673603236	293.516386045
17626.1653078	0.00016800332469737295	293.7694217966667
17683.354586	0.00017234593199504897	294.72257643333336
17685.8848175	0.0001230806527936744	294.7647469583333
17695.5005683	2.5845014496703585e-05	294.92500947166667
17732.4449838	0.00011864448477739676	295.54074973
17732.9516101	0.0001170508302175152	295.5491935016667
17738.0117819	0.0001650194858625772	295.63352969833335
17755.2191442	7.990694056071711e-05	295.92031907
17767.3663968	0.0001433998364547194	296.12277328
17780.0175018	0.0001827977139052383	296.33362503
17791.1513208	0.00014285571181124927	296.51918868
17799.7555478	0.000124456562155264	296.66259246333334
17839.2301416	0.0001606102450875418	297.32050236000003
17865.5470479	0.00018303776749722695	297.759117465
17873.6449079	0.00012397753752433764	297.89408179833333
17874.6571812	0.00010139055724087384	297.91095302
17879.7186828	0.0001042335165535378	297.99531138000003
17898.9500317	0.0001445342948019372	298.31583386166665
17948.5468387	0.00015504733434397724	299.1424473116667
17960.6930549	0.00013986890681456284	299.3448842483333
17972.3329864	0.00015954160971647316	299.5388831066667
17977.3947315	0.0002222640154558977	299.623245525
18004.2168268	0.00016455978858029654	300.07028044666663
18009.7841436	0.0001268741648826461	300.16306906000005
18021.4243489	9.56229495078819e-05	300.35707248166665
18036.1004001	0.00014814554052587268	300.601673335
18044.1991549	0.0001790917489872788	300.7366525816667
18070.514982	0.0001440835870719323	301.1752497
18074.5640914	0.00016920038717029771	301.2427348566667
18085.697623	2.474427912266684e-05	301.42829371666664
18090.2537559	0.00022117872099112305	301.504229265
18093.7956573	0.00015595959998604834	301.56326095500003
18109.484599	0.0001383365835490505	301.8247433166667
18126.6910804	3.723843721698788e-05	302.11151800666664
18130.7402195	0.00018718857905296264	302.17900365833333
18145.4173541	2.8536244322933703e-05	302.4236225683333
18150.478366	9.492247915986756e-05	302.5079727666667
18152.5028258	0.00017192457484189333	302.5417137633333
18157.5636227	9.357803829560627e-05	302.6260603783333
18182.3620127	0.00015510014365345572	303.03936687833334
18186.4103244	0.00014035288846665946	303.10683874
18217.7884889	2.3337059483830917e-05	303.6298081483334
18218.2946657	0.00011693408984605372	303.63824442833334
18220.3190487	6.449649120527702e-05	303.671984145
18232.9709462	0.00013415191192454615	303.88284910333334
18238.0315796	0.00020128634555204353	303.9671929933333
18258.781604	0.00019783596452048162	304.31302673333334
18265.3606219	0.00016150363826336318	304.42267703166664
18267.8919113	0.00014040924998127193	304.46486518833336
18269.4100186	0.00014323929681481792	304.49016697666667
18274.4714161	0.00022950673401507903	304.57452360166667
18278.0131926	7.051874910900321e-05	304.63355321
18283.5800561	0.00012217544486439681	304.72633426833335
18287.6291324	9.78844882585545e-05	304.79381887333335
18311.4155074	7.604060855442499e-05	305.1902584566667
18331.153507	0.0002582494821139536	305.51922511666663
18342.2874083	0.00017570941153173157	305.7047901383333
18356.9635593	0.00011532365310826757	305.949392655
18369.1101217	7.706490375213139e-05	306.15183536166666
18378.7259098	0.00011986271472060426	306.31209849666664
18391.3784938	3.5965216497758596e-05	306.52297489666665
18396.9446262	0.00012771345312458516	306.61574377
18405.0424783	0.0001493147004567332	306.7507079716667
18462.2307054	0.00014153546823208603	307.70384509
18478.9329503	0.00019850514739914202	307.98221583833333
18483.9924287	0.00014870053877600722	308.0665404783333
18528.5294659	0.00022009374363154676	308.80882443166666
18537.6382853001	0.0001927652076660198	308.96063808833503
18551.3037722001	0.00020606606105758065	309.188396203335
18551.8093124001	0.0002528939236989215	309.19682187333495
18586.7294196	8.90275295205626e-05	309.77882366
18594.8279935	0.00024593945824212234	309.91379989166666
18597.3575973	5.6118494200504366e-05	309.955959955
18622.6626771001	0.0001475937014250748	310.3777112850017
18634.8079754001	0.00036051816348239667	310.58013292333504
18646.4481461001	0.00021820650980430433	310.77413576833504
18646.9552966001	0.00017880566608774668	310.7825882766683
18648.4731460001	0.0003103125330538886	310.80788576666833
18659.6070872001	0.0002040524960401694	310.993451453335
18681.8753506	0.00016574374906812484	311.36458917666664
18686.9362945	0.00012839082758218674	311.44893824166667
18697.0580017	3.145886181837941e-05	311.61763336166666
18700.0953078	0.00019148625977287117	311.66825513
18719.832558	0.00018479120311438437	311.99720929999995
18727.4234087	0.00017853303678409195	312.1237234783333
18784.1064947	0.00019432029536684895	313.06844157833336
18784.6127421	0.00021477132686137436	313.076879035
18785.1177721	0.0002164797013463712	313.08529620166667
18795.7463071	0.00025626649546076107	313.26243845166664
18800.3006403	0.0002673382464007058	313.338344005
18808.3983371	0.00019541934157484743	313.4733056183333
18812.447092	0.00020633425741117923	313.5407848666666
18820.54538	0.00021318389071295395	313.6757563333333
18832.6906097	0.00029420022541916814	313.8781768283333
18840.2821248	9.881760119206729e-05	314.00470208
18840.7886411	0.0002503397467992275	314.0131440183333
18852.4287187	0.0002723360598159498	314.2071453116667
18857.4893168001	0.00023039681420538913	314.291488613335
18866.5993318	9.643215422236104e-05	314.44332219666666
18872.166109	3.811417176380191e-05	314.5361018166667
18874.1907269	0.00028944662375747417	314.56984544833335
18876.7216821	0.00019798030647940232	314.612028035
18888.3619624001	0.0001785052336561846	314.80603270666836
18895.953112	0.00023031634588009046	314.93255186666664
18896.4594088	0.00015459288813540265	314.9409901466667
18909.1108878001	0.00032474711182355867	315.15184813000167
18914.6774504	0.00026985772166211253	315.2446241733333
18917.7144851	0.00016475798530555917	315.2952414183334
18928.3424734	0.0002494516187554632	315.4723745566667
18936.440085	0.00016387111080245673	315.60733474999995
18958.708519	0.0003026275189290546	315.9784753166667
18961.2385852	0.00014460649352617566	316.02064308666667
18971.3600383001	0.0003335092475414045	316.1893339716683
19026.0183731001	0.0001564382895351665	317.10030621833505
19035.1276129001	0.0002958041321561846	317.25212688166835
19057.9023405001	0.0002426365899029606	317.6317056750016
19064.4823246001	0.00023531605933753067	317.7413720766683
19082.1945107001	0.00020375674770964247	318.036575178335
19083.2078006001	0.00024334841390325583	318.053463343335
19123.694616	0.00024453942713657003	318.7282436
19127.2368665	0.0001391198101317026	318.78728110833333
19130.7799315	0.00020454935358005358	318.8463321916667
19136.3469628	0.0003104443864814624	318.93911604666664
19151.0231263	0.00028664790388720283	319.18371877166663
19160.1331383	0.0002578864511436538	319.335552305
19185.4376465	0.0003321721503462256	319.7572941083333
19189.4866528	0.00026846469173025494	319.82477754666667
19198.0908931	0.0002326672352409277	319.9681815516667
19204.6697416	0.00024883447575507815	320.0778290266666
19213.7796032	0.0002569823098546255	320.22966005333336
19221.3704239	0.0003216234183444193	320.3561737316667
19224.9131457	4.818553910669517e-05	320.415219095
19249.2055564	0.00011303604143517383	320.82009260666666
19255.7852043	0.0001989712631287153	320.929753405
19264.8941564	0.00022639435794419904	321.08156927333334
19311.9608056	0.00024263233190271818	321.86601342666665
19349.9179078	0.0002246237023213235	322.4986317966667
19363.0764858	0.00020317583867266082	322.71794143
19376.741198	0.00023327928081704646	322.9456866333333
19385.3439915	0.00032239288361549453	323.089066525
19392.9358344	0.00032975205129231073	323.21559723999997
19396.4786946	0.00016935139156556118	323.27464490999995
19399.0091569	0.00036151318089644083	323.31681928166665
19403.5632966	0.0004379652906814345	323.39272161
19406.6002174	0.0002493367141863276	323.44333695666666
19410.6491103	0.0002834951805819301	323.51081850500003
19412.1679455	0.00027403549042111767	323.536132425
19413.1799431	0.00016844361416332266	323.5529990516667
19414.6974604	9.50325947066108e-05	323.57829100666663
19427.3505231	0.00028125858006085004	323.789175385
19427.856335	0.00019911450135489005	323.79760558333334
19438.9900259	0.00021891608361293902	323.9831670983333
19439.4969113	0.00021468703441095694	323.99161518833336
19445.5702479	0.00016493964493361518	324.092837465
19458.2218784	0.0001786559243874307	324.3036979733333
19477.4539415	0.00019919030434726372	324.62423235833336
19495.1662354	0.0003014554117487722	324.91943725666664
19531.6051915	0.00020776709178339954	325.52675319166667
19556.4041414	0.00022115222498844973	325.9400690233333
19556.9105172	0.00013681523638856065	325.94850862000004
19558.4284383	0.0003864624072615003	325.97380730500004
19567.5376073	0.0001882042191608827	326.12562678833336
19572.0923729	9.103329136863261e-05	326.2015395483333
19582.2147094	0.00015784165764791348	326.37024515666667
19584.745589	0.00041619809507577543	326.4124264833333
19628.268641	0.00021980430755890666	327.1378106833333
19634.3421729	0.0003251182865459008	327.239036215
19639.4028263	0.00029096800651537294	327.32338043833334
19646.4881781	0.00011049687633830351	327.44146963500003
19648.0065474	0.00024793925094797407	327.46677579
19651.550082	3.5123014847200837e-05	327.5258347
19654.58671	0.00018393013968748446	327.57644516666664
19663.1889143	0.00022731486537626324	327.71981523833335
19672.8047944	0.00028076555407745117	327.88007990666665
19676.3475494	0.0002679017551817373	327.93912582333337
19677.8667786	0.00025140394198789245	327.96444631
19679.8909575	8.931285091952245e-05	327.99818262499997
19685.9644421	0.0001797178646053244	328.09940736833335
19695.5791513	0.0003152453457527426	328.2596525216667
19696.5916204	0.00023722645937016018	328.27652700666664
19701.1461242	0.00017152738179677251	328.35243540333335
19704.1836172	0.0003281581492798306	328.4030602866667
19723.9210194	0.0002912230066175228	328.73201699000003
19725.439366	0.00015244668263892137	328.7573227666666
19731.0066117	0.00029097618061361665	328.85011019499996
19735.5612321	3.7467665404755695e-05	328.926020535
19766.4324448	0.00034129524016797663	329.44054074666667
19775.5417425	0.0002462404832737137	329.59236237500005
19780.6031416	7.00186994893774e-05	329.67671902666666
19788.194602	0.0002568904771130677	329.80324336666666
19802.8713576	0.0003139400673145912	330.04785596
19814.0058161	0.00010129478949796009	330.23343026833334
19815.5229885	0.00012642285835211926	330.258716475
19830.1997353	0.0001775182249114899	330.50332892166665
19833.2362379	0.00034535479546672545	330.5539372983333
19836.7796221	0.0001536581156042272	330.61299370166665
19853.9859634	0.0001993983950282345	330.89976605666664
19862.5903053	0.00017319823870714176	331.043171755
19918.7666189	0.00012359133312888785	331.97944364833336
19920.2841776	0.0002822090048189954	332.00473629333334
19927.8755329	0.0001544058946641638	332.13125888166667
19931.4181829	0.00021035644019592456	332.19030304833336
19938.5036927	0.0003038990314333127	332.30839487833333
19995.6930493	0.0003855728690812469	333.2615508216667
20007.8392758	0.000346565481394492	333.46398793000003
20025.5517609	0.00021218445902304402	333.75919601500004
20086.7896743	0.00015360433627145464	334.779827905
20099.4423109	0.0002316577441881664	334.99070518166667
20110.0699741	0.0001649205400915872	335.16783290166666
20112.6007033	0.0003474903998990106	335.21001172166666
20123.2290143	0.00022014611231109107	335.38715023833333
20144.9909301	0.00012462754985101995	335.749848835
20156.631409	0.0002598368251874828	335.9438568166667
20195.600528	0.00018188064587838247	336.5933421333333
20200.6614325	0.00015681782128580926	336.67769054166666
20202.6852668	0.00018917271046518905	336.7114211133333
20217.3630426	7.774807341700643e-05	336.95605071000006
20222.4230062	0.00017480446036619707	337.0403834366667
20269.4904476	0.00019226009308718995	337.82484079333335
20276.0695412	3.6512634466904584e-05	337.9344923533333
20282.6481197	0.00022022571482423276	338.0441353283333
20303.3980972	0.0003587229463111324	338.38996828666666
20337.3058618	0.00022451221974865613	338.95509769666666
20350.4652278	0.0002539319779714009	339.1744204633333
20360.5861838	0.0002629428029841921	339.34310306333333
20373.7452243	0.0003784742412751537	339.562420405
20376.7821392	9.328566018400944e-05	339.6130356533333
20382.3489101	0.0005852743268454141	339.70581516833334
20386.9039777	0.00024095106243082867	339.78173296166665
20403.6044466	0.0002966324592147695	340.06007410999996
20422.3294486	0.00018857342975884641	340.3721574766667
20426.8848243	0.0002604670374340452	340.448080405
20432.451397	0.0003579823353016478	340.5408566166667
20432.9573718	0.00018307082623854698	340.54928953
20441.0546197	0.00025064245134079306	340.6842436616667
20455.2260307	0.00012499980945150998	340.920433845
20476.4816115999	0.0001880721471947793	341.274693526665
20479.0115425999	0.00025963025705236795	341.31685904333165
20484.0733835999	0.0002916335895318738	341.40122305999836
20485.5915719999	4.839849383887173e-05	341.4265261999983
20486.0975999999	0.00031344028332119404	341.43495999999834
20490.6523904999	0.0003492752726685687	341.5108731749984
20497.7368274	0.0002766403532577033	341.6289471233333
20508.8722028	0.0003328802866549892	341.8145367133333
20530.1269703	0.00020604179004061267	342.16878283833336
20532.6581133	0.0003211096699218633	342.210968555
20536.2007497	0.00036118343825909584	342.270012495
20545.3108146999	0.00018210828051685226	342.421846911665
20565.0477938	0.0003139624339766649	342.7507965633333
20565.5543823	0.0001492879580023732	342.759239705
20567.0728335	0.00033968537313249723	342.784547225
20570.6143828	0.0003059774263009045	342.8435730466666
20577.7003703	0.0002553470984467952	342.96167283833336
20586.8093242	0.0002339300168085817	343.1134887366667
20588.3286998	0.00022051302096201203	343.13881166333334
20605.0287664	0.00033916676450323335	343.4171461066666
20611.1021878	0.00026979248906881846	343.51836979666666
20619.1998645	0.00021391941051251138	343.653331075
20631.8517715	0.00018992095259745678	343.8641961916667
20635.3943407	0.00018978464121013102	343.9232390116667
20636.406746	0.0004052365481843173	343.94011243333335
20652.096015	0.00024682272183756504	344.20160025
20660.1934582	0.00021493965805668863	344.33655763666667
20662.7239302	0.00037309245760004347	344.37873217000003
20668.2908137	0.0003232390865321136	344.4715135616667
20698.6568985	0.00017329592966455507	344.977614975
20713.838763	0.0003059568972781983	345.23064605
20735.6013031	0.00016470434192345727	345.59335505166666
20736.6131287	0.00025162696513279646	345.61021881166664
20762.9301499	0.00022546951692155396	346.0488358316667
20785.1978589999	0.00020496607966658851	346.419964316665
20794.3076545999	0.0003653883071459819	346.5717942433317
20828.2155375999	0.00029692136289556653	347.136925626665
20871.7395111999	0.00028510162968013557	347.862325186665
20875.7888144999	0.00028095192394019983	347.9298135749984
20879.3313255999	0.00015661763128347792	347.988855426665
20880.8490304999	0.0001452821131508021	348.0141505083317
20909.1911108999	0.0002320007351711608	348.48651851499835
20915.2636127999	3.5310190392546596e-05	348.58772687999834
20926.3979908999	9.365448902040899e-05	348.77329984833165
20942.5928201999	0.00010972479090181356	349.04321366999835
20948.1595900999	0.0001331878931461064	349.13599316833165
20959.8001071999	3.519808071905455e-05	349.330001786665
20968.9093741999	0.0005186588566561799	349.48182290333165
20969.9223686999	9.168873593217592e-05	349.4987061449983
20988.1410242999	0.0002573761023873876	349.8023504049983
21019.5193225999	3.7965879304951056e-05	350.32532204333165
21036.7265163999	0.0003339968032811605	350.612108606665
21074.6830257999	0.00019836447096754366	351.244717096665
21083.7921693999	0.00016938580336781013	351.39653615666504
21098.4688404999	0.00011133420905935737	351.641147341665
21108.0846555999	0.00018890397760463687	351.801410926665
21115.6764783999	0.0001567872493412044	351.927941306665
21151.6093362999	0.0002915454236604773	352.526822271665
21159.2003990999	0.00035035778423219414	352.65333998499835
21167.8035409999	0.00019777753923568172	352.79672568333166
21196.6508552999	0.0004599686205456413	353.2775142549983
21219.9308942	0.00027827644042086286	353.6655149033333
21222.9675906	0.00030061194924945204	353.71612651000004
21227.0171668999	0.00022207707380796866	353.78361944833165
21260.9254772	9.853895470698005e-05	354.3487579533333
21263.455668	0.0003310115572333068	354.3909278
21275.0963809	0.0001914923560711921	354.58493968166664
21281.6751238	0.00018457038875729703	354.69458539666664
21288.7606251	0.0003125392543321829	354.812677085
21313.5592752	0.00016243906441797414	355.22598792
21316.5949716	3.8158617742230906e-05	355.27658286
21334.8145917	0.0003093072792438872	355.580243195
21337.850524	0.0001829723903084348	355.6308420666667
21369.7346662	0.00017596495426015573	356.1622444366667
21386.4356041	0.0004896861236754798	356.44059340166666
21396.5577097	0.00022285965378262214	356.60929516166664
21426.9238163	0.0003379629734404857	357.11539693833333
21429.9593333	0.00020850074268877688	357.16598888833335
21432.4900301	0.0003057913437275063	357.2081671683334
21435.5272119	0.00020405799659167995	357.258786865
21445.6486235	0.00022569307632902015	357.42747705833335
21459.3137076	0.0002707081936094513	357.65522846
21467.4101467	0.00021873507549387578	357.79016911166667
21468.929162	0.0002281836725469526	357.81548603333334
21477.5322003	0.0002016358691880752	357.958870005
21478.5456686	0.000248598789596747	357.97576114333333
21483.0998847	0.0003712557921340373	358.05166474500004
21506.8866024999	0.0002574261613529677	358.448110041665
21521.5625019999	0.0003503147448768263	358.692708366665
21523.0811227999	0.00022075864587104945	358.7180187133317
21528.6478602999	0.000230866092739191	358.810797671665
21531.6851420999	0.0004247623727960302	358.86141903499833
21544.3366562999	0.0002602473336029384	359.0722776049983
21549.3983727999	0.00024881753894033	359.156639546665
21550.4100230999	0.00019649603204786897	359.1735003849983
21554.4583777999	0.0002927245244316023	359.24097296333167
21560.5322724999	0.00035605257779959505	359.34220454166496
21568.1230079999	0.00024277593557555662	359.46871679999833
21587.3543451999	0.00025552983476945533	359.78923908666496
21593.4273178999	0.00032022202060095	359.89045529833163
21617.2144663999	0.00019270351286762168	360.2869077733316
21629.3602823999	0.00046017718376227496	360.4893380399983
21647.5801583999	0.00033657655688392206	360.7930026399983
21652.1344031999	0.00020563984768662166	360.86890671999834
21653.1475525999	0.00039929559481446356	360.88579254333166
21658.7135847999	0.00022161583573291523	360.97855974666504
21661.2438411999	0.00022265484089938097	361.020730686665
21671.3666314999	0.00019119561941694576	361.18944385833163
21679.4636498999	3.195382289146309e-05	361.3243941649983
21683.5121348999	0.00032904785860517145	361.3918689149983
21689.5857629999	0.00014924218136794278	361.49309604999837
21692.1158374999	0.0002450769042248535	361.53526395833165
21707.2990693999	0.00026035078765332485	361.7883178233317
21709.3224407999	0.0003202392815197301	361.82204067999834
21715.3965604999	0.0003522100286268881	361.92327600833164
21717.4201433999	0.000309776330988134	361.95700238999837
21723.4930178999	0.000366077904135072	362.0582169649983
21758.4138154	0.0001783075688639908	362.64023025666665
21777.1392916	0.00018602435696078685	362.95232152666665
21784.22404	0.0002558920196171783	363.07040066666667
21795.3582787	0.00015947055774827572	363.2559713116667
21799.9131289999	0.00038088598859590807	363.33188548333163
21818.1324127999	0.0003313837395380454	363.63554021333164
21832.8089312999	0.00017763969615436072	363.8801488549983
21834.3272214999	0.00041352663676510744	363.905453691665
21866.2120486999	0.00036635739286757147	364.4368674783317
21874.3087831999	0.0004560943005396519	364.57181305333165
21876.3336482999	0.00022569079982171688	364.60556080499833
21908.2173323999	0.00033482164968674034	365.1369555399984
21912.7724897999	0.0003261949072820101	365.2128748299983
21918.8456279999	0.000276158073397396	365.3140937999984
21965.9115979	0.0002258327302431764	366.0985266316667
22001.8441197	0.00045396641952528315	366.697401995
22013.9909733	0.00018673126559097923	366.899849555
22014.4962797	0.000254437712585034	366.90827132833334
22022.0880015999	0.0005632864192437681	367.034800026665
22042.8381624	0.00019532638440896826	367.38063604
22061.0572076999	0.00028221177499590007	367.68428679499834
22078.7709605999	0.0002302624300223486	367.97951600999835
22089.3990554999	0.00017817118210287035	368.15665092499836
22092.9405228999	0.00025371125335295884	368.215675381665
22116.2215513	0.00020127634643774537	368.6036925216667
22142.5380688999	0.0002079952231845342	369.04230114833166
22146.5869115999	0.0002872576168864922	369.10978185999835
22161.7702086999	0.00011560478577237284	369.36283681166503
22165.8179747999	0.0003419605298634569	369.4302995799983
22230.5979810999	0.00018101969788276577	370.509966351665
22241.7331257	0.0002245471062860867	370.695552095
22264.5060956	0.00014164040573606172	371.0751015933334
22273.1100124	0.000202544422806502	371.21850020666665
22275.134672	0.0003213072615441109	371.25224453333334
22285.761874	0.0005254281618629183	371.42936456666666
22291.3288374	0.00017381092190252496	371.52214729
22312.5853468999	0.00032571748323390135	371.8764224483317
22338.902391	0.0003186881750871252	372.31503985
22344.4696192	0.0001438418546189031	372.4078269866667
22371.2924686	0.00026790010469057165	372.8548744766667
22373.3172649	0.0003915554828816009	372.88862108166666
22385.4630543	0.00031495750742781145	373.091050905
22390.5248212	0.0002427717025869696	373.1754136866667
22391.5373523	0.00032162495339377306	373.192289205
22397.103562	0.0001357798391626087	373.28505936666664
22408.237821	0.00017981329807979657	373.47063034999996
22435.0602124999	0.00016031342372375143	373.91767020833163
22466.4382559999	0.00019968032040570456	374.4406375999983
22491.7432633999	0.0001283749218622492	374.86238772333166
22493.2610091999	0.00032441735257033645	374.887683486665
22499.3347610999	0.00029674245452605813	374.98891268499835
22512.9985057999	0.0004656783936312936	375.21664176333167
22522.6139247999	0.00032527277301028435	375.376898746665
22526.1573071	0.0001849283402681461	375.4359551183333
22536.2794657999	0.0002435380043868991	375.60465776333166
22563.1020488999	0.00031402273957769353	376.0517008149983
22566.1389779999	0.00021252253383895138	376.10231629999834
22579.2964315999	0.00032451796795829904	376.3216071933317
22587.9010392999	0.00037788757314949866	376.465017321665
22598.5287646999	0.0003632407484896129	376.6421460783316
22603.0828349999	0.00019855330242326413	376.71804724999834
22608.6504381999	0.00025224388849626075	376.810840636665
22629.9061810999	0.0003142110294756687	377.1651030183317
22630.4124106999	4.675916479630008e-05	377.1735401783317
22638.0035737999	0.0002699476406751496	377.3000595633317
22642.0527545999	0.00031998469351569164	377.36754590999834
22644.5823596999	0.00016069447962062128	377.4097059949983
22652.6804026999	0.00016910754673131172	377.5446733783317
22662.8022008	0.0003958998134977987	377.71337001333336
22675.4547846999	0.000347805604270832	377.924246411665
22691.1427048999	0.00021569659810798418	378.18571174833164
22706.8325750999	0.00037155879896033807	378.44720958499835
22707.3387117999	0.00036028966188694604	378.455645196665
22710.3743684999	0.00022677822819718594	378.5062394749983
22723.5330502999	0.0002979691189322455	378.7255508383316
22729.1002091999	0.00031897951271052263	378.8183368199983
22788.8190193	0.00041981170071121596	379.81365032166667
22799.9534272	0.00018282893496431978	379.9992237866666
22816.1474264	0.00020218754328842298	380.2691237733333
22839.9341589	0.00018570343855081896	380.66556931499997
22840.9463217	0.0002629412195960997	380.68243869500003
22847.5260633	0.00028608364977963463	380.792101055
22886.4950061	0.00042048058296953743	381.44158343500004
22894.5917368	0.00017876349514795483	381.57652894666666
22895.0980122	0.00024282668313194063	381.58496687
22911.2937615	0.00028180801993579676	381.854896025
22912.3060882	0.00025276416302576503	381.8717681366667
22934.0670903	0.00018290832788454554	382.234451505
22938.6226759	0.00034299790131792583	382.31037793166666
22953.8046848	4.327299635208641e-05	382.56341141333337
22964.9396597	0.0004023774395620356	382.74899432833337
22974.0484478	0.00026688299862585055	382.9008074633333
22991.2557097	0.0004482787706357503	383.18759516166665
22997.8350103	0.0003580150508461326	383.2972501716667
23003.9087014	0.0003251708372413748	383.39847835666666
23009.9813972	0.0001930137634323362	383.49968995333336
23049.9623696999	0.0002629693014846423	384.16603949499836
23050.4693083999	0.0002663739614859993	384.1744884733317
23063.1209116	0.00028460257944243155	384.38534852666663
23064.1336574	0.00039108627380093626	384.4022276233334
23066.6640501	0.000318775900541919	384.444400835
23081.846761	0.0002185947779551117	384.6974460166667
23082.352227	0.0002580544201411851	384.70587044999996
23096.0171208999	0.0003123877886934296	384.93361868166505
23109.6815794999	0.0002912205871646302	385.16135965833166
23112.7186098999	0.00023534655671941164	385.211976831665
23129.9250979999	0.0005182525486217106	385.49875163333166
23199.2599832999	0.0001016583974388153	386.65433305499835
23206.3452855999	0.00024329839170582012	386.77242142666495
23215.4547946999	0.0003128924440726012	386.9242465783317
23225.5769342999	0.0002930928334708741	387.09294890499837
23259.4854345999	0.00015207299503761806	387.658090576665
23261.0037157999	0.00019860783089141416	387.68339526333165
23279.7285475999	0.00025040329824894557	387.9954757933317
23298.4542950999	0.00041279714842350803	388.3075715849983
23313.6366855999	0.0003146183382204688	388.560611426665
23324.7706510999	0.00031714853607302327	388.7461775183317
23340.4598703999	0.0002259308737106322	389.007664506665
23356.1485638999	0.0006607405413142954	389.269142731665
23362.2222285999	0.00019088053770469047	389.370370476665
23410.8071390999	0.0003487263602080442	390.18011898499833
23430.0385178999	0.00024341059102578908	390.5006419649983
23443.7024234999	0.00024298393588950365	390.72837372499833
23486.2142614999	0.00018820597788209923	391.4369043583317
23492.7937167999	0.00036650613165645685	391.546561946665
23505.4459280999	0.0004832352151867811	391.75743213499834
23524.6782027999	4.9211453563177664e-05	392.077970046665
23614.7627444999	0.00022704950883342995	393.57937907499837
23625.8967690999	0.0004370237464078302	393.764946151665
23629.9454096999	0.0003473725785038235	393.83242349499835
23640.0665881999	0.0002468648621365282	394.0011098033317
23663.3469527999	0.0001309091594030919	394.3891158799983
23678.0233904999	0.0003123545648108254	394.63372317499835
23706.8715206999	0.00044987994167821477	395.11452534499836
23732.1757151999	0.00046488706997946025	395.53626191999837
23735.7177893999	0.00024325971637183106	395.5952964899983
23742.2978832999	0.00014427644455655862	395.704964721665
23744.8282678999	0.0002327059223657242	395.74713779833166
23746.8527828999	0.00025376268080591006	395.7808797149983
23791.3884524999	0.00022115629981101862	396.5231408749984
23793.4128243999	0.00019708469564184633	396.556880406665
23801.0046927999	0.0004697832072155706	396.683411546665
23825.8033922999	0.0004995991944986757	397.0967232049983
23859.2049983999	0.00020140128406638782	397.6534166399983
23870.3386888999	0.00039405848546315077	397.8389781483317
23901.7166962999	0.00028764611903004343	398.36194493833165
23956.3748021999	0.0002838023282173926	399.2729133699984
23967.0022888999	0.0002611000257607049	399.45003814833166
23996.3568049999	0.00038248570711305	399.9392800833317
24000.4045379999	0.0002194294607803771	400.00674229999834
24013.0575190999	0.0002997616944656372	400.21762531833167
24066.7028816999	0.0001868369713969582	401.11171469499834
24080.3669453999	0.00030541635116013036	401.3394490899983
24093.5255622999	0.00044725382351338785	401.55875937166496
24099.5987626999	0.00042160070602753803	401.6599793783317
24121.3614856999	0.0003794148913404335	402.0226914283317
24145.6535185999	0.0005629487327574153	402.4275586433316
24147.6775261999	0.0002873881609927703	402.46129210333163
24162.3545466999	0.00025071255146205	402.705909111665
24185.1283925999	0.00027838415641268685	403.0854732099984
24194.2381116999	0.00040164906951298897	403.237301861665
24204.8658105999	0.00020175527085645111	403.41443017666495
24211.4453553999	0.00042219067723365584	403.52408925666504
24217.0123370999	0.00029226577780115003	403.6168722849983
24220.5548071999	0.0004443958136570608	403.67591345333165
24281.7921157999	0.0002884913832517873	404.69653526333167
24288.8779744999	0.0002643394675267185	404.8146329083317
24289.8892656999	0.0005404033873411422	404.831487761665
24296.9747139999	0.00014524294224718944	404.949578566665
24314.6887156999	0.000263840640253287	405.24481192833167
24347.5846137999	0.0002864649007044098	405.793076896665
24385.5415401999	0.00038109930555237656	406.425692336665
24403.2546105999	0.0002503966224492657	406.720910176665
24437.6689926998	0.0003836614130288336	407.29448321166336
24490.3042544999	0.0003486408835656051	408.17173757499836
24523.2002990998	0.0004522440273887953	408.7200049849967
24542.9369259998	0.00017960293755765663	409.04894876666333
24545.4682348998	0.00033923919653635644	409.09113724832997
24550.0228243998	0.0003396800070806537	409.16704707332997
24571.7845404999	0.00042998101572068974	409.529742341665
24624.9246286999	0.0004939240170254293	410.4154104783317
24635.5519130999	0.0002780051425783995	410.5925318849983
24636.0584167999	0.00031790532929485094	410.6009736133317
24725.6373745999	0.0004898072057905055	412.09395624333166
24735.2530691999	0.0004513221343250654	412.25421781999836
24789.4049606999	0.0005195076329994161	413.15674934499833
24794.9719560999	0.0002907234366320176	413.249532601665
24832.4228959999	0.0003150671651542038	413.8737149333317
24834.4463443999	0.00040262108710075893	413.90743907333166
24866.3311514999	0.0002891786733098751	414.43885252499837
24904.7934595999	0.0004549339960168491	415.0798909933317
24906.8182576999	0.00041520354562732176	415.1136376283317
24958.4400898999	0.0004315683045478497	415.9740014983317
24977.6707996999	0.0005554842057672208	416.2945133283317
24989.8172148999	0.0005409930626297995	416.496953581665
25005.5062641999	0.00028707535237272683	416.758437736665
25035.3664730999	0.00029400874153187167	417.25610788499836
25142.1509981999	0.0004004715611874337	419.03584996999837
25158.3459249999	0.0003916443292563861	419.305765416665
25159.3584815999	0.0004690295865875143	419.32264135999833
25234.7668488999	5.141462190715342e-05	420.579447481665
25347.1183580999	0.0009794720057694226	422.4519726349983
25389.6309499999	0.00039412788988673107	423.16051583333166
25427.0814234999	0.0007513413278686904	423.78469039166504
25429.1059126999	0.0004776607660351193	423.81843187833164
25447.3248397999	0.00023508777186345087	424.1220806633317
25450.8678581999	0.000285537688107986	424.1811309699984
25462.5085827999	0.00023976932707626023	424.37514304666496
25466.0504738999	0.00032631651731721727	424.43417456499833
25531.3365539999	0.0003802823596520416	425.5222758999983
25541.4583010999	0.0005503820624075789	425.6909716849984
25581.9459318999	0.000853552757722439	426.365765531665
25589.5369854999	0.0003683504290530763	426.492283091665
25611.3001338999	0.0002581166618111209	426.85500223166497
25646.2191770999	0.00012696926351875475	427.43698628499834
25671.0180395999	7.57853141065842e-05	427.85030065999837
25715.0477388999	2.1974960238426303e-05	428.584128981665
25838.5353120999	9.311555715134928e-06	430.64225520166497
26663.9720839999	9.006910362070562e-05	444.3995347333317
27411.9767269999	5.209769665824454e-05	456.86627878333167
27440.8245452999	5.2336710493510456e-05	457.34707575499834
27714.6207944	5.1701022387717716e-05	461.91034657333336
27764.7238354999	7.406127336015997e-05	462.74539725833165
27839.6257214999	9.290853750050623e-05	463.9937620249983
27997.020662	5.134975602573025e-05	466.6170110333333
27998.0330185	0.00010080236657616404	466.6338836416666
28083.0557806999	0.00010477380075032267	468.05092967833167
28096.2545489999	8.083783210542533e-05	468.2709091499983
28125.1018787	0.00012015006830807757	468.7516979783333
28157.9974397999	0.00010497068666520574	469.29995732999834
28202.0286234999	0.00022786816166501777	470.033810391665
28236.4420098	0.0003047151805533067	470.60736683
28237.4551833999	0.000544065874886999	470.624253056665
28256.1802732	0.000607438099643985	470.93633788666665
28260.2289128	0.00027442293383578195	471.0038152133333
28293.6314508	0.00038448520950382456	471.56052418
28341.70906	0.0005089608835445593	472.3618176666667
28353.8565857	0.000521828318483219	472.5642764283333
28370.5565124	0.00040747768622604387	472.84260853999996
28393.8375891	0.0004084168382784367	473.230626485
28397.8852448	0.00040237502217389234	473.29808741333335
28403.9587735	0.0007135034421088545	473.3993128916666
28409.5254829	0.0007856190805294818	473.4920913816667
28436.8554517	0.0004585643524957649	473.9475908616667
28444.9532178	0.00041087052485030956	474.08255363
28465.7018133	0.0003101512270216427	474.428363555
28486.4523188999	0.0002791190432532649	474.77420531499837
28487.9702135999	0.00025913047330070206	474.7995035599983
28494.0432723999	5.8483567871935025e-05	474.900721206665
28505.6834376999	0.000692996640282111	475.094723961665
28515.8062163	0.00011767528372058232	475.2634369383333
28533.5190530999	0.00039154708123630735	475.5586508849983
28542.6278352	0.0005604329968205996	475.71046392
28546.6768103	0.00039732426284786896	475.7779468383333
28553.7627845	0.0006073507925127076	475.8960464083333
28591.2130686	0.0005731636689059458	476.52021780999996
28619.5542474	0.0006923527265630966	476.99257079
28627.6515718	0.0005164989891620443	477.1275261966667
28638.2794774	0.0006945312098072217	477.30465795666663
28642.8348632	0.0006380925701123665	477.38058105333334
28644.3525807	0.0005217202807736892	477.405876345
28647.3889401999	0.000611624216589561	477.45648233666503
28666.6215278	0.0009874054282941306	477.77702546333336
28717.2302774999	0.0006061816388818688	478.6205046249983
28723.3031520999	0.0008839342968480244	478.721719201665
28737.9806064999	0.000861289883292568	478.966343441665
28743.0423264999	0.000613360687809985	479.050705441665
28756.2008506999	0.000626464448142568	479.2700141783317
28761.7673433999	0.0004319958933277421	479.362789056665
28769.3583798999	0.0006583073321413686	479.489306331665
28772.9011800999	0.0005825658913166539	479.548353001665
28786.5661406999	0.0008678777424397607	479.7761023449983
