retention_time	intensity	retention_time_min
5.5516227	2.351623037962512e-05	0.092527045
25.2893283	0.00020328234492834296	0.421488805
46.0392203	0.00021765975603634357	0.7673203383333332
94.6243057000001	0.0001764117019762311	1.5770717616666683
118.9164039	0.00019357363005470857	1.981940065
128.0269703	0.00018613728200229986	2.133782838333333
180.1537353	0.0001475515813680351	3.002562255
186.7329496	8.108281768400955e-05	3.112215826666667
244.4271161	0.00013777900248002206	4.073785268333333
288.9635969	0.00015590540694053267	4.816059948333334
318.8232456	0.0001839338798522766	5.31372076
373.480777000001	0.000244253168409056	6.224679616666683
413.967716400001	0.000226616743537629	6.899461940000017
416.499427000001	0.00012126630345785996	6.941657116666684
428.644845100001	0.00015625295677632308	7.144080751666683
460.528679800001	0.00020157256241709216	7.675477996666683
475.7117298	0.00011951278447565462	7.92852883
478.2414592	0.0001534664467604777	7.970690986666667
501.5220351	8.566435071587847e-05	8.358700585
531.8880779	0.00015486284472663898	8.864801298333333
568.8324711	0.00017055190197691036	9.480541185
583.0030911	0.00018638538580788695	9.716718185
599.7038327	0.00015761016854677658	9.995063878333333
608.8140708	0.0002234890525678539	10.146901179999999
614.8873642	0.0002109763259132143	10.248122736666666
615.898919	0.00027262639321671455	10.264981983333334
632.0938408	0.0002554944124705899	10.534897346666666
660.942100599999	0.00014682706210733922	11.01570167666665
668.026784799999	0.00013245307025232063	11.133779746666649
696.8741601	0.00011605572725692268	11.614569335
700.4162904	0.00013771870372571252	11.67360484
714.5868045	0.00012526891272975023	11.909780074999999
719.1414224	0.000269118306404858	11.985690373333334
737.867367700001	0.0001402596696666382	12.297789461666683
738.374072800001	0.00017888819487820113	12.306234546666683
752.037492000001	0.00019621248148927648	12.533958200000017
758.6176198	0.00014970663257961802	12.643626996666667
769.7508661	0.00014047890535917902	12.829181101666668
806.1901733	0.0001430523505323867	13.436502888333333
816.8177651	0.00021966845109668722	13.613629418333334
861.3547203	0.00013028162391456828	14.355912005
884.1288297	0.0001554406321812522	14.735480495
889.1892305	0.00010691997321373303	14.819820508333333
964.597044700001	0.00014162916263142238	16.076617411666682
980.7918045	0.0002618801792825687	16.346530075
1007.6151482	0.00020372735112990324	16.793585803333333
1018.2428012	0.0001547181879880358	16.970713353333334
1055.1877341	8.57384762129315e-05	17.586462235
1076.443693	0.00021745206745780164	17.940728216666667
1080.4922833	0.00015152858029156385	18.00820472166667
1084.034128	0.0002056533530145514	18.067235466666666
1086.5651183	0.00018017263417626205	18.109418638333334
1096.1805281	0.00017148726054693253	18.269675468333332
1097.6989502	0.00018503762726870297	18.294982503333333
1138.6933574	8.33945612367701e-05	18.978222623333334
1172.6008811	0.0002354981668766951	19.543348018333333
1180.1926864	0.00018314141830604312	19.669878106666665
1199.4237926	0.00025437059358986104	19.990396543333336
1218.6550488	0.00010861703612531564	20.31091748
1231.3073044	0.00011379773182640496	20.521788406666666
1249.0207377	0.00015682697070483232	20.817012294999998
1277.8683746	0.000178267306939532	21.297806243333333
1279.386974	0.00015672250499552986	21.323116233333334
1283.4355613	7.034804265150352e-05	21.390592688333335
1284.4467414	0.00013826875408750697	21.40744569
1309.7516395	0.0001307046962105303	21.829193991666667
1312.7888773	0.00013527165549167197	21.879814621666664
1368.4590162	0.000111420322754477	22.80765027
1394.2700414	0.00022558165707405153	23.237834023333335
1405.4034015	0.0001591004719480352	23.423390025
1440.8295173	0.00020228780642905507	24.013825288333333
1485.366026	0.0001662570682803179	24.756100433333334
1516.2376275	0.0002257650862323444	25.270627124999997
1538.0001566	0.00013972582251278197	25.633335943333336
1628.5898346	0.00026840355159361845	27.14316391
1672.6205787	0.00011360706810743733	27.877009644999998
1711.0833352	9.954837466539114e-05	28.518055586666666
1726.7725772	0.0003301459071799522	28.77954295333333
1735.8823573	9.726528360639793e-05	28.931372621666664
1736.8936077	0.0001495335496256048	28.948226795
1776.3688843	0.00012387146148701354	29.606148071666667
1800.1553398	0.00020094134292180865	30.002588996666667
1804.7103192	0.00014623455943858646	30.078505319999998
1810.2774052	0.00012895241075176544	30.171290086666666
1824.4484726	0.0001370557632122802	30.407474543333333
1828.4963103	0.00016141340643074296	30.474938505
1829.5094294	0.00019230722318940512	30.491823823333334
1842.6680486	8.996188526596305e-05	30.711134143333332
1856.8374029	7.96973065045113e-05	30.947290048333333
1871.5153141	7.54213015509195e-05	31.191921901666667
1891.2529076	2.1128355605437256e-05	31.520881793333334
1897.8321121	0.00013440444659720577	31.630535201666664
1914.5328171	8.3775258905443e-05	31.908880285000002
1932.2451047	0.00014081948608386842	32.204085078333335
1950.9713965	0.00029357058413944205	32.51618994166667
1967.1657274	0.00015395750418959072	32.786095456666665
2016.7625183	4.543824091093187e-05	33.61270863833333
2018.7880955	0.00011041105281151326	33.646468258333336
2053.2015325	0.00017486672176328082	34.22002554166667
2058.7692174	0.00018077452033472613	34.31282029
2085.0854736	0.00016057592714129748	34.751424560000004
2091.158612	0.00010565580637571912	34.852643533333335
2103.3054128	1.967332659776922e-05	35.05509021333333
2110.3897907	9.142345464456782e-05	35.17316317833333
2117.9814015	0.0001521150816729848	35.299690025000004
2156.95092420001	0.00020978981079855746	35.94918207000016
2176.6879614	0.00013885282914693424	36.27813269
2190.8590864	0.00018583252755249442	36.514318106666664
2191.36476500001	0.00014414414414414415	36.522746083333494
2202.4995224	0.00012840714829876937	36.70832537333333
2234.3920199	0.00011210167282022755	37.23986699833333
2235.4046252	0.0002251267561518333	37.25674375333333
2239.9592962	0.00022043863064536153	37.33265493666667
2244.5169199	0.00013790761432251332	37.40861533166667
2266.7850114	0.00012515274232449827	37.779750189999994
2328.0217038	9.87721254968346e-05	38.80036173
2346.2408964	8.498391219497237e-05	39.10401494
2391.7909402	0.00010896949391343986	39.86318233666667
2422.66203010001	0.00016661801536627035	40.37770050166683
2437.84399550001	0.00013105675974942597	40.6307332583335
2457.5812279	5.603931069533154e-05	40.95968713166667
2477.3193148	0.00011558856809732326	41.288655246666664
2482.8871176	0.00011475900157861398	41.38145196
2487.9472738	0.00017141410410190217	41.46578789666667
2493.514229	8.14649554141006e-05	41.558570483333334
2494.0210616	8.133882020976191e-05	41.567017693333334
2543.6205833	0.0002510548239813867	42.39367638833333
2546.1508421	0.00010066556840776462	42.435847368333334
2550.70720120001	0.00010558064405135556	42.51178668666683
2594.73652230001	0.00011770335754508061	43.24560870500017
2595.24144220001	7.375258077818867e-05	43.254024036666834
2610.42458760001	0.00012200692526505899	43.507076460000164
2617.00391630001	8.94215480158569e-05	43.6167319383335
2702.53344130001	0.000167054167617217	45.04222402166683
2709.61881190001	0.00018827677014078415	45.16031353166683
2768.32645980001	0.00011369234850494561	46.13877433000017
2768.83242050001	0.00014907119648911631	46.147207008333496
2779.46075680001	0.000129423782628555	46.32434594666684
2791.10062810001	0.00010101526188499159	46.51834380166683
2800.21096120001	1.942837070574722e-05	46.670182686666834
2805.27167810001	0.00014066238835171974	46.7545279683335
2920.6642466	0.00019509991601854586	48.67773744333333
2928.2550285	0.00015752804255996766	48.804250475
2933.8219972	0.0001883061429293779	48.89703328666667
2942.4260346	0.0001110562145571087	49.040433910000004
2956.0905543	0.00017014102671175275	49.268175905
3016.820747	0.00014503421986640432	50.28034578333334
3059.3323313	0.00013692316940401686	50.98887218833333
3059.8384862	1.9890162104821155e-05	50.99730810333333
3075.0224357	0.0001994108007366269	51.25037392833334
3081.600704	0.0001569229562131106	51.36001173333333
3087.6737659	0.00010012227785017767	51.461229431666666
3098.3016083	0.0002616225949217584	51.63836013833334
3103.3631899	4.17537057457692e-05	51.72271983166667
3180.2891302	0.0001639720456501471	53.004818836666665
3197.4961885	0.00013961168008410892	53.29160314166666
3206.1000278	8.776268968708612e-05	53.43500046333334
3261.7701331	0.00011431496110043738	54.36283555166666
3298.20857620001	6.580085840210733e-05	54.97014293666684
3304.28179390001	0.00012077639249474575	55.07136323166684
3314.90918380001	0.00022642847133870267	55.248486396666834
3367.03733150001	0.0003760388870948553	56.1172888583335
3386.26839860001	0.00015208779917362538	56.4378066433335
3387.28031690001	0.00016033231805825832	56.4546719483335
3409.04289100001	8.173775433016636e-05	56.817381516666835
3442.95095480001	0.00017463852525867205	57.3825159133335
3489.51203710001	8.613629792251369e-05	58.15853395166683
3500.64585260001	0.00017738026000236825	58.344097543333504
3501.15196400001	0.00021539302834729617	58.352532733333504
3502.66980280001	4.987772475775636e-05	58.37783004666684
3512.28620270001	0.00013503821020636547	58.5381033783335
3513.29850520001	0.00016987916116197347	58.55497508666683
3524.4319706	0.00017367418004463119	58.740532843333334
3534.0474588	0.00018292871136482068	58.900790980000004
3581.1145947	0.00022388151249851768	59.685243245
3585.1626091	0.00026487016128408326	59.75271015166666
3585.669393	0.00016358431841616042	59.76115655
3609.4559519	0.00028195418324774836	60.15759919833333
3627.67447090001	0.0001256645764603724	60.461241181666836
3700.04579380001	0.00018116070371318718	61.66742989666683
3735.47266040001	0.00021105024324434815	62.2578776733335
3769.38096730001	0.00016376199084192558	62.82301612166683
3772.41679480001	9.574850614117389e-05	62.873613246666835
3777.47854420001	0.00016444119414778482	62.95797573666684
3805.31346170001	0.00017006101583113458	63.4218910283335
3815.94164270001	0.00013864391193763948	63.5990273783335
3899.95283860001	0.00024343284572996658	64.99921397666684
3900.45841570001	0.0001993448666192513	65.00764026166684
3904.50685740001	0.00012921560414667818	65.07511429000017
3964.22633600001	0.00023327428746288084	66.0704389333335
3965.74422760001	0.0002578561185135681	66.09573712666683
3968.78114540001	6.376022863183918e-05	66.1463524233335
4005.72592470001	0.00017889756891153539	66.76209874500017
4016.85955270001	0.0001744209543378704	66.94765921166683
4020.40249820001	0.00013329058428107742	67.0067083033335
4023.43915710001	0.00017637853585800652	67.05731928500016
4046.71861760001	0.00019892243511821785	67.4453102933335
4049.25004680001	0.0003656316138299419	67.48750078000016
4109.98106210001	0.00015931743670094406	68.49968436833349
4114.02970810001	0.00021979449474545667	68.56716180166683
4114.53541950001	0.00016584748062599885	68.57559032500016
4168.18162900002	0.00018454042663941351	69.46969381666699
4169.19381000002	0.00018632464661560495	69.48656350000033
4178.30326470002	0.0002529870763228481	69.63838774500033
4216.76678490001	0.00014383311894662203	70.27944641500017
4226.38208140001	0.00013904242850330616	70.43970135666683
4227.39442840001	5.920543551793741e-05	70.45657380666684
4247.13169350001	0.00020560889106611944	70.78552822500018
4254.21718770001	0.00020638950218199826	70.90361979500017
4260.29031110001	0.00018677243281827794	71.0048385183335
4262.31521430001	0.0001812250815512867	71.03858690500016
4281.04035260002	0.0002217401354099693	71.35067254333367
4286.60678180002	7.731424887019084e-05	71.44344636333366
4296.22249760002	0.00019680063473757767	71.60370829333367
4306.34469430002	0.00016228439268128008	71.77241157166699
4321.02373980002	0.00014146278850725574	72.01706233000033
4322.54131030002	0.00015305070301455223	72.042355171667
4328.10816600002	0.00015631643733419863	72.13513610000034
4366.06571560002	0.00020720587048591858	72.76776192666699
4372.13933270002	0.00025084309738817895	72.86898887833367
4404.52979640002	0.00011179507961905826	73.40882994000033
4405.03590670002	0.0002595259463908316	73.41726511166699
4441.98320690002	5.365728550253986e-05	74.03305344833367
4446.53722340001	0.00014629879772801638	74.1089537233335
4447.54999710001	0.00023339916254525652	74.12583328500017
4455.64671850002	0.0001702562766929768	74.260778641667
4458.68334720001	0.00011720540246782487	74.31138912000016
4463.23897850002	0.00017907752873010352	74.38731630833367
4502.71444360002	7.330816784287981e-05	75.045240726667
4516.37789110002	0.00021960597188811173	75.272964851667
4523.46414500002	0.0001477655940250031	75.39106908333366
4552.81674710002	0.00012457629419596915	75.88027911833366
4555.34761050002	0.00016313785015345154	75.92246017500034
4562.93950850002	0.00016777505480387994	76.04899180833367
4564.96360210002	0.0002094082165891295	76.082726701667
4613.04131030002	9.973600975790397e-05	76.88402183833367
4621.64631800002	0.00026627806992148847	77.02743863333367
4665.16906960001	0.00013346534052409475	77.75281782666683
4674.27978000001	0.0002019275872213653	77.90466300000017
4675.79733860001	0.00011298553149936792	77.9299556433335
4676.30307710001	0.00023537070146870332	77.9383846183335
4680.85905770001	2.4046947336223457e-05	78.0143176283335
4703.63325720001	0.0001604810262449003	78.39388762000017
4740.07143460001	4.887697811240043e-05	79.00119057666684
4749.68676710001	0.00014342092495300165	79.1614461183335
4786.12608750002	0.000181836352158027	79.76876812500034
4803.33333670002	0.00019718652586709628	80.05555561166699
4895.94805620001	0.00016864877964748335	81.59913427000016
4942.50775100001	0.00016071298122580173	82.3751291833335
4964.26977620001	0.00016386346772198862	82.7378296033335
4989.06830680001	0.00014532309647578468	83.15113844666683
5009.81811050001	0.00021002386634844867	83.49696850833351
5043.2203319	0.00012221913123164156	84.05367219833333
5048.787616	0.0001167789824095209	84.14646026666667
5052.83653	0.0002087113903842998	84.21394216666665
5063.9711399	5.112057232529193e-05	84.39951899833333
5067.0068769	0.0001576050477925978	84.450114615
5069.0320089	6.681241094915575e-05	84.483866815
5093.3235594	0.0001571152360095295	84.88872599
5126.7257072	6.490255345188866e-05	85.44542845333334
5130.2685231	0.00011322973724387033	85.50447538499999
5132.2933341	0.00019790515384333595	85.53822223499999
5146.4636824	0.00019192147119451443	85.77439470666667
5238.5732022	0.00011507577808078796	87.30955337
5244.6458675	1.673971381785257e-05	87.41076445833333
5249.706823	0.00010743485756842029	87.49511371666668
5324.6083964	0.00010269871216471167	88.74347327333334
5342.8273545	7.055257810073749e-05	89.047122575
5367.1207693	0.00015061597760726518	89.45201282166666
5397.4855373	8.655615315196975e-05	89.95809228833333
5424.8145738	0.00011125034896925502	90.41357623
5479.979422	0.00011678312341448218	91.33299036666668
5482.5096935	5.781750846130956e-05	91.37516155833333
5484.0276189	0.00012629131101669444	91.40046031499999
5510.34479739999	8.184702101496222e-05	91.8390799566665
5537.67419789999	0.0001465091546157003	92.29456996499984
5538.17925489999	7.4901385675635e-05	92.3029875816665
5541.72303359999	0.00014647657110667498	92.36205055999984
5585.2467526	0.00013486971365080026	93.08744587666666
5609.0329622	9.816279331229457e-05	93.48388270333334
5609.5386058	4.154646413405473e-05	93.49231009666667
5625.2272087	1.5203288234749582e-05	93.75378681166667
5674.8254853	0.00010963180949714853	94.580424755
5697.0930192	0.00012706523834542374	94.95155032
5714.29950149999	0.00020797573344579428	95.23832502499982
5720.37289649999	3.687451602197721e-05	95.33954827499983
5726.44610769999	7.399932727884292e-05	95.4407684616665
5743.147659	0.0001241556712470127	95.71912765
5751.7513021	0.00013706037415604606	95.86252170166668
5753.2695139	7.04296545914069e-05	95.88782523166667
5842.8477534	0.0001975336057274417	97.38079589
5868.1523617	0.00017525189284743687	97.80253936166667
5895.4810182	0.00018879133936233413	98.25801697
5927.3660423	0.00013211070877395257	98.78943403833334
5930.4018926	0.00014034931307195392	98.84003154333332
5960.2611942	5.924506737794184e-05	99.33768657
5967.8526915	3.5686608714669846e-05	99.46421152500001
5979.4934331	0.00013549364231658245	99.65822388500001
6032.1272584	3.538970271407976e-05	100.53545430666667
6056.4189969	0.00010142704284757881	100.940316615
6065.5292606	9.428274561617301e-05	101.09215434333333
6077.6747666	0.00010147353614851131	101.29457944333333
6084.2536006	0.00010307337456969496	101.40422667666667
6087.2903499	8.237306354414746e-05	101.45483916500001
6097.9184347	9.598045970227303e-05	101.63197391166666
6105.5096974	0.00010406830500575508	101.75849495666667
6116.6443126	0.00011753564234579527	101.94407187666667
6118.6688596	0.0001566876621577989	101.97781432666667
6188.0037828	9.000885306054738e-05	103.13339638000001
6206.7283808	5.60912159221686e-05	103.44547301333334
6220.3930031	1.329390459703221e-05	103.67321671833334
6250.25324769999	0.00010727984572136473	104.17088746166651
6258.85587679999	4.2267268718584196e-05	104.31426461333317
6263.41045069999	9.378648826082545e-05	104.39017417833317
6277.58105729999	0.00011705210701637944	104.62635095499984
6304.40499399999	0.00017888437737337528	105.07341656666651
6309.97210869999	1.7848462014254107e-05	105.1662018116665
6333.25278699999	0.00013366207214213783	105.5542131166665
6336.28958299999	0.000138595083521774	105.60482638333316
6396.51389009999	0.00012074147757730144	106.60856483499984
6405.62372749999	5.06976369116905e-05	106.76039545833318
6407.64792959999	0.00010275289590216025	106.79413215999983
6423.33702119999	8.708398215063887e-05	107.05561701999983
6446.61741979999	0.00017796183521469992	107.44362366333317
6468.88513959999	1.4777131305648213e-05	107.8147523266665
6475.97109239999	0.00012860555450041548	107.93285153999983
6483.56296539999	0.00013199537199731792	108.05938275666651
6494.69704019999	0.00014908625817031929	108.24495066999982
6520.00131809999	0.00010298216512271215	108.66668863499984
6532.14759129999	0.0001327666906696842	108.8691265216665
6549.35407939999	0.00010115795151593109	109.15590132333317
6555.93412489999	7.1571714858288e-05	109.26556874833317
6619.70114979999	0.00010333286017133232	110.3283524966665
6625.26946289999	9.70944154300804e-05	110.42115771499984
6644.5001742	7.820296275600608e-05	110.74166957000001
6652.5981255	9.554825042844922e-05	110.87663542499999
6656.1406175	9.532602324569606e-05	110.93567695833333
6665.7554933	9.696166979868251e-05	111.09592488833333
6689.54297049999	0.00012829435167990345	111.4923828416665
6695.61576069999	7.939772759952536e-05	111.59359601166649
6699.15802679999	0.00012044422973951317	111.65263377999983
6699.66424879999	0.0001111897413890239	111.66107081333317
6757.86540599999	0.0001162842473926541	112.63109009999984
6813.02915269999	0.00014773701237842996	113.55048587833316
6826.188217	6.520318588436074e-05	113.76980361666666
6831.24889189999	0.00014332935577226406	113.85414819833316
6849.97426989999	9.375160755090058e-05	114.16623783166649
6861.61487369999	0.00013735048067910137	114.36024789499984
6867.18148389999	4.5584010719890845e-05	114.4530247316665
6910.7047651	7.968149134776716e-05	115.17841275166667
6948.15649379999	5.6141293324772705e-05	115.80260822999983
6977.50962319999	3.6690524243263894e-05	116.29182705333317
7039.2534357	1.0845377928884689e-05	117.32089059500001
7087.8378306	0.00010195444010381517	118.13063051
7093.9111341	8.389474138825444e-05	118.23185223499999
7101.5020454	7.57333668284159e-05	118.35836742333332
7110.1063649	0.00011979536014588188	118.50177274833332
7183.4887791	2.7831869314639047e-05	119.724812985
7213.85469239999	5.205200836650796e-05	120.23091153999984
7234.0989943	0.00011573915369578591	120.56831657166667
7238.147085	0.00010893017066833752	120.63578475
7246.7508633	9.87568046403382e-05	120.779181055
7271.5492211	0.0001232923609918438	121.19248701833334
7297.3604382	7.572234473526111e-05	121.62267397000001
7310.5192927	0.00011187101248098737	121.84198821166666
7324.6897605	7.719974053468586e-05	122.078162675
7382.890227	7.269487083704904e-05	123.04817045
7428.9435764	0.00010125912092116334	123.81572627333334
7430.4617851	9.211200639365691e-05	123.84102975166667
7432.99350759999	7.252514130053071e-05	123.8832251266665
7445.64533529999	6.679662472565672e-05	124.0940889216665
7479.5536528	2.4549002173149744e-05	124.65922754666667
7485.6270716	7.50175487480107e-05	124.76045119333334
7488.1576832	9.644683820138702e-05	124.80262805333334
7501.3151031	7.44790835257944e-05	125.02191838499999
7560.52874689999	5.3870999675392695e-05	126.00881244833317
7590.8936102	9.546968771269841e-05	126.51489350333333
7596.4611232	1.027613340613403e-05	126.60768538666666
7597.4729467	6.810190112188329e-05	126.62454911166667
7614.1747871	7.984064847963228e-05	126.90291311833333
7678.9541723	1.0412549852974797e-05	127.98256953833334
7694.13619	1.0415603407152187e-05	128.23560316666666
7697.1730936	8.414183457319878e-05	128.28621822666668
7755.8798327	8.033154224555038e-05	129.26466387833335
7780.17237050001	5.549886886936522e-05	129.66953950833351
7833.312013	0.0001084931034247959	130.55520021666666
7835.84261880001	0.00012165138256097135	130.59737698000018
7878.35504800001	0.0001338136948628307	131.30591746666684
8000.32375160001	9.154212835448424e-05	133.3387291933335
8001.33537870001	0.00011698983088393086	133.35558964500015
8039.7988931	9.931196669473886e-06	133.99664821833332
8103.0608824	7.935367797456578e-05	135.05101470666668
8115.7125662	5.622422960131952e-05	135.26187610333332
8141.5241647	9.482279177356503e-05	135.69206941166667
8183.5290507	6.60803496594502e-05	136.392150845
8184.5414169	4.842782203864447e-05	136.409023615
8248.3094223	6.46630089565098e-05	137.47182370500002
8302.460548	7.609157845265538e-05	138.37434246666666
8311.5711649	8.415179573585457e-05	138.52618608166668
8323.2114917	8.88150847336587e-05	138.72019152833334
8332.3201786	0.00012445255690741322	138.8720029766667
8348.51597319999	0.00012052797597052774	139.1419328866665
8382.42396799998	9.356671501711376e-05	139.70706613333297
8387.99002879998	0.00010648100266084978	139.799833813333
8475.54492709998	3.053323773574296e-05	141.259082118333
8504.89764489998	8.407580725691641e-05	141.74829408166633
8520.58726929998	0.0001059339242295595	142.00978782166632
8538.80571049998	0.0001118488926140654	142.313428508333
8547.91633039999	7.208241089258008e-05	142.46527217333318
8594.98248029999	8.747135200501021e-05	143.24970800499983
8605.6101067	5.5853022887119875e-05	143.42683511166666
8640.0245699	7.710777408334711e-05	144.00040949833334
8642.5551771	7.644028991956856e-05	144.042586285
8647.1100221	6.701323204582195e-05	144.11850036833332
8670.3903446	0.0001317113862054275	144.50650574333335
8677.4757395	2.3912466979872158e-05	144.62459565833333
8700.2504412	5.8108187919974544e-05	145.00417402
8701.7686308	9.501993089628948e-05	145.02947718
8707.33471409999	4.470717053063165e-05	145.12224523499984
8748.83403589999	8.448711296286014e-05	145.81390059833316
8796.91351229999	7.810574938113889e-05	146.61522520499983
8797.92570719999	5.923010689611738e-05	146.63209511999983
8894.08327569999	1.1608541409988918e-05	148.2347212616665
8915.84467419999	1.3079859606018932e-05	148.59741123666652
8941.14949689999	7.78526558898139e-05	149.0191582816665
8955.32051809999	8.363306757257377e-05	149.25534196833317
8958.35635419999	0.00010334005451340746	149.3059392366665
9007.4481691	7.676639761071592e-05	150.12413615166668
9016.0516135	0.00010423128014705674	150.26752689166668
9031.73996109999	8.789613512187792e-05	150.5289993516665
9034.27135079999	3.9972260860584e-05	150.57118917999983
9057.04463669998	0.00010324610959718732	150.9507439449997
9068.68568299998	4.448011839798788e-05	151.144761383333
9077.28875579998	1.3249755836443836e-05	151.28814592999967
9085.38577029998	8.825234385238304e-05	151.42309617166632
9105.62975919999	8.89470843508799e-05	151.7604959866665
9106.13626209999	0.00013050688224950263	151.7689377016665
9133.97165309999	9.00814318066991e-05	152.23286088499984
9197.23213789998	6.403140056101358e-05	153.287202298333
9199.25681379998	0.0001446510233453822	153.32094689666636
9223.04303639998	9.3490995592482e-05	153.71738393999968
9229.11644449997	8.570895076939088e-05	153.81860740833284
9264.03712509997	0.00010596451794171952	154.40061875166617
9292.88471759998	3.418084597306549e-05	154.88141195999967
9297.43933279998	0.00010608768473110773	154.95732221333301
9400.68170359997	0.0001297984091203398	156.67802839333282
9409.28546869997	0.00010364210172487846	156.82142447833286
9417.38256319997	4.1671318653497484e-05	156.95637605333283
9453.82189629997	0.00012139020568756914	157.56369827166617
9477.10167819997	8.014298223060265e-05	157.95169463666616
9563.64314039997	0.00014595356567126524	159.39405233999952
9614.25274969998	0.00011500790645371082	160.237545828333
9631.46079459998	7.561902829852327e-05	160.52434657666632
9641.58249999998	8.486279229445846e-05	160.69304166666635
9674.98574499998	0.00012746594214792334	161.24976241666633
9684.09461609998	0.00010263136815123358	161.40157693499967
9746.85060019998	7.712904308191893e-05	162.44751000333298
9772.66089939998	0.0001394986048565038	162.87768165666634
9797.45965299998	9.452754167557086e-05	163.29099421666632
9797.96556089998	0.00017125310888576077	163.29942601499968
9820.23384389999	0.0001296053681166604	163.67056406499984
9857.17840309999	0.00011536366998210665	164.28630671833315
9890.58035669998	9.752940048296123e-05	164.84300594499967
9915.37957739998	0.0001006836928978623	165.25632628999966
9994.32878969999	0.00012113474909213371	166.57214649499983
10021.1517534	8.407045459322184e-05	167.01919589
10034.3105232	0.00011080988403208614	167.23850872
10057.5911186	9.118984666931022e-05	167.62651864333333
10067.2067019	0.0001125263181388705	167.786778365
10075.8103073	9.825130920629977e-05	167.93017178833333
10083.9082463	0.00013042012098465262	168.06513743833332
10100.1027387	9.32044335110032e-05	168.33504564499998
10135.5287579	9.447273788591651e-05	168.92547929833333
10148.1823116	7.089058329004359e-05	169.13637186
10190.6936557	0.00010481410023076191	169.84489426166667
10230.6741203	0.00010958611117966364	170.51123533833334
10248.8945483	1.2157148159975102e-05	170.81490913833335
10254.9676974	0.00012524182330776978	170.91612829
10272.6806319	8.112106858571255e-05	171.211343865
10312.661964	6.677207178989913e-05	171.8776994
10318.7353929	0.00011036940469075659	171.978923215
10325.8200439	1.6433048473907607e-05	172.09700073166667
10387.0574913	0.00014483813148164645	173.117624855
10389.0821676	7.822964505944936e-05	173.15136945999998
10397.6857641	2.584523985244091e-05	173.294762735
10405.2767548	8.385123388913521e-05	173.42127924666664
10406.2889923	0.00011306368496707518	173.43814987166667
10425.0139153	0.0001489199011400964	173.75023192166665
10432.0999136	9.4768851693824e-05	173.8683318933333
10448.8010011	6.541560044951087e-05	174.14668335166667
10468.5389976	0.00015985199422981398	174.47564996
10471.5753278	7.066469812131558e-05	174.5262554633333
10472.5864151	9.630884801386848e-05	174.54310691833334
10492.3250086	0.000106875387536816	174.8720834766667
10508.0137834	1.272546699635995e-05	175.13356305666667
10510.5442801	9.527241429371383e-05	175.17573800166667
10513.0740449	8.064233188299322e-05	175.21790074833334
10543.4399497	6.789510428994104e-05	175.72399916166665
10566.7198175	7.106720103113086e-05	176.11199695833332
10588.4829132	3.819748899969328e-05	176.47471521999998
10624.9203194	6.763718623380842e-05	177.08200532333333
10697.2918178	1.298343083409022e-05	178.28819696333332
10712.9812119	0.00016504144797088746	178.54968686499998
10720.5725749	7.693622170402216e-05	178.67620958166665
10725.6337461	6.225743370690398e-05	178.760562435
10749.9260784	8.400527516996766e-05	179.16543464
10759.5421372	8.651468164236647e-05	179.32570228666665
10774.2177974	4.014053647827003e-05	179.57029662333335
10788.894516	0.00012255112152257736	179.8149086
10828.8760834	0.00010449442115895924	180.48126805666666
10906.8146222	0.00010691731439429375	181.78024370333333
10928.0713016	5.687926097695222e-05	182.13452169333334
10932.1200969	3.724887586228368e-05	182.202001615
10981.7164311	9.426622950251268e-05	183.028607185
10984.7533462	3.9316817137978044e-05	183.07922243666664
10999.4308012	9.123479373027718e-05	183.32384668666666
11006.0091212	6.66956860270264e-05	183.43348535333334
11044.979143	0.00010837418755008742	184.08298571666668
11053.5821582	9.817029772276921e-05	184.22636930333334
11086.4781067	8.592783976878761e-05	184.77463511166667
11088.5025856	3.260679778105482e-05	184.80837642666665
11109.2525133	0.00010010377606132444	185.154208555
11138.1000847	0.0001576797990155143	185.63500141166665
11146.1970609	5.9609664192377e-05	185.769951015
11148.2211462	8.122775065960193e-05	185.80368577
11194.2759983	5.053398918786532e-05	186.57126663833333
11198.3252295	0.00011711956774451544	186.638753825
11209.9655338	8.332201632786889e-05	186.83275889666666
11264.6223642	5.35264483627204e-05	187.74370607
11281.3243026	1.2352324529053903e-05	188.02207171
11283.8543916	9.745811026791593e-05	188.06423986
11287.3969424	6.7423383544288e-05	188.12328237333335
11305.109896	0.00016751778552890687	188.41849826666666
11433.1517976	3.1495549595959064e-05	190.55252996
11508.0530722	6.784616803991285e-05	191.80088453666667
11512.608288	6.768076867600883e-05	191.8768048
11537.9130384	6.678156250451893e-05	192.29855064
11570.3031453	3.851603001146891e-05	192.83838575500002
11626.98515	8.40736786263489e-05	193.78308583333333
11628.5035108	0.00011037321949483498	193.80839184666667
11659.3748296	2.940344093767573e-05	194.32291382666665
11745.4103701	6.196902607995593e-05	195.75683950166666
11769.7038195	9.728171310148841e-05	196.161730325
11787.4158697	1.29963534831397e-05	196.45693116166666
11790.9586042	3.681003085214925e-05	196.51597673666666
11807.6601019	6.119340174621893e-05	196.7943350316667
11823.3490783	0.00012563470889033338	197.05581797166667
11823.8550661	1.1622092927155821e-05	197.06425110166668
11841.0619888	0.00011865262048195998	197.35103314666668
11883.0679702	8.133462779614985e-05	198.05113283666665
11905.3365975	5.676533867873606e-05	198.422276625
11927.0977681	0.00012063862129837247	198.78496280166667
11955.9453432	8.865327285326625e-05	199.26575572
11962.0190037	9.798480728669088e-05	199.36698339499998
11966.0674369	7.544002473482386e-05	199.43445728166668
11972.646192	7.278389579110581e-05	199.5441032
11975.1766697	4.578591220997301e-05	199.58627782833335
11977.7069631	9.724648916666687e-05	199.62844938499998
11979.225197	0.0001064208064501144	199.65375328333332
11993.3964232	0.00013399913142731677	199.88994038666667
12046.0293238	7.0386122022464e-05	200.76715539666665
12072.8521916	0.00012184361480551836	201.21420319333336
12073.3592247	6.630622364551618e-05	201.222653745
12104.2305494	0.00011279349131490117	201.73717582333333
12111.3160675	0.00012622734746172283	201.85526779166668
12115.8701533	7.714350091464695e-05	201.93116922166666
12140.1630492	7.651195890612243e-05	202.33605082
12147.7543486	8.438124982877181e-05	202.46257247666665
12161.419504	7.851700294295482e-05	202.69032506666665
12169.5163407	1.2581433327210369e-05	202.825272345
12320.83747	7.091245159677593e-05	205.34729116666668
12358.2890315	9.707870641762053e-05	205.97148385833333
12369.4229216	0.00010398410418657058	206.15704869333334
12382.5807647	7.75679009305034e-05	206.37634607833334
12390.1726506	7.582581622380126e-05	206.50287751
12402.8250231	0.00012071877378130256	206.713750385
12465.0739056	0.00013426588834529056	207.75123176
12467.0991048	8.084678618770793e-05	207.78498507999998
12477.7266349	3.310556334819096e-05	207.96211058166668
12497.9699148	0.0001143350434185815	208.29949858
12518.21379	1.3117758997033638e-05	208.6368965
12556.6766467	8.590009505441176e-05	209.27794411166667
12580.9699439	7.264346354698486e-05	209.68283239833332
12655.870728	9.97023216962283e-05	210.9311788
12657.8955442	6.073324250814253e-05	210.9649257366667
12662.450704	0.000119329723711708	211.0408450666667
12688.7680325	7.916831264051366e-05	211.47946720833335
12714.0713596	8.433298308553872e-05	211.90118932666667
12722.1697773	6.260187096696736e-05	212.03616295499998
12751.5226077	1.5028531667370503e-05	212.525376795
12771.2608085	9.992288234005587e-05	212.85434680833333
12827.9429851	0.00010640189775169475	213.79904975166667
12847.68	0.00012861004851636354	214.12800000000001
12865.900025	0.00010635999442373711	214.43166708333334
12876.5275441	0.00011854254541233505	214.60879240166665
12887.6615717	0.00011959638223804887	214.79435952833333
12903.3513545	8.41424757049015e-05	215.05585590833334
12922.0765309	0.00010578713379184557	215.36794218166668
12926.6310901	7.388132548232525e-05	215.44385150166667
12947.3805894	0.00010258076587716727	215.78967649
12949.4054276	0.00014615494111207852	215.82342379333335
12979.7701774	0.00017732453780446147	216.32950295666666
12998.4958025	0.0001755414366033835	216.64159670833334
13037.9717881	6.388614094789179e-05	217.29952980166667
13084.5311666	0.00011356271535326666	218.07551944333332
13115.4032831	0.00014017767597790948	218.59005471833333
13125.5259944	0.00012082135737848234	218.75876657333336
13211.5616378	4.9866364045702377e-05	220.1926939633333
13224.7192894	0.0001347183279671558	220.41198815666667
13243.9515878	6.165767604410813e-05	220.73252646333333
13258.1210386	9.417165323416482e-05	220.96868397666668
13299.1144642	0.00013133382088765472	221.65190773666666
13363.8950341	0.0001356909362999224	222.73158390166665
13380.0902963	0.00015300434969508418	223.00150493833334
13402.357449	0.00012441496830856912	223.37262414999998
13418.0465887	6.532651247688354e-05	223.63410981166666
13422.0959567	8.86137994204716e-05	223.70159927833336
13426.650099	1.2921551252328033e-05	223.77750165
13440.3148379	0.0001374122693206865	224.00524729833333
13543.051499	9.372576724708854e-05	225.71752498333333
13562.2830694	0.0001329646353989937	226.03805115666668
13583.5387799	0.00012272508883787755	226.39231299833332
13584.5511006	6.834279403037898e-05	226.40918501
13589.1068247	6.986189851901544e-05	226.485113745
13621.496283	6.525657652695251e-05	227.02493805
13738.9100080999	9.714572442120986e-05	228.98183346833167
13759.1530217999	0.00011754870137841965	229.31921702999836
13767.7571708999	0.00011320500522052834	229.46261951499835
13780.4090337999	1.3990901561260251e-05	229.673483896665
13827.4760406999	8.678902738725175e-05	230.457934011665
13856.3226855999	9.376520203151749e-05	230.938711426665
13876.5676128999	7.273976098430013e-05	231.276126881665
13911.9929382999	6.162752577555382e-05	231.866548971665
13977.27959	9.533431465720119e-05	232.95465983333332
14067.8701989	8.544596400354881e-05	234.464503315
14106.8387749	4.331297799436614e-05	235.11397958166665
14310.7950669999	6.12787579645612e-05	238.513251116665
14319.3975652999	9.706905873857397e-05	238.65662608833165
14384.6845406999	6.550511686313374e-05	239.74474234499834
14420.6162157999	9.253815350309567e-05	240.34360359666502
14424.6658072999	7.416645851750627e-05	240.41109678833166
14447.4397759999	9.665279437738166e-05	240.79066293333165
14463.6353480999	7.535910922457015e-05	241.06058913499834
14489.4449262999	0.00011656406646920743	241.490748771665
14509.6885159999	6.38166179798132e-05	241.82814193333166
14552.7072421999	0.00014142682751881858	242.54512070333166
14588.6397976999	0.00010390378509500203	243.14399662833165
14592.6878601999	7.230997922487285e-05	243.211464336665
14605.3400646999	3.559050239463644e-05	243.422334411665
14627.6082225999	7.182413597535205e-05	243.793470376665
14764.7604131999	6.701538983353742e-05	246.07934021999833
14785.5098699999	0.00012358548839764975	246.42516449999832
14887.7403360999	5.978783471562505e-05	248.129005601665
14894.8257438999	9.563091828025222e-05	248.247095731665
14899.8867862999	5.66214131460766e-05	248.33144643833165
14939.3614129999	7.617497196847349e-05	248.98935688333168
14943.4108052999	7.938841718430729e-05	249.05684675499833
14958.0874735999	7.225761205734347e-05	249.30145789333167
15019.3237970999	6.27191235816309e-05	250.32206328499834
15032.4834694999	5.424823726578212e-05	250.5413911583317
15055.2570140999	6.424305124705987e-05	250.92095023499832
15128.1349163999	3.9024083964131855e-05	252.13558193999833
15163.5614201999	8.747256358248743e-05	252.72602366999834
15167.1039405999	2.1115578228994224e-05	252.785065676665
15214.1704463999	8.244161497742434e-05	253.56950743999832
15220.2436848999	9.457767202363735e-05	253.670728081665
15248.5850203999	6.127363283765798e-05	254.14308367333166
15259.2125365999	7.705546578231853e-05	254.32020894333166
15404.4603253999	6.104131583690206e-05	256.74100542333167
15435.8394265999	0.00010647560236904765	257.26399044333164
15452.5394494999	6.025925439060793e-05	257.54232415833167
15460.1314648999	7.504965569892149e-05	257.6688577483317
15505.1736794999	0.0001359175424469119	258.4195613249983
15572.9893996999	9.591975729612066e-05	259.5498233283317
15680.7874980999	5.9963117110196827e-05	261.346458301665
15688.3794718999	6.786030631201631e-05	261.47299119833167
15712.1654872999	9.048401719240144e-05	261.8694247883317
15727.3478003999	9.05491941787521e-05	262.1224633399983
15779.4762848999	9.469324518667608e-05	262.9912714149983
15797.6954870999	6.839870850802209e-05	263.29492478499833
15815.4088734999	6.185892158118374e-05	263.590147891665
15888.7915125999	0.0001215083591383837	264.81319187666503
15909.5410570999	6.0137869844122035e-05	265.15901761833163
15959.1391542999	0.00015417869482997493	265.985652571665
16012.7846214999	0.00012406087383790617	266.879743691665
16040.1130154999	0.00018761857097964363	267.3352169249983
16059.8511679999	0.00018599131375687493	267.66418613333167
16083.1316117999	0.00017375507972103884	268.0521935299983
16084.1439094999	0.00018249913628553424	268.0690651583317
16128.1738980999	0.00015072921434867992	268.802898301665
16147.4054517999	0.0001947038151097394	269.123424196665
16175.7464262999	0.0002827664387513851	269.595773771665
16197.0017943999	0.00023538101286884813	269.950029906665
16225.8497923999	0.0003013136162264792	270.4308298733317
16229.8974508999	0.0001406047524406325	270.4982908483317
16284.0495942999	0.00020711226330027052	271.400826571665
16297.2084754999	0.00017923510370459176	271.62014125833167
16329.5990036999	9.028799923092813e-05	272.15998339499833
16331.1159741999	0.0002651108169876084	272.185266236665
16359.9643194999	0.00012510985255346157	272.66607199166504
16364.0130094999	0.0001884655189616528	272.7335501583317
16391.8482001999	0.00032320906756397766	273.19747000333166
16415.1272422999	0.00024911802346114557	273.58545403833165
16417.6585753999	0.0003316557518583251	273.6276429233316
16419.6825405999	0.00011395369550524712	273.661375676665
16432.3345128999	0.00021069596708764816	273.872241881665
16446.5059598999	0.00024676972588117964	274.1084326649983
16468.2677686999	0.000175472670131627	274.4711294783317
16483.9565856999	0.0002319004524886878	274.732609761665
16530.0105291999	3.618924368823401e-05	275.500175486665
16538.1089433999	2.9161698377313496e-05	275.635149056665
16554.3026425999	0.0003255996409993626	275.9050440433317
16578.0898956999	3.1400197611910306e-05	276.301498261665
16603.3941354999	0.000203488830326141	276.723235591665
16643.3751829999	0.0002213799879678539	277.3895863833316
16654.5102034999	0.0002902328683039943	277.57517005833165
16670.1980672999	0.00024265714526249064	277.8366344549984
16712.2041310999	0.0002882200354098901	278.5367355183317
16748.1368478999	0.0002629313481444461	279.13561413166497
16762.3070765999	0.00018488418898075676	279.3717846099983
16785.0822884999	0.00022062834684121417	279.75137147499834
16804.8197437999	0.0002066182231906147	280.0803290633317
16843.2819829999	0.00019164493278412502	280.72136638333166
16859.4775221999	0.00021129755910157376	280.991292036665
16859.9832146999	0.0002449025637657018	280.99972024499834
16863.0205670999	0.00021844198009057382	281.0503427849983
16879.7215123999	0.0002583599790600367	281.3286918733317
16884.7813466999	0.00031916077668843793	281.4130224449983
16910.5930795999	0.00018013504869234445	281.8432179933317
16917.1720198999	0.0002020873344609427	281.9528669983317
16922.7392420999	0.0003412676252463007	282.04565403499834
16923.2456008999	0.00033460445986999816	282.05409334833166
16925.7749647999	0.0002043192668826748	282.0962494133317
16931.3420642999	0.0002465420292159599	282.1890344049983
16949.5611676999	0.0003101774784060941	282.4926861283317
16957.6587578999	0.00026644367951068974	282.6276459649983
16977.9025035999	0.00017421568297497036	282.965041726665
16981.4457137999	0.0003141149318935742	283.02409522999835
16984.9875467999	0.00020828711895709415	283.08312577999834
17008.2679377999	9.161318722854551e-05	283.471132296665
17038.1280905999	0.00032039779695034463	283.96880150999834
17056.3477528999	0.00018793409238947759	284.27246254833165
17101.8952026999	0.00019532809416810193	285.031586711665
17117.0784176999	0.00018046520759162007	285.2846402949983
17120.621078	0.0002595746652185391	285.34368463333334
17123.1509848999	0.00026340483677131523	285.3858497483317
17129.7303021	0.00020439124514570793	285.495505035
17148.455907	0.00016402631653721073	285.80759845
17191.9798026	0.00012647333726120444	286.53299670999996
17213.7430318	0.0002480352902948225	286.8957171966667
17251.1942989	0.00020532652775576873	287.5199049816667
17261.3162496	0.0001772205949867503	287.68860416
17297.2485952	0.00011764473917701261	288.2874765866666
17305.3454515	0.00018034973976457423	288.42242419166666
17323.564821	3.0038168499439956e-05	288.72608035
17355.4487464	0.00029429315295184167	289.25747910666666
17379.7411212	0.0001924133738956274	289.66235202
17406.0579302	0.0003617535679927361	290.1009655033333
17411.1195969	0.00011838190844245133	290.185326615
17432.8819703	0.00031062662605235914	290.54803283833337
17460.2107286	0.00029050127907780267	291.0035121433333
17523.4720648	0.00014786585365853658	292.05786774666666
17542.7030164	0.0002535123498753682	292.37838360666666
17552.3190017	0.0002845150121280552	292.53865002833334
17555.3559335	0.00031927443940163593	292.5892655583333
17566.9960725	0.00031624933692379946	292.783267875
17591.7951595	0.00026151265677464805	293.19658599166667
17624.1845304	0.000243116756822464	293.73640884
17645.9460831	0.00019871736970463372	294.099101385
17654.5505881	0.0001800869583829372	294.24250980166664
17668.2141241	0.00021139902235395788	294.4702354016666
17684.9159129	0.0002630860752622734	294.74859854833335
17687.4462836	0.0002621878130337451	294.79077139333333
17692.5078213	0.0002224287965552914	294.875130355
17701.6164023	0.0002168488946656494	295.0269400383333
17704.146677	0.00022112421419150292	295.06911128333337
17710.220911	0.0004030962381509789	295.17034851666665
17765.3845747	0.00036771465342893915	296.0897429116667
17827.1274501	0.00042093541576176735	297.118790835
17831.1766273	0.0003053422942925705	297.18627712166665
17832.6946356	0.0002767082225455275	297.21157726
17837.7554693	9.90169035999717e-05	297.2959244883333
17846.3589162	4.4723119169223336e-05	297.43931527
17859.5179444	0.0003178282200925727	297.65863240666664
17861.5420962	0.0003235211791395447	297.69236827
17878.2427223	3.8290540109340764e-05	297.9707120383334
17931.3818604	0.00030014972483358317	298.85636434
17948.0835052	3.2246437306118295e-05	299.13472508666666
17975.9191523	0.00035106578519826504	299.59865253833334
17984.0167893	0.00020857878430859188	299.733613155
17988.5705758	0.00018827769615341943	299.80950959666666
17989.58377	4.158288485421964e-05	299.8263961666667
18015.9002753	0.00024725451718331834	300.2650045883333
18042.7227963	0.00024073140174205192	300.712046605
18067.0155947	0.0002977387257124768	301.11692657833333
18084.2219404	4.07465123249145e-05	301.40369900666667
18090.8017978	0.00039095557873731763	301.5133632966666
18108.5150449	0.0003421857899086462	301.80858408166665
18115.0949843	0.00018398648535634837	301.9182497383334
18129.2653638	0.00030517094261166657	302.15442273
18135.3381776	0.0004333421244952852	302.25563629333334
18158.618203	0.0002552470774636465	302.6436367166667
18168.7403405	0.0004270979040470528	302.81233900833337
18183.9220543	0.0001974575999829226	303.0653675716667
18190.5016163	0.00029903697707235724	303.17502693833336
18245.1608012	0.00022162369844466617	304.0860133533333
18250.2206491	0.00021012522232391462	304.17034415166665
18254.2695604	0.0002289559432189261	304.2378260066667
18274.0087867	4.056096718978296e-05	304.56681311166665
18279.5755759	0.0002435244631392517	304.6595929316666
18308.928741	0.00034691363102337734	305.14881235
18330.6907748	0.0003751460947118263	305.5115129133334
18345.367442	0.00021558382476260317	305.7561240333333
18348.9102293	0.00012058872495421678	305.8151704883333
18385.8546235	0.0002819259133840534	306.43091039166666
18398.0014016	0.00015654003905164523	306.6333566933333
18399.5191368	4.321831211746391e-05	306.65865228
18435.9576084	0.00021940470493522378	307.26596014
18458.2267912	0.0002809743270753223	307.6371131866666
18463.7934819	0.00035390983626465514	307.729891365
18465.3115428	0.0004098814562245658	307.75519238
18484.0373266	0.0003388414490940025	308.06728877666666
18491.1226544	0.0004472715959842008	308.1853775733333
18495.6770714	0.00030829963279619153	308.26128452333336
18525.0304687	0.0004882944015569815	308.75050781166664
18527.0546416	0.000458787284463653	308.78424402666667
18536.1644202	0.00029014687179030815	308.93607367
18569.5661774	0.000309765842310221	309.49276962333334
18587.2805663	0.0006145337225380243	309.78800943833335
18623.2123527	0.00029219050038844726	310.386872545
18623.718945	0.00013701384407338105	310.39531575
18642.9504032	0.00024038701477589942	310.71584005333335
18646.4929206	0.00020866045626549343	310.77488201
18646.9996157	3.847071224676654e-05	310.78332692833334
18689.5115015	0.0003182339759222346	311.49185835833333
18694.0650862	0.0003874293554715091	311.5677514366667
18705.7060702	0.0003212316774949717	311.7617678366667
18706.2114852	0.00030482223442696087	311.77019142
18732.0223278	0.00031334936410514917	312.20037213
18742.6500946	3.6488537734013154e-05	312.3775015766667
18765.9309939	0.00034159425109527047	312.76551656500004
18817.0458431	0.00025771041106965333	313.61743071833337
18845.8935878	0.00019035705544829086	314.09822646333333
18868.6673732	0.00025213341924546135	314.47778955333337
18876.7644371	0.0003841927650539043	314.6127406183333
18913.2041521	0.000140739350722462	315.22006920166666
18941.0388055	0.0002860681844992332	315.6839800916667
18947.1124737	0.0004894009472874396	315.785207895
18962.2946	0.000204839011279336	316.03824333333336
19002.2759809	0.0004174279913420962	316.7045996816667
19022.0130469	0.00028917778727733794	317.03355078166663
19026.5681916	0.00022805447090015974	317.10946986
19044.2811836	0.0002703873436650729	317.40468639333335
19060.4764162	0.00026418412811010536	317.67460693666663
19076.671935	0.00017187473698292505	317.94453224999995
19080.214469	0.0003890097676302429	318.0035744833333
19100.4575031	0.0002529030082554768	318.34095838499996
19101.4703241	0.0005171686888087319	318.357838735
19126.7740422	0.0002988494296956717	318.77956737
19177.8899696	0.0001693698024050512	319.63149949333337
19190.5425755	0.00040656121406017865	319.84237625833333
19219.3899667	0.0003243591414834638	320.3231661116667
19256.3338682	0.00015853952328316752	320.9388978033333
19278.0963393	0.0002895231177356894	321.30160565499995
19287.2062167	0.0005757614848765385	321.453436945
19305.93151	0.0004049567420380856	321.76552516666663
19308.4625959	0.00028592468312262125	321.8077099316667
19335.7907607	0.00022896785976349603	322.263179345
19343.8878187	0.0003177026153128901	322.3981303116667
19348.9494449	0.00022491783613741103	322.48249074833336
19349.4557751	0.0003200293490329845	322.490929585
19366.6629414	0.0003838469719690493	322.77771569000004
19415.7538391	0.00024076585429470653	323.59589731833336
19429.9241858	0.0003007106416578802	323.8320697633333
19453.2044873	0.00038991611337448707	324.22007478833336
19473.4484458	0.00037912070337709056	324.5574740966667
19479.5216628	0.00030052552539396884	324.65869438000004
19492.6792131	0.00032276096478703835	324.877986885
19517.9837983	0.00031886298127166055	325.29972997166664
19518.9971841	0.00013515105206411143	325.316619735
19523.0458568	0.0005532756569827749	325.3840976133333
19540.2528461	0.00014862688675703795	325.67088076833335
19565.5574086	0.0005219977128141101	326.0926234766667
19569.6061473	0.00035600758435765497	326.160102455
19573.1483978	0.00019873871891602223	326.2191399633333
19589.849726	0.0002015860859335047	326.4974954333333
19604.0202793	0.00030631907152807013	326.73367132166663
19608.0685122	0.00016363191711687676	326.80114187
19611.6111474	0.0003308582534054894	326.86018579
19632.3606315	0.00031085872012881054	327.206010525
19686.5126911	0.00022777480481345793	328.1085448516667
19747.2437126	0.00011939723996350365	329.1207285433333
19753.3172414	0.0003067030653861334	329.22195402333335
19760.4026205	0.0002462402836965522	329.340043675
19767.4880145	0.0002907385549345759	329.458133575
19794.3114103	0.0003153371596437596	329.9051901716667
19794.8173821	0.00036667861967069025	329.91362303499994
19795.8290719	0.0002989213649984201	329.93048453166665
19799.8777364999	0.00023875135915683374	329.9979622749983
19820.1216831999	0.00021822325132968615	330.335361386665
19836.3165293999	0.0002654184764645591	330.60527548999835
19858.0789294999	4.36914413321035e-05	330.96798215833167
19871.2373304	0.00038093849392594484	331.18728884
19878.3216390999	0.0003478158453121233	331.305360651665
19883.3826883999	0.00034360082611587363	331.38971147333166
19890.9749765999	0.00033164994396759696	331.51624960999834
19923.3648956999	0.0003334679047234558	332.0560815949983
19932.9806891999	0.0005364699323876062	332.2163448199983
19935.5099922999	0.0003187148868903937	332.258499871665
19936.0161359999	0.0003866199185065858	332.26693559999836
19941.5832684999	0.0004212245678769362	332.35972114166503
19977.5159982999	0.00035101059054473455	332.95859997166497
19981.5648261999	0.00037781206072402866	333.02608043666504
19999.7839205999	0.00029079251599358836	333.32973200999834
20041.7894118999	0.0004483034295718348	334.029823531665
20050.3936734999	0.0004233937619985732	334.173227891665
20056.9732169999	0.00022031061030648063	334.2828869499983
20060.0090066999	0.0002879572014685024	334.3334834449983
20063.0460425999	4.168028994662144e-05	334.38410070999834
20094.9292138999	0.0004977020988203401	334.91548689833166
20102.0154904999	0.0004983998244724717	335.03359150833165
20108.0881518999	0.00030797061238985196	335.134802531665
20141.4906631999	0.00020544717601782273	335.6915110533317
20150.6000481999	0.00035614077723526943	335.843334136665
20153.6365126999	0.00041594981862545295	335.8939418783317
20169.3249370999	0.0003849242307040614	336.1554156183317
20199.6913433999	0.00032044224610322536	336.6615223899983
20207.2826613999	0.00016637983018693523	336.78804435666495
20279.6537179999	0.00042705949837055525	337.99422863333166
20317.1039857999	0.00025589875239138613	338.61839976333164
20317.6102032999	0.00036613490877470165	338.62683672166503
20341.3973648999	0.00016621317147043251	339.0232894149984
20342.4089580999	0.0002954712400369934	339.040149301665
20358.6043135999	0.00025545500905488296	339.31007189333167
20362.6527938999	4.32454042147932e-05	339.37754656499834
20365.1828773999	0.0003253137081640298	339.4197146233317
20368.2205119999	0.00039542784299528464	339.470341866665
20389.9815705999	0.0002556273395650974	339.833026176665
20393.5248460999	0.00017167132480305484	339.89208076833165
20396.0554317999	0.0003437597522625249	339.93425719666504
20408.7074551999	4.126513398789006e-05	340.14512425333163
20411.2382943999	0.00038137491485680123	340.187304906665
20412.7557240999	0.00024781986517994893	340.212595401665
20415.7927754999	0.00011387646986771191	340.26321292499836
20423.8902186999	0.00032212773350738874	340.398170311665
20434.5185555999	0.00023394691941703059	340.57530925999833
20480.0664382999	0.00029216273464319626	341.3344406383316
20485.6335112999	0.0003578194064407493	341.42722518833165
20499.2984188999	0.0001839938618130224	341.6549736483317
20500.3094357999	0.0002529429106069472	341.6718239299983
20504.3594532999	0.000342213603509245	341.739324221665
20518.0233409999	0.00014801079082444804	341.96705568333164
20532.1939648999	0.0005118253579441586	342.2032327483317
20549.9077552999	0.0002734528388473348	342.4984625883317
20568.6329653999	0.0002792013975629089	342.8105494233316
20591.9132144999	0.000561823320689693	343.1985535749983
20593.9377323999	9.423413921644313e-05	343.23229553999835
20626.3269591999	0.00027614344290588467	343.772115986665
20643.0282266999	0.00018583793369059373	344.0504704449983
20664.7903313999	0.00021581240921352977	344.41317218999836
20685.5406474999	0.0004551669761125047	344.759010791665
20690.6014802999	0.00044124976115386813	344.8433580049984
20734.6308486999	0.0002512720061500925	345.577180811665
20737.1618167999	0.00031502251436681285	345.6193636133317
20740.7038091999	0.00022218014264975067	345.6783968199983
20786.7585461999	0.00022434709895406663	346.44597576999837
20792.3257338999	0.00019378623277228717	346.538762231665
20812.5688054999	0.00018670132700871422	346.8761467583317
20824.7156595999	4.227610808027951e-05	347.078594326665
20831.2940327999	0.00029950416258109374	347.18823387999834
20871.7824061998	0.0003262267574082434	347.86304010333
20883.4228085998	9.99328521361962e-05	348.0570468099967
20895.5678645998	0.0002830177070643681	348.25946440999667
20900.6299352998	0.0003258664815268589	348.34383225499664
20907.2089376998	0.00016467416732812243	348.45348229499666
20913.7881014999	0.00036690053578269417	348.56313502499836
20923.4040297999	0.00017136903841949699	348.723400496665
20941.1169717999	0.0003056976291273171	349.018616196665
20954.2748879999	0.00023198073348767661	349.23791479999835
20961.3604941999	0.0003637193073304852	349.356008236665
20969.4577705999	0.00017330885378747112	349.49096284333166
20975.5312966999	0.0002739159357583279	349.59218827833166
20988.6893541998	0.00030718664584518173	349.8114892366633
21008.4273277998	3.775500358672534e-05	350.14045546333
21024.1157647998	0.00034645207072452137	350.40192941333004
21036.2617616998	0.0003640135142303675	350.60436269499667
21045.3723084998	0.0003251540277053656	350.7562051416633
21052.4575194998	0.0004946722723019628	350.8742919916633
21059.0359362998	0.0002613147336824006	350.9839322716633
21064.6029967998	0.00021686922607905772	351.07671661333
21068.6517822998	0.00020506097063839845	351.1441963716633
21089.4016326998	0.00020530953774871368	351.4900272116633
21101.5480826998	0.0001743616426527325	351.69246804499664
21115.7188425998	0.0003780073822618183	351.9286473766633
21125.3345676998	0.00020055294002368172	352.0889094616633
21134.9497786998	0.0005018924188553733	352.24916297833
21142.0364805998	0.0004222212267671102	352.3672746766633
21151.1455037998	0.00034101506276868035	352.51909172999666
21209.3462531998	0.00010853845355553884	353.4891042199967
21260.4615124998	0.00014274510318666137	354.34102520833005
21307.5281951998	0.000237099151386435	355.12546991999665
21313.6013703998	0.00019131543857614934	355.2266895066633
21314.1073812998	0.0001718675804588333	355.23512302166336
21319.1680419998	0.0002470426308191564	355.31946736666333
21333.8447422998	0.000219812243708499	355.56407903833
21343.9666929998	0.00023972509384555932	355.7327782166633
21357.1257568998	0.00016761387678572456	355.95209594833
21361.6799560998	0.00013085397316022412	356.02799926833
21372.3081170998	0.000281226830744058	356.2051352849967
21374.3326655998	0.00028567644934989866	356.2388777599966
21398.6247697998	0.00027240836023337007	356.64374616333004
21416.8444088998	0.00027160509243938835	356.94740681499667
21505.9167147999	0.0002748657904020833	358.431945246665
21513.5076476999	0.0003892365918534362	358.5584607949983
21514.0129767999	7.479914318787916e-05	358.566882946665
21520.0866783999	0.00022774740299407858	358.668111306665
21575.2510558999	0.00025066501861619947	359.58751759833166
21589.4210735999	0.000228366598483284	359.82368455999836
21599.0367854999	0.00019894931126112196	359.9839464249983
21601.0618342999	0.00015138398073638845	360.01769723833166
21623.8358974999	0.0003225733395277208	360.3972649583317
21653.1885576999	0.00022776872642419368	360.88647596166504
21667.3594715999	0.0002484206289053236	361.1226578599983
21725.0543030999	0.00027018861464779987	362.08423838499834
21819.6930848999	0.00022965684278338224	363.6615514149983
21858.6624640999	0.00022229548059678019	364.3110410683317
21905.7293905999	0.00028919563747029493	365.0954898433317
21950.7724278999	0.0001364468535988561	365.84620713166504
21954.8203619999	0.0002521291701307643	365.91367269999836
21982.6547949999	0.0001849577239488117	366.377579916665
21984.1740349999	0.00019198134557903395	366.4029005833317
22004.9228104999	0.00024123007442693867	366.74871350833166
22007.9594544999	0.0001796367010044505	366.79932424166503
22019.0944382999	0.00018560981029919796	366.98490730499833
22024.1552540999	0.00035332567794364456	367.0692542349983
22034.2767797999	0.00023295252676573254	367.23794632999835
22053.0022328999	0.00020073530608517325	367.5500372149983
22060.0877085999	8.762361900340082e-05	367.668128476665
22066.6667763999	0.0002483905931813703	367.777779606665
22069.7034764999	3.011163386394493e-05	367.82839127499835
22072.2337061999	0.00029520997379604185	367.8705617699983
22120.8201285999	0.0002468342473554951	368.680335476665
22127.3987035999	0.0002124818636042456	368.7899783933317
22145.6178443999	0.00015604218680728934	369.09363073999833
22148.1492058999	3.223114746466213e-05	369.13582009833164
22149.6677845999	8.130823524041561e-05	369.1611297433317
22162.3192223999	0.0003387438443784669	369.3719870399983
22187.1184337999	0.00012136358428022919	369.78530722999835
22188.1300643999	0.0002776174225254506	369.8021677399983
22211.9158748999	0.00015621962159378122	370.19859791499835
22231.1480343999	0.00019486263869634873	370.519133906665
22234.6909746999	0.0002211938485851593	370.578182911665
22237.7269441999	7.857414125011459e-05	370.6287824033317
22275.6837362999	0.00013009934358341777	371.2613956049983
22286.3115997999	0.00026344620473277747	371.4385266633317
22293.9030009999	0.0003878963453334201	371.565050016665
22295.4211806999	0.00029894243992997376	371.590353011665
22318.7024895999	0.0003501834387361573	371.97837482666495
22322.7508375999	0.000101181457775138	372.04584729333163
22344.0068782999	0.00018437905642335585	372.4001146383317
22350.5854654999	0.00023310372399477274	372.50975775833166
22356.1532308999	0.00022489533382756208	372.6025538483317
22359.1899144999	0.00012783833235966707	372.653165241665
22370.3237795999	0.0001539212837900489	372.83872965999836
22379.4327470999	0.0002901903319283456	372.99054578499835
22425.4867751999	0.00018559788045840607	373.7581129199983
22433.0793015999	0.0002195930898612213	373.88465502666503
22439.6579780999	0.00029054063256143346	373.99429963499836
22446.2371716999	0.00027807774446518335	374.103952861665
22452.8168023999	0.000396343412388928	374.21361337333167
22471.5423703999	0.0002879680832195976	374.5257061733317
22537.3333314999	0.0002545603184994899	375.622222191665
22548.9734028999	0.00029536486638405673	375.816223381665
22552.5166633999	0.00027123820239392826	375.87527772333164
22565.1688670999	0.00022658149526357527	376.08614778499833
22571.2424501999	0.00030926410496555324	376.18737416999835
22577.8212542999	0.0002451842016287396	376.2970209049983
22583.8938607999	0.00013949210853187008	376.39823101333167
22648.6745737999	0.00016571684515058604	377.4779095633317
22661.8324392999	0.00020862610415193488	377.69720732166496
22684.6067157999	0.0001980050501090008	378.07677859666495
22691.1859625999	0.0002108604013255121	378.1864327099983
22692.7044513999	0.00037214325836605323	378.21174085666496
22716.4908112999	0.0002495359537396587	378.6081801883317
22746.3502538999	0.00014650173472765388	379.1058375649983
22764.0638834999	0.0001842667320773681	379.4010647249983
22781.2709269999	0.0002789172473982142	379.6878487833317
22788.3554794999	0.00028660640730947154	379.80592465833166
22793.4174545999	0.00023238037891155368	379.8902909099983
22804.0446647999	0.00020192453994621982	380.06741107999835
22826.3132375999	0.00017901687251303057	380.43855395999833
22861.2333206999	0.00029314140285693647	381.02055534499834
22873.8864081999	0.00020035812439593285	381.231440136665
22881.4773058999	0.0002560528468834278	381.3579550983317
22903.7450157999	0.00022667744766722645	381.729083596665
22905.2633449999	0.00020001935671193986	381.75438908333166
22911.3366578999	0.0002015010600307289	381.85561096499833
22937.1475624999	0.00025519664962222945	382.28579270833166
22939.6778607999	0.00023739609833299543	382.327964346665
22943.2197599999	0.0003795034517358242	382.38699599999836
22953.3419859999	0.00013781185400693434	382.55569976666504
22974.0916591999	3.3533615959616583e-05	382.9015276533317
22991.2999166999	0.0003379056564549625	383.1883319449983
23029.7621775999	0.00015220045048838256	383.82936962666497
23039.8847070999	0.00028305889029676934	383.998078451665
23096.5664792999	0.00018969064312451982	384.94277465499835
23122.3776267999	0.00023495991922458994	385.372960446665
23125.9208873999	0.00026308846198333925	385.43201478999833
23185.6388237999	0.0002632370331311923	386.4273137299984
23200.8224317999	0.00038659823826096005	386.6803738633317
23235.7424329999	0.000285325035648358	387.2623738833317
23247.3828484999	3.890152468042398e-05	387.45638080833163
23257.5042076999	0.00029374585072617976	387.6250701283317
23275.7233817999	0.000211106931073587	387.92872302999837
23281.2909221999	0.000405699074374284	388.0215153699983
23286.3523045999	0.00036766984776090764	388.10587174333165
23291.9182329999	0.00021869667116114155	388.19863721666496
23302.5472127999	0.0003318129628264144	388.3757868799983
23328.3575332999	0.00039432632951617137	388.80595888833165
23329.3693733999	0.0003793521870532877	388.8228228899983
23337.4671594999	0.0004060044016713991	388.95778599166505
23338.9851029999	0.0002807184958511062	388.98308504999835
23351.1316770999	0.00014069599234743177	389.185527951665
23363.7845540999	0.0004316374756234333	389.3964092349983
23375.4244490999	0.00038315407699620734	389.59040748499837
23382.0033647999	0.00016332468442135074	389.7000560799983
23385.5452785999	3.9495718664096814e-05	389.759087976665
23392.1245798999	0.00048719232501301125	389.8687429983317
23408.3203835999	0.00033159296246671415	390.1386730599983
23424.0091706999	0.0004401364783850599	390.40015284499833
23445.2647723999	0.00046781157393972967	390.75441287333166
23475.6299532999	0.00021646631692173195	391.260499221665
23483.7277589999	0.00011679558421682114	391.3954626499983
23490.3068483999	0.0003445555278671653	391.50511413999834
23492.3318265999	3.8938923001308344e-05	391.538863776665
23494.8615034999	0.000359847200560566	391.58102505833165
23504.4773094999	0.00035188662266740807	391.741288491665
23516.1178996999	0.0004001355102548768	391.93529832833167
23533.3244440999	0.00036141536196821194	392.22207406833166
23545.4713604999	0.00021261740380223055	392.42452267499834
23557.6171832999	0.00036767648691274016	392.6269530549983
23575.8359144998	0.00011130755312347113	392.9305985749967
23607.7208633998	0.00036195718083865855	393.4620143899967
23636.0613369998	0.0003548388553061049	393.9343556166633
23642.6406991998	0.00024578796571885804	394.04401165333
23656.8112698998	8.962079202374951e-05	394.28018783166334
23659.3418175998	3.395616485491663e-05	394.32236362666333
23661.3660581998	0.00030163448693025047	394.3561009699967
23663.3900788998	0.0002922174433660762	394.38983464833
23682.6220532998	0.00021755309051384528	394.7103675549967
23692.7433770998	0.00023346457828545057	394.87905628499664
23707.9267966998	0.00024404421620011625	395.13211327833
23719.0611700998	0.0002880405201936979	395.31768616833
23737.2799863998	0.00023174861423787813	395.62133310666337
23737.7859366998	0.00031172203668702165	395.6297656116633
23763.0905767999	0.0003201143825618857	396.05150961333163
23768.6573257999	0.00028217262598620625	396.1442887633317
23769.1642600998	0.0002977462486655067	396.15273766832996
23780.8033829999	9.654339226908858e-05	396.34672304999833
23813.7003617999	8.572039736515945e-05	396.89500602999834
23826.8578192999	0.00017888106746153382	397.11429698833166
23842.0416406999	0.00025457596290556035	397.36736067833164
23869.8759296999	0.0002207918424645383	397.8312654949984
23888.0962546999	0.0002234358042818425	398.1349375783317
23908.8456358999	0.00017796681410784968	398.48076059833164
23917.4488772999	0.00015552775171167414	398.6241479549983
23924.5340029999	0.0005090725027433889	398.74223338333167
23927.0651827999	0.00017640828117477131	398.78441971333166
23943.7661399999	0.00019261039616917276	399.06276899999835
23976.1555025999	0.00030483713261373875	399.60259170999836
23981.7228591999	0.0004833270179803051	399.69538098666504
24005.5094959999	0.00032153947508680694	400.0918249333317
24008.5463720999	0.0004017240804641053	400.14243953499835
24090.0263213999	0.00029491412249137513	401.5004386899983
24105.7162923999	0.00041518324239679227	401.761938206665
24143.1663610998	0.0003776537674008893	402.38610601833
24144.1786813998	0.00024280081521076797	402.40297802333004
24162.3978748998	0.0003131942434350195	402.70663124833004
24166.9532328998	0.00023889645251611908	402.7825538816633
24196.8126905998	0.00032015671598152156	403.28021150999666
24213.0073368998	0.0001520912547528517	403.5501222816633
24237.2992114998	0.00028327580777125243	403.95498685833
24238.3116113998	0.0003597330452897153	403.9718601899967
24240.8426982998	0.00022455132759825963	404.01404497166334
24243.3736107998	0.00011850768508557816	404.0562268466634
24251.4704065998	0.00025339617781554096	404.19117344333
24258.5554902998	0.00014859457754312562	404.3092581716634
24265.6414072998	0.00034976790824393645	404.42735678833003
24271.2074051998	3.4810133926188594e-05	404.52012341999665
24278.7993188998	0.00020167060760976297	404.6466553149967
24288.9210782998	0.00027855680743912387	404.8153513049967
24290.9457757998	0.00021614151653057126	404.84909626332995
24293.9818582998	0.00029656105324858245	404.89969763833
24325.3598908998	0.00047932904644760945	405.42266484833
24334.9754977998	0.0002597919665867563	405.58292496333
24428.6024570998	0.00044975176099011746	407.1433742849967
24429.1083961998	0.00015796858593336203	407.15180660333004
24453.9081169998	0.0003260261345015808	407.56513528333
24456.9445573998	0.00032795627497414904	407.61574262333
24478.7064088998	0.00021532577544744184	407.97844014833004
24497.4315371998	0.00036406878887669227	408.29052561999663
24512.6136460998	0.0002569397985204146	408.54356076833
24525.7725211998	0.00027692146925126703	408.76287535333
24528.3030675998	0.00041741831152833483	408.8050511266634
24528.8090227998	0.0002915753358938554	408.81348371333
24561.1995829997	0.00019641324971830204	409.35332638332835
24562.2117996998	0.00024219738131677247	409.37019666166333
24581.4430584997	0.00023188415099910777	409.69071764166165
24595.1079702997	0.00043835780674977354	409.9184661716617
24600.6750228998	0.00027475051917740244	410.01125038166333
24606.7478776998	0.00018559585375393632	410.11246462833
24613.3264343998	3.829660121919358e-05	410.2221072399967
24636.1002828998	0.0002371739644077344	410.6016713816633
24649.7651862997	4.1939350107830727e-05	410.82941977166166
24655.8388813997	0.00019713032167624798	410.93064802332833
24677.0938852997	0.00032006587888642806	411.2848980883283
24683.1672165997	0.00038494192533193464	411.3861202766617
24692.7832388997	0.00038635054934796413	411.546387314995
24725.1732525997	0.0002692173340364133	412.0862208766617
24813.7389855998	0.0003123579288046467	413.56231642666336
24821.8360738998	0.00048749164333715845	413.69726789833004
24838.5376174998	0.0002759181987320094	413.97562695833
24845.6224855998	0.0002772191075429513	414.09370809333
24853.7201992998	0.000415537183918711	414.22866998833
24864.8543849998	0.0002446371320086975	414.4142397499966
