retention_time	intensity	retention_time_min
5.5957039	0.00015863236198370844	0.09326173166666667
12.1754443	0.00017414239930620742	0.20292407166666668
14.7057963	0.00010864327012601406	0.245096605
18.7543575	0.00012110870663414262	0.312572625
19.7672309	0.00018192760987650557	0.32945384833333335
21.7917884	0.00013750776483530144	0.3631964733333334
25.839752	0.00012813403433072497	0.4306625333333333
29.3829817	0.0002864007723937836	0.48971636166666666
44.0594421	8.897496641754609e-05	0.734324035
50.1320379	0.0001091343687258859	0.835533965
51.650754	0.00011789431278427562	0.8608458999999999
56.7112928	0.0001796426679451779	0.9451882133333334
72.4006637	0.00014670915883501466	1.2066777283333332
77.9674533	0.00012263582203823027	1.299457555
84.0406433	0.00016979225154407636	1.4006773883333332
84.5464824	0.00013654066814448634	1.40910804
87.0779255	1.3569228848662993e-05	1.4512987583333334
88.0890959	0.00011004732034774953	1.4681515983333333
95.6803182	0.0001532824713358924	1.59467197
102.2603995	0.00012615102811754396	1.7043399916666668
103.2720545	0.00015926677558191475	1.7212009083333333
106.309048	7.201704114081935e-05	1.7718174666666668
111.8760174	0.00017455827059856862	1.8646002899999998
125.0343629	0.000108154322321028	2.0839060483333336
128.5774242	0.0001360498355406508	2.14295707
136.6740446	0.00017118770762601638	2.2779007433333334
155.9062592	6.296803048358859e-05	2.5984376533333333
160.4601374	7.662289008352209e-05	2.6743356233333335
164.0037684	6.433043559092122e-05	2.7333961400000004
168.5585441	0.00010919623295281259	2.8093090683333335
179.1862614	0.00016222123561353779	2.9864376900000003
184.2486201	0.0001698098251903882	3.070810335
186.2730452	0.0001990846414353295	3.1045507533333336
210.0590331	4.4078236896839494e-05	3.5009838849999997
218.156148	0.00013982720074278186	3.6359358
221.1927102	0.00017161180936935608	3.68654517
226.2534804	0.00010681120965229575	3.77089134
250.0404561	0.00010316490088424403	4.167340935
256.6192935	0.00012875464939361732	4.276988225
258.6443201	0.00022230203299173607	4.310738668333333
265.7284856	0.00011454815389050992	4.428808093333333
269.2712639	0.00023781278433720874	4.487854398333334
270.2834346	8.040319132859654e-05	4.50472391
270.7905179	0.00015871331675660914	4.5131752983333335
300.649229	7.414252311300122e-05	5.010820483333333
309.2531853	0.00013715401140276408	5.154219755
316.3379854	0.0001490243735910104	5.2722997566666665
318.3631755	0.00019410499664641932	5.306052925
343.1610466	0.00016393164434645545	5.719350776666667
345.6916005	0.00013459825307874515	5.761526675
348.7284752	0.00019203428813448998	5.812141253333333
350.2473146	0.00010380293412198994	5.837455243333333
354.8022326	5.579687443988822e-05	5.9133705433333335
355.307411	9.237082929210955e-05	5.921790183333333
363.9117434	8.155858455076513e-05	6.065195723333333
364.4173498	3.556096803193749e-05	6.073622496666667
367.4538707	0.0002259966341860501	6.124231178333333
386.1794284	0.00014523483642317822	6.436323806666667
389.7221265	0.0001309458322689113	6.495368775
417.0511195	8.826068769931477e-05	6.950851991666667
441.8497567	0.00012175677279696721	7.364162611666667
445.3921167	0.00020640697376985242	7.423201945
458.045053	7.958991832353518e-05	7.6340842166666665
465.1301239	0.00015383422142022457	7.752168731666667
466.6490088	0.000151697361565165	7.77748348
474.7460976	1.52827956290093e-05	7.91243496
506.1243099	8.010915029422767e-05	8.435405165
511.691141	0.00014652331402108013	8.528185683333334
521.8134821	9.20675150195991e-05	8.696891368333333
546.1045621	0.00018674953334639016	9.101742701666666
549.1414917	9.620262814689234e-05	9.152358195
553.6962271	0.00015324368885253711	9.228270451666667
566.8552556	0.00017917806788417715	9.447587593333333
580.013624600001	0.00014450986256898208	9.66689374333335
596.207937	0.0001166610856579392	9.93679895
596.7148783	0.00010811578496857925	9.945247971666667
603.7999244	0.00014185946729870127	10.063332073333333
615.4394454	9.411710472736772e-05	10.25732409
623.0313569	0.00014445696617410988	10.383855948333332
642.2630149	0.00011700701697040914	10.704383581666667
644.28747	0.0001351946515333886	10.7381245
655.9278776	9.740220955993498e-05	10.932131293333333
660.481994	0.00011018089699998361	11.008033233333332
662.5057184	0.00010941492904667449	11.041761973333333
663.0124814	0.0001546632216192204	11.050208023333333
666.0484854	9.105691056910569e-05	11.10080809
671.1092603	8.796527170314173e-05	11.185154338333332
672.1219296	0.00013776019148666616	11.20203216
682.750113900001	7.441117388714751e-05	11.379168565000016
683.256553100001	0.00015874358357134027	11.38760921833335
704.5114994	0.00012867567197387487	11.741858323333334
708.054694100001	8.394010906265666e-05	11.800911568333351
720.201423600001	7.465057129551225e-05	12.003357060000017
730.322246200001	9.151083511677133e-05	12.172037436666683
732.347225000001	0.0001449391421058797	12.20578708333335
732.853032700001	5.860250380015957e-05	12.214217211666684
733.359870400001	9.665641144333008e-05	12.222664506666684
737.408871100001	3.6680992803435804e-05	12.290147851666683
743.481213500001	0.00017009631468445878	12.39135355833335
748.035435500001	0.00016225069733933486	12.46725725833335
755.626976800001	2.5308222514953995e-05	12.593782946666684
775.365283100001	0.00018587053883464466	12.92275471833335
778.907562200001	8.423827136562272e-05	12.981792703333351
779.920299700001	0.00010158261442534135	12.998671661666684
784.980843800001	4.151758185999324e-05	13.08301406333335
797.126643800001	7.187508623405993e-05	13.285444063333351
805.225160100001	9.892009123045395e-05	13.420419335000016
817.877599900001	0.0001789462056776759	13.631293331666683
826.986125200001	0.0001584195831026395	13.783102086666682
840.145395200001	0.00020546312283718275	14.00242325333335
848.242217700001	0.000248505174977995	14.137370295000016
850.772373200001	0.0001029246195690009	14.179539553333349
878.607952000001	0.00014691906137084666	14.643465866666682
893.2853369	9.403810258314979e-05	14.888088948333332
897.839086	0.0001447083138018337	14.963984766666666
904.4183884	0.00015025117040261596	15.073639806666668
913.0224646	0.00014507885019841022	15.217041076666668
913.5279893	0.00011953082389103916	15.225466488333332
921.626355	0.00027205496097803465	15.36043925
928.7108033	7.111388331496938e-05	15.478513388333333
929.2175561	0.00014465791766609588	15.486959268333333
937.8202894	9.509685089481684e-05	15.630338156666665
945.9188854	0.00020895097821279216	15.765314756666667
946.4247322	9.96271272517857e-05	15.773745536666667
947.4363627	0.00015885558160604258	15.790606045
950.4729292	0.00017742498060907417	15.841215486666666
954.5214819	0.0001602089670876187	15.908691365000001
957.5589679	8.434633590589657e-05	15.959316131666666
963.632148	0.00017804567518102968	16.0605358
966.6685838	0.00014940576409293844	16.111143063333333
973.7540781	0.00016019089092833837	16.229234635
977.8020927	0.00016123548674118961	16.296701545
989.4417937	0.00013099507638127805	16.490696561666667
1013.734867	6.924888761245601e-05	16.895581116666666
1022.8445715	9.963161766414468e-05	17.047409525
1026.8927117	9.72756712262096e-05	17.114878528333335
1027.9056093	8.809614795910099e-05	17.131760155
1033.978518	8.293769809781268e-05	17.2329753
1051.1862012	5.830002205261704e-05	17.51977002
1054.7285329	0.00017509738843914183	17.578808881666664
1055.2345024	0.00010477518586242143	17.587241706666667
1055.7405755	9.144352942164456e-05	17.595676258333334
1065.8624408	7.524162485177549e-05	17.764374013333335
1079.5272761	8.823757155796939e-05	17.992121268333335
1083.0697217	1.691103626525606e-05	18.051162028333334
1091.1677526	0.00021002430982315103	18.18612921
1094.2040642	0.00010769065596414164	18.236734403333333
1116.4713327	3.7036057247162776e-05	18.607855545
1134.1848924	0.00015515761351064756	18.903081540000002
1139.2457318	8.982549267151833e-05	18.98742886333333
1142.2822601	6.030697493685642e-05	19.038037668333335
1145.8246701	7.07282505553352e-05	19.097077835
1156.4525715	0.00013260224429298466	19.274209525
1160.502058	0.00016301716149502493	19.341700966666668
1172.6477377	6.986649093261087e-05	19.54412896166667
1185.8067892	0.0001397983324188321	19.763446486666666
1191.8801576	5.327399563088267e-05	19.864669293333336
1193.3978708	0.00010005886345751149	19.889964513333332
1198.9653344	0.00011437046561116843	19.982755573333336
1201.4958634	3.1711126275534315e-05	20.024931056666667
1226.2933963	9.594902029412298e-05	20.43822327166667
1229.8368937	1.836094206989243e-05	20.497281561666668
1231.3547064	9.722097115363709e-05	20.52257844
1234.8976104	4.902171439121556e-05	20.581626840000002
1236.4160419	0.00012936666681114835	20.606934031666665
1237.4283875	0.00015945223743556085	20.623806458333334
1251.0925137	0.00010573264905331741	20.851541895
1251.598662	0.00012294845607793158	20.8599777
1266.2759224	0.0001715457237069096	21.104598706666664
1285.0008416	7.095164180354421e-05	21.416680693333333
1286.0132666	7.267460311415435e-05	21.433554443333332
1293.0984391	3.253407944822201e-05	21.551640651666666
1294.1107916	6.525212139642037e-05	21.568513193333334
1295.6283951	0.00010932982982331928	21.593806585
1356.8653175	0.0001107147076530392	22.61442195833333
1357.8783112	3.5961929565721845e-05	22.63130518666667
1364.4571029	0.00011475345885779673	22.740951715
1366.9873844	0.00015859622516203455	22.783123073333336
1368.5057578	0.00011992851894077179	22.808429296666667
1373.0610226	0.00033890638818989444	22.884350376666664
1374.5789174	0.000194767189591015	22.909648623333332
1378.6275651	6.70628375725825e-05	22.977126085000002
1397.8593059	0.00011102594306202883	23.297655098333333
1413.5481954	0.00013363211414734317	23.559136589999998
1415.0669403	0.0001379705896410534	23.584449005
1420.1273173	9.382598583359763e-05	23.668788621666668
1420.6334677	0.00018983472863503894	23.677224461666665
1429.2369371	0.00013304687797665503	23.82061561833333
1430.2499494	0.00014338465005599282	23.83749915666667
1436.828047	9.206970684870931e-05	23.947134116666668
1440.8770031	9.436580627255066e-05	24.014616718333333
1445.4314943	0.00014684839993594427	24.090524905
1468.7121	0.00010974314584247183	24.478535
1477.3163474	0.00012770284036462572	24.621939123333334
1479.8471732	0.00011862071188544076	24.664119553333332
1513.7551885	0.0001262260634545846	25.229253141666668
1520.3342921	0.0001179577047057667	25.338904868333334
1523.8762041	1.7295035667552058e-05	25.397936735
1524.3821449	7.551476932713865e-05	25.406369081666664
1525.395147	0.00012455202471517836	25.42325245
1529.9493573	0.0001661314661346621	25.499155955
1534.5047271	9.763309938396454e-05	25.575078785000002
1536.0229227	0.00016857836187864723	25.600382045
1543.1080465	0.00011856024004475411	25.718467441666668
1558.7974402	0.0001574595884897381	25.979957336666665
1571.4490697	0.00010730923298240129	26.190817828333333
1592.7054876	8.795627316705409e-05	26.54509146
1621.5519465	0.0001512403260575687	27.025865775
1628.6378125	0.0001353579164466021	27.14396354166667
1634.204454	0.00020768431983385254	27.236740899999997
1661.533514	0.00012241530723580913	27.692225233333332
1665.0759012	0.000225051619372522	27.75126502
1667.1002917	0.0001245616964434797	27.785004861666668
1671.1498638	0.00012001174329785659	27.85249773
1675.1986766	9.3537329746116e-05	27.919977943333333
1681.2717345	0.00014718175185488876	28.021195575
1686.8384593	0.00011945162614886983	28.113974321666667
1701.0096162	0.00012243036093940847	28.35016027
1713.6615726	0.00014090286520932537	28.56102621
1716.6983897	0.00014288329711146047	28.611639828333335
1720.2408771	0.00015402133744411736	28.670681285
1730.3629669	0.00011247590371043031	28.839382781666664
1731.3750847	0.00010959687729092557	28.856251411666666
1734.411405	4.746982421821639e-05	28.90685675
1748.5818936	0.0001384042715928875	29.14303156
1751.6188727	0.00025173052803899375	29.193647878333334
1758.1981878	0.00017670084163379135	29.30330313
1791.5997968	0.0001166912750307888	29.859996613333333
1794.6365066	0.00017787851383891363	29.910608443333334
1811.3379125	0.00026252733808515756	30.188965208333332
1818.929112	6.966692677726084e-05	30.3154852
1821.4590551	0.00011438755846785853	30.35765091833333
1830.5681879	3.8781795368997376e-05	30.509469798333335
1831.5808924	9.644010231036941e-05	30.52634820666667
1833.1000446	0.00026357022752831517	30.55166741
1837.1483714	3.341891918536706e-05	30.619139523333335
1845.2456973	0.0001688531659659929	30.754094955000003
1846.763572	0.00015856109908742087	30.77939286666667
1849.8008189	9.764658663130054e-05	30.83001364833333
1853.8492166	0.00013175374496778489	30.897486943333334
1861.4405933	0.00026660155724034175	31.024009888333335
1864.4766581	0.00011955639636601253	31.07461096833333
1867.5137695	0.0001481311013150603	31.12522949166667
1868.0203288	3.920037316324221e-05	31.133672146666665
1886.7450547	0.00017773342448175846	31.445750911666668
1897.3726197	0.0001354928040328598	31.622876995000002
1910.5311297	0.0001496970532453896	31.842185495000003
1912.5564378	0.00015827463982106635	31.87594063
1919.1351313	0.00012987876531901394	31.985585521666668
1923.6895398	0.0001415939776098992	32.06149233
1930.2688939	0.00014738235276893374	32.17114823166666
1931.7880552	4.348031452220609e-05	32.196467586666664
1941.9095282	0.00010155651890693938	32.36515880333334
1945.9583591	0.0001533942894420944	32.43263931833334
1946.9704087	0.00010687580247609162	32.449506811666666
1964.1771249	0.0001848355314723437	32.736285415000005
1975.3109148	9.390950364176855e-05	32.92184858
1989.988538	0.00017710883072867635	33.166475633333334
2021.3663672	0.00012634548345892606	33.689439453333335
2030.9811416	8.834426618668285e-05	33.849685693333335
2040.0919091	0.00016772116788110817	34.00153181833333
2045.6590321	0.00010407862601857983	34.09431720166667
2047.1770203	0.0001017027953739757	34.119617005
2057.2984997	5.44877745578418e-05	34.28830832833333
2067.9261028	0.00015156729277210367	34.46543504666667
2077.0360993	0.00011600461453531991	34.617268321666664
2085.6399416	0.00024009347176893705	34.76066569333333
2094.7496158	0.00013634537845118717	34.912493596666664
2098.7976136	0.00011896218921128068	34.97996022666667
2105.8839487	0.00015591347586012266	35.098065811666665
2111.4510623	9.005847760536705e-05	35.190851038333335
2113.4749279	0.0001480583647697963	35.224582131666665
2116.0048362	9.096831720622187e-05	35.26674727
2118.0302932	8.830644860708046e-05	35.300504886666666
2128.6584582	0.00016926398988341022	35.47764097
2132.7068474	0.00012566930514161596	35.54511412333333
2151.4319338	6.250624332220098e-05	35.85719889666667
2152.9507229	0.00014657131577658938	35.88251204833333
2166.1085304	0.0001905570185426849	36.10180884
2167.6263452	0.0001916053805712706	36.12710575333333
2169.1459622	0.00010537920969994989	36.15243270333334
2177.2422847	0.00010264657074914889	36.28737141166666
2199.0040189	0.0001282001754167579	36.65006698166667
2200.0166745	9.413890605502575e-05	36.666944575
2206.0905652	0.0001491192795338678	36.76817608666667
2213.1750194	0.00012664087797878735	36.886250323333336
2214.1876474	9.906308213592353e-05	36.90312745666667
2218.2363495	2.9255558556125665e-05	36.970605825
2233.9255964	0.00011556546619737435	37.232093273333334
2238.9862063	0.00014141541489386033	37.316436771666666
2249.6143011	9.879789177396656e-05	37.493571685
2259.7359754	6.306565877026912e-05	37.66226625666666
2260.2416123	9.019274850302035e-05	37.67069353833333
2286.052508	0.00010291356164595228	38.10087513333334
2294.6564509	0.00012530019839198078	38.24427418166667
2297.693196	7.727983832725435e-05	38.294886600000005
2298.1997425	0.0002051540731695689	38.303329041666665
2298.7047741	8.753462306966058e-05	38.311746235
2302.7537955	0.00018387257270177312	38.379229925
2310.3448965	0.00017587567966146308	38.505748274999995
2311.8628587	6.928689329300145e-05	38.531047644999994
2319.9604714	0.00010186227486296006	38.66600785666667
2322.9971763	0.00010616430363332387	38.716619605
2325.0222095	5.473487941519351e-05	38.75037015833333
2332.6131253	0.00011411151955789937	38.876885421666664
2345.265401	0.00013258534048085416	39.08775668333333
2348.8088398	9.930795482401233e-05	39.146813996666666
2356.3993242	0.00012069661001337191	39.27332207
2359.4362503	5.448785310074804e-05	39.323937505
2369.0522211	9.070740882212012e-05	39.484203685000004
2374.1128564	0.00012277766750786855	39.56854760666667
2379.1741933	8.415303831110004e-05	39.65290322166666
2380.1854821	0.00023304051955892312	39.669758035
2389.2956314	4.9666382970719754e-05	39.82159385666667
2390.8140871	0.00011383028987877074	39.84690145166667
2391.3195338	0.00013906218010870027	39.85532556333333
2401.9481181	0.000130060799163976	40.032468635
2406.5027964	8.028221836763395e-05	40.10837994
2418.6491786	0.00011225143853295869	40.31081964333334
2426.747038	1.5803553213437043e-05	40.44578396666667
2466.7275696	0.0001013560114910129	41.11212616
2480.3927679	6.48593812581334e-05	41.339879464999996
2482.9235496	1.6095811635691497e-05	41.382059160000004
2491.5258468	0.0001361462019665904	41.52543078
2499.6236675	0.00016671939743434432	41.660394458333336
2516.3249734	7.516030328778445e-05	41.93874955666667
2553.2692461	0.00010186337007242962	42.554487435000006
2555.2936005	0.00016109789244492115	42.588226675
2569.4645891	0.00017845955009965217	42.824409818333336
2577.0562685	0.00014806680847972176	42.950937808333336
2578.0681171	6.844713058805738e-05	42.967801951666665
2582.1173352	3.287578317901902e-05	43.03528892
2593.7575468	0.00012878248019430527	43.22929244666667
2614.5064423	0.0001505744475162565	43.57510737166667
2621.5927418	0.00010797840431913617	43.69321236333334
2637.2812583	0.0001683153207736461	43.95468763833333
2638.7990912	0.00013016833685619136	43.979984853333335
2639.3049217	0.0001477758802557821	43.98841536166666
2645.8840065	0.00019902483752968713	44.098066775
2657.5246622	0.00011599641057112082	44.292077703333334
2658.0313944	8.029346990141929e-05	44.30052324
2677.2624198	0.00019515778742953906	44.62104033
2678.7807399	0.0001387393786299901	44.646345665
2679.7930322	8.397782985291883e-05	44.66321720333334
2687.8897409	0.00016171298581642353	44.798162348333335
2702.0608744	0.00013757574664655483	45.03434790666667
2714.2066245	0.00014988970073109246	45.236777075
2714.7133549	7.337135423689825e-05	45.24522258166667
2719.7736171	7.524270857482175e-05	45.329560285
2734.9572044	0.00015044601850006518	45.58262007333334
2743.054118	0.00015490104485595414	45.717568633333336
2747.1040253	6.248905014931744e-05	45.785067088333335
2748.1157861	0.00010723092044004553	45.80192976833334
2749.1276568	7.211397869855278e-05	45.81879428
2758.7431323	0.00015594691534569	45.979052205
2761.7797581	0.00015356287312990019	46.029662635
2778.987637	0.00010150378762284435	46.31646061666667
2790.6273535	0.00017231305251084734	46.510455891666666
2850.3457272	0.000173134221127145	47.50576212
2852.8761651	0.00013165164103915865	47.547936084999996
2854.9008614	0.00017335763795898738	47.58168102333333
2860.9737565	8.068691258277907e-05	47.682895941666665
2876.6634479	3.641295937224058e-05	47.94439079833333
2883.748977	0.00010257556031162927	48.06248295
2888.8093835	0.0001420286987110747	48.14682305833333
2891.8462092	0.00016567286872765246	48.19743682
2894.8824874	7.969370677879159e-05	48.24804145666667
2899.4367025	0.00011381611833169318	48.32394504166667
2905.5097724	0.00018672631244449352	48.425162873333335
2907.0285105	0.0001436183717342219	48.450475174999994
2912.5959389	0.0001640526761304202	48.54326564833333
2924.235393	8.936819217421289e-05	48.73725655
2929.2970845	9.176143219336636e-05	48.821618074999996
2943.4671141	0.0001147717884351391	49.057785235
2943.9739822	0.00013346197746940354	49.06623303666667
2961.1809745	0.00011479663539345954	49.353016241666666
2983.4487896	0.00014545289258076612	49.724146493333336
2989.5225783	8.070833717122979e-05	49.825376305
2994.0761493	0.00012168308078271914	49.901269155
2997.1129968	0.00014812358946274243	49.95188328
3010.2717221	9.32785389611572e-05	50.17119536833333
3011.2838496	0.00014115079050539908	50.188064159999996
3012.8017958	9.327591556140869e-05	50.213363263333335
3018.36968509999	0.00016001973294484567	50.30616141833317
3021.91262989999	0.0001000324129049623	50.36521049833316
3023.4296285	0.00012959469407367608	50.39049380833333
3024.4427086	0.00012951914827312932	50.407378476666665
3034.057633	0.00011167222598026638	50.567627216666665
3050.25232829999	0.0001074439966170984	50.83753880499983
3069.99121339999	0.00014185052733224214	51.166520223333166
3080.11262949999	0.00014575642462417234	51.3352104916665
3082.13650029999	5.760667999934673e-05	51.3689416716665
3088.21023709999	6.0491816257887285e-05	51.47017061833317
3111.99607649999	0.0001138332684414353	51.86660127499984
3114.52616839999	0.00012113515253626034	51.90876947333317
3126.67325239999	0.0001273267658303798	52.11122087333317
3133.25223599999	4.673844558855843e-05	52.22087059999983
3150.96577459999	0.0001585135936686001	52.516096243333166
3157.03911439999	0.00013015194578627935	52.617318573333165
3170.19716549999	0.00014096830784011998	52.83661942499984
3204.61069589999	0.00016990158909645074	53.41017826499983
3217.26305049999	0.00013140758644155295	53.6210508416665
3229.91611159999	0.00013473175877602375	53.831935193333166
3232.95228209999	6.892096870007556e-05	53.88253803499983
3237.00075929999	0.00019338401259962095	53.95001265499983
3287.61052949999	0.00018484953040195264	54.79350882499984
3292.16619829999	9.886310313698679e-05	54.86943663833316
3295.20177829999	0.0001110254525105742	54.92002963833317
3304.81735789999	8.068819071506216e-05	55.08028929833316
3322.02422839999	0.00012340016130820095	55.367070473333165
3354.41515719999	0.00012637613400505836	55.9069192866665
3370.10398909999	0.0001241539179773456	56.168399818333164
3386.29917429999	0.00013057238552577723	56.438319571666504
3387.81731039999	7.466655064934912e-05	56.46362183999984
3392.37165449999	0.00016108131998402944	56.53952757499984
3395.40877829999	0.00010886555636892966	56.590146304999834
3404.51792499999	0.00011278056709440925	56.7419654166665
3407.55437539999	0.00012891396737801093	56.79257292333317
3418.68874289999	4.312669755217057e-05	56.97814571499983
3425.26788349999	0.0001373186628471122	57.08779805833317
3433.36514399999	0.00012703788721617448	57.222752399999834
3450.06667829999	0.00013709709475842924	57.50111130499984
3458.16379289999	0.0002704961555240567	57.63606321499983
3462.71825379999	0.0001404692070413538	57.7119708966665
3477.39587739999	0.00010138972922042997	57.9565979566665
3478.40782649999	9.639771703613585e-05	57.97346377499983
3486.50518089999	8.277472537881824e-05	58.108419681666504
3487.01090489999	0.00014387118583295938	58.11684841499983
3495.10858759999	0.00011178866966388174	58.25180979333317
3495.61501029999	0.0001246821435547332	58.2602501716665
3501.18130449999	8.338140976237767e-05	58.353021741666495
3505.23089959999	0.00013714330779800328	58.42051499333317
3511.30387199999	5.3886126899485974e-05	58.521731199999834
3516.87123429999	9.629763900847419e-05	58.6145205716665
3517.37715299999	0.00022786912563012857	58.62295254999983
3521.93143749999	4.465655340720803e-05	58.6988572916665
3523.95549839999	0.00012321013695189913	58.73259163999983
3524.96859639999	7.869146335113301e-05	58.7494766066665
3529.01669269999	0.00014704895880842303	58.81694487833317
3532.55976299999	9.912416507239488e-05	58.875996049999834
3539.13903849999	0.00015222710740091241	58.9856506416665
3541.16334069999	8.904677630097928e-05	59.0193890116665
3542.17518109999	0.00011295830027937778	59.03625301833316
3554.827821	0.0001240964478664926	59.24713035
3567.9864621	0.00019680725506401368	59.466441035
3575.57730549999	4.691578852014915e-05	59.5929550916665
3581.1450487	0.0001344532683886862	59.68575081166667
3585.19297259999	7.56636909436294e-05	59.75321620999983
3589.74832149999	0.00010902754041677955	59.8291386916665
3590.76078199999	7.449516280154176e-05	59.846013033333165
3592.27909329999	0.0001242068392116348	59.8713182216665
3593.79671029999	7.550050081080374e-05	59.896611838333165
3616.0652241	7.08436550215957e-05	60.267753735
3617.0774502	7.84818066855615e-05	60.28462417
3624.6687282	5.8806653615619926e-05	60.411145469999994
3629.2242109	0.00010964100138073329	60.48707018166667
3631.753497	7.707637007545748e-05	60.52922495
3646.936577	0.00010361491032448967	60.78227628333333
3655.0347761	0.0001661428429941343	60.91724626833333
3655.5408114	0.00011286822896076578	60.92568019
3658.5769975	0.00011697109520800576	60.97628329166666
3675.7844238	7.862723055448543e-05	61.263073729999995
3682.3628097	4.334091390450116e-05	61.372713495
3698.0525015	0.00014260824993064843	61.63420835833333
3698.558218	7.900650033768907e-05	61.64263696666667
3709.6920775	0.00016202735459513047	61.828201291666666
3717.79045369999	5.19816341751725e-05	61.963174228333166
3745.11862839999	2.5276424306554603e-05	62.4186438066665
3750.17917089999	0.00012612102392139862	62.5029861816665
3755.24102549999	8.767611095749057e-05	62.58735042499983
3756.25276729999	0.0001373105919548993	62.604212788333164
3762.32636669999	0.00010509530523556327	62.70543944499983
3769.91811399999	0.0001330826089374285	62.831968566666504
3781.0516225	0.00012692506296980996	63.01752704166667
3802.3069292	0.00010963275910771524	63.371782153333335
3830.6482787	0.00010850107213771282	63.844137978333336
3841.2762591	0.00018413469122945667	64.021270985
3848.3614561	0.000128249574694264	64.13935760166666
3874.1733851	9.697482406866403e-05	64.56955641833333
3889.86187909999	8.470611114494344e-05	64.83103131833316
3904.53878799999	6.95754803818729e-05	65.0756464666665
3910.1058973	8.269683211320832e-05	65.16843162166667
3926.3000172	0.0001622849724115547	65.43833362000001
3939.9644714	0.00011897855799465706	65.66607452333334
3959.7029311	0.00012463180817548158	65.99504885166667
3987.0314533	0.0001717741358112761	66.45052422166667
4018.9153351	0.00012681174643456553	66.98192225166666
4028.5307998	0.00016350160167354508	67.14217999666667
4032.0738608	1.1068501479858647e-05	67.20123101333334
4036.6289014	7.155576335508817e-05	67.27714835666667
4037.1346938	5.9768013695276264e-05	67.28557823
4048.77515499999	0.00011575153622700117	67.4795859166665
4051.30548509999	0.00011052265407401145	67.52175808499983
4071.54923579999	9.917652808536134e-05	67.85915392999983
4076.60924149999	0.00016027080439723047	67.94348735833316
4077.11610189999	2.5827754703879827e-05	67.95193503166651
4089.76763849999	0.0001345704093465266	68.16279397499983
4092.29849779999	8.81218324388846e-05	68.20497496333317
4094.8297607	0.00012399984661866362	68.24716267833334
4116.5912957	0.00016208752048569967	68.60985492833333
4122.66490459999	9.751489230408858e-05	68.71108174333317
4128.2318966	0.0001619737423136155	68.80386494333334
4140.3770597	0.00012222892545066393	69.00628432833334
4148.47442529999	0.0001452183961742252	69.1412404216665
4151.0055697	8.169279613701829e-05	69.18342616166666
4157.58443029999	0.00011532603267238814	69.29307383833317
4162.64581679999	8.442180430376364e-05	69.37743027999983
4173.2736257	0.00012196899752174547	69.55456042833333
4181.3714623	7.956729403893343e-05	69.68952437166666
4182.3826157	0.00012212191985467002	69.70637692833334
4185.419266	7.851211268820959e-05	69.75698776666667
4192.5045095	6.251032097080989e-05	69.87507515833333
4193.0110755	8.144569673469242e-05	69.88351792499999
4198.0713892	5.277555436321896e-05	69.96785648666668
4199.0846023	0.000126819060904854	69.98474337166667
4200.6020929	9.874100379910852e-05	70.01003488166666
4239.0657394	9.54785544696428e-05	70.65109565666667
4242.1026598	7.565781816010307e-05	70.70171099666666
4246.1510898	1.262566641423751e-05	70.76918483
4250.1999092	0.00011705037109771001	70.83666515333333
4250.7061281	7.354629013680628e-05	70.84510213499999
4270.4436943	0.00010006750100385781	71.17406157166667
4270.9493482	7.0834936888316e-05	71.18248913666666
4274.4918525	7.779009454274704e-05	71.24153087500001
4275.5037365	8.925189217858482e-05	71.25839560833333
4282.0832942	0.00012602152083176227	71.36805490333333
4293.2171522	6.56142690789952e-05	71.55361920333333
4298.2788759	9.200440593166283e-05	71.637981265
4299.2900466	0.0001059049726664891	71.65483411
4310.4242611	0.00012861329985904777	71.84040435166666
4317.0033206	0.0001566520141651397	71.95005534333333
4330.1628339	0.00011015577756877295	72.169380565
4356.9848781	0.00010117649451409861	72.616414635
4370.6494688	0.00012433793656264046	72.84415781333334
4373.6866311	0.00013168711940048626	72.89477718500001
4385.32645789999	0.00011263024801026324	73.08877429833316
4407.08762249999	7.536005573568204e-05	73.45146037499984
4408.10028349999	0.0001466301664964308	73.46833805833316
4409.11321419999	9.849345555107208e-05	73.48522023666649
4435.42903949999	0.00013221385762226306	73.92381732499983
4437.45389269999	0.0001528662546627924	73.95756487833317
4453.6493688	8.581695868201164e-05	74.22748948
4457.1914224	0.0002745030200511508	74.28652370666667
4472.3740159	0.00016760962787898433	74.53956693166667
4491.0992635	0.00010431570023660697	74.85165439166667
4493.1239004	9.905387572253412e-05	74.88539834
4501.7273694	3.2259016395082426e-05	75.02878949
4507.801084	3.506315947850092e-05	75.13001806666666
4524.5013597	1.4978244100444105e-05	75.408355995
4536.6481362	0.00011730407547873664	75.61080227000001
4538.1669362	0.0001362595447674198	75.63611560333334
4557.3979791	0.00011760162049002183	75.956632985
4571.0617445	8.756261167063676e-05	76.18436240833333
4572.0752316	0.0001267142032375854	76.20125386
4585.2328418	8.398517638177315e-05	76.42054736333333
4586.7507098	0.0001152981603189562	76.44584516333333
4599.40369819999	1.101185756822947e-05	76.65672830333317
4606.4892561	9.22363228122929e-05	76.774820935
4633.81815379999	8.182013258978216e-05	77.23030256333317
4663.17143679999	0.0001333510150546407	77.7195239466665
4669.75017809999	0.00010161408676343362	77.82916963499983
4688.47580249999	6.931270613698178e-05	78.14126337499984
4703.65822709999	8.313774955564933e-05	78.39430378499983
4708.71940389999	8.455488797914536e-05	78.47865673166649
4742.62796829999	6.413435826145869e-05	79.0437994716665
4760.34109299999	0.00010314530751287443	79.3390182166665
4761.85980659999	0.00014319765671051495	79.36433010999984
4777.04212089999	7.63452062522758e-05	79.61736868166649
4785.13884919999	0.0001354067047804063	79.75231415333316
4788.68183979999	0.000119856321304275	79.81136399666649
4806.39552149999	9.09903074989484e-05	80.10659202499983
4816.51662869999	8.118536763951246e-05	80.27527714499983
4818.54103249999	0.00016221958806827218	80.30901720833317
4838.27951069999	0.000149912156954542	80.63799184499983
4851.43783439999	0.00010571898236151331	80.85729723999982
4890.91243639999	0.00011970774101622508	81.51520727333316
4895.467721	7.747920890709035e-05	81.59112868333334
4900.529427	7.249119459268322e-05	81.67549045000001
4909.1316536	6.422846317218311e-05	81.81886089333334
4927.3514358	0.00011833651538077621	82.12252393
4945.5710147	8.533724227448097e-05	82.42618357833334
4949.1136847	8.719246380648802e-05	82.48522807833334
4958.7288248	9.793711540057402e-05	82.64548041333335
4989.6008765	1.3698855323649155e-05	83.16001460833333
5007.314152	0.00010066275548864939	83.45523586666667
5023.5096985	0.0001348400601030108	83.72516164166667
5026.0398381	7.306560044650657e-05	83.76733063500001
5030.5940646	9.270969269760012e-05	83.84323441
5036.6672889	8.520583294787838e-05	83.944454815
5045.2709963	0.000108499022494788	84.08784993833333
5068.0454365	0.0001299906964513038	84.46742394166667
5076.1424029	0.00011886306759799937	84.60237338166667
5079.1793184	0.0001036557902418488	84.65298864
5106.0015855	8.870649819700325e-05	85.100026425
5113.593083	0.0001054571617239782	85.22655138333333
5118.6542544	8.287294791220897e-05	85.31090424
5131.8125239	0.00010622084355729634	85.53020873166666
5152.0569544	0.00017113534678689802	85.86761590666667
5159.6474673	0.00010700095407171238	85.994124455
5167.7449909	0.0001675676884276046	86.12908318166666
5184.9521902	0.00010427336487118705	86.41586983666666
5186.4710855	7.639514497870332e-05	86.44118475833334
5203.6777288	8.877016415484894e-05	86.72796214666667
5208.2330713	9.533931970098765e-05	86.80388452166667
5208.7384985	7.942285718780664e-05	86.81230830833333
5221.8982242	0.00013520419051915787	87.03163707
5266.9400918	6.200495851774328e-05	87.78233486333333
5267.9517693	0.00013052649037575682	87.79919615499999
5292.245023	9.492591619411664e-05	88.20408371666667
5304.3902146	0.00010139200006929302	88.40650357666667
5318.0553929	7.548266631245364e-05	88.63425654833333
5333.2382129	8.66852207587548e-05	88.88730354833334
5337.2866319	9.000659113422328e-05	88.95477719833335
5363.6028263	0.00010946758721576729	89.39338043833332
5371.700795	1.1102736084262365e-05	89.52834658333333
5376.762012	0.00014057483803788	89.6127002
5380.8113467	0.00012810551649642782	89.68018911166668
5389.4140622	0.00012042626409554514	89.82356770333334
5399.0297494	0.00013964752660702807	89.98382915666666
5417.755927	5.456976969314596e-05	90.29593211666666
5423.3229587	6.026124236454248e-05	90.38871597833332
5427.3708213	0.00011688147509312006	90.456180355
5429.3961742	0.0001338228979867061	90.48993623666667
5430.4081967	0.00016167955424271064	90.50680327833334
5436.4810573	0.00011833166816389814	90.60801762166668
5447.1085651	0.00010264687077919549	90.78514275166667
5464.8213587	6.587268456889946e-05	91.08035597833333
5488.6087042	0.0001341157530495769	91.47681173666666
5496.7052512	0.00011080354834449885	91.61175418666667
5497.7176804	7.054958902289592e-05	91.62862800666667
5499.2358373	9.734610507272381e-05	91.65393062166666
5518.97340140001	6.741851935652088e-05	91.9828900233335
5539.7231009	0.00020023425026689085	92.32871834833333
5546.8090706	0.0001055735385851988	92.44681784333333
5555.9193351	9.672581774617654e-05	92.598655585
5570.0900598	6.460749519595271e-05	92.83483432999999
5627.7839527	0.0001655726826387555	93.79639921166667
5641.9548683	0.0001650228285897258	94.03258113833334
5657.1366822	0.00015570731271772142	94.28561137
5661.1858339	0.00010642003273934407	94.35309723166667
5680.92342720001	0.0001166767408999385	94.68205712000017
5683.96062560001	7.65699054927853e-05	94.73267709333349
5692.05774790001	0.00014922379297685787	94.86762913166685
5709.77100440001	6.389163158186442e-05	95.16285007333349
5711.79604950001	0.00012743455315927053	95.19660082500016
5712.30151550001	5.3948165301516025e-05	95.2050252583335
5726.47130400001	6.895505142342928e-05	95.44118840000016
5729.00175390001	0.00012159211660155321	95.48336256500016
5740.64193210001	0.00010766367002785089	95.67736553500018
5748.74010610001	7.477593351320653e-05	95.81233510166683
5754.306743	0.0002199473198039388	95.90511238333333
5762.404612	0.00011091972506763504	96.04007686666667
5771.51392540001	9.893014118744435e-05	96.19189875666683
5779.10526190001	0.0001230465344065816	96.31842103166683
5788.72158590001	9.03960400736451e-05	96.4786930983335
5798.84363210001	0.00014488673009721185	96.6473938683335
5799.34929380001	9.808136105586341e-05	96.6558215633335
5833.76322520001	6.694809466776877e-05	97.22938708666683
5881.33691760001	2.7308275860686704e-05	98.02228196000016
5881.84268330001	0.00012095546627240099	98.0307113883335
5891.96479440001	9.325175107513017e-05	98.19941324000017
5898.5436961	0.00013167854511075892	98.30906160166666
5955.73145780001	6.796238168482029e-05	99.2621909633335
5980.53089830001	3.499331728340081e-05	99.67551497166684
6027.59662260001	0.000164690605499798	100.45994371000016
6041.26138480001	0.00013610288219571595	100.68768974666683
6047.84137720001	0.00019919178136322985	100.79735628666684
6054.41995540001	0.0001181322482427828	100.90699925666682
6063.02377000001	0.0001579275958082677	101.05039616666683
6068.08461650001	0.00010912357650540333	101.13474360833351
6076.68798100001	0.00014722236875677573	101.27813301666683
6085.29134980001	7.195114749185779e-05	101.42152249666682
6097.94425960001	1.238523020014532e-05	101.63240432666683
6098.45053450001	5.584013446528862e-05	101.64084224166683
6126.79122220001	9.87845789062349e-05	102.11318703666684
6138.43204320001	0.00010068562113439133	102.30720072000017
6148.04779520001	0.0001446947360474431	102.4674632533335
6159.18063820001	0.00013881728745113203	102.65301063666683
6165.76042060001	1.2467936622984559e-05	102.76267367666682
6176.38801530001	0.00012632233573237804	102.93980025500016
6178.41220530001	0.00014112628798614458	102.97353675500017
6226.99795430001	0.00014025899965332692	103.7832992383335
6228.01070250001	9.989033778134874e-05	103.80017837500016
6245.21686930001	7.493796028343821e-05	104.08694782166684
6254.32647830001	0.00013056258171747793	104.23877463833351
6273.55828910001	8.775626255043608e-05	104.5593048183335
6293.80136260001	0.00010546468060303256	104.89668937666684
6295.32046400001	5.397986392311362e-05	104.9220077333335
6331.25243670001	9.133370914181196e-05	105.52087394500016
6334.79489820001	2.777091664052017e-05	105.57991497000016
6338.84434990001	9.586074351468207e-05	105.64740583166683
6366.17251460001	0.00012289541600098315	106.1028752433335
6386.4169371	0.0001274209669567525	106.440282285
6387.4292688	5.7830699175793705e-05	106.45715448
6417.794395	1.2258303706829319e-05	106.96323991666667
6418.8071276	5.8328935949377023e-05	106.98011879333333
6459.293742	0.00011171329565706733	107.6548957
6461.8242307	0.00017370998348655728	107.69707051166667
6471.4399547	4.314878807157016e-05	107.85733257833334
6487.1289402	8.63221099881576e-05	108.11881567
6492.1913976	0.00010857332784434842	108.20318995999999
6501.8077399	7.958787948947992e-05	108.36346233166667
6518.5075915	0.00014081672063733048	108.64179319166666
6520.0258059	9.648130416524652e-05	108.667096765
6522.5568389	0.00011518007668678987	108.70928064833333
6523.5696174	0.00013452807194979933	108.72616029000001
6544.3189566	6.878983513730613e-05	109.07198261
6552.4165497	0.00027244606641564054	109.206942495
6562.0321413	6.026918691458079e-05	109.367202355
6569.1178998	0.00013179767780994775	109.48529832999999
6570.6354693	0.00013989218653899494	109.510591155
6623.26908860001	0.00013061741890344535	110.3878181433335
6649.0797007	0.00012771435532907776	110.81799501166667
6653.1289637	2.7001660342479713e-05	110.88548272833333
6653.6345506	0.00016422987648754612	110.89390917666667
6658.1891337	3.6161553629877865e-05	110.96981889499999
6658.6959976	2.923431572256366e-05	110.97826662666667
6665.2749627	0.00015726931177395228	111.087916045
6673.3723414	0.00011790534209025062	111.22287235666666
6685.5183522	0.00014611039844193694	111.42530587
6693.6164379	0.00013673226967021886	111.56027396500001
6695.6408339	0.00015544977501796075	111.59401389833333
6697.1593008	0.00010096024409943462	111.61932168
6709.810922	4.04857448115152e-05	111.83018203333333
6726.5128424	0.0001057089364373255	112.10854737333334
6728.5367898	6.001030891378126e-05	112.14227983
6729.0427028	7.807746985707185e-05	112.15071171333334
6800.907408	0.00010817571700131407	113.3484568
6811.0296333	0.00010250167286577365	113.51716055499999
6830.7678232	6.26308321951384e-05	113.84613038666666
6832.7919295	8.011828567233176e-05	113.87986549166666
6834.3099762	0.0001250879735883363	113.90516627000001
6837.852603	6.66039934007453e-05	113.96421005
6845.9495646	0.0001547420942746766	114.09915941
6854.5534761	8.623744955897958e-05	114.242557935
6858.0956742	0.00013140437584346966	114.30159456999999
6860.6274606	0.00018832679011715714	114.34379100999999
6866.1931924	9.492712577922618e-05	114.43655320666667
6870.242903	8.261602999093863e-05	114.50404838333334
6870.7490212	0.00010215513099157615	114.51248368666667
6872.772609	0.0001679865675563923	114.54621015
6877.833788	8.609973303988098e-05	114.63056313333333
6907.6933477	0.00010296532371081853	115.12822246166667
6922.8755793	0.00015116373809847544	115.381259655
6936.5400204	0.00010585376647914414	115.60900034
6944.1325149	7.425066705841212e-05	115.73554191500001
6958.8087192	0.00011668920451065844	115.98014532
7009.4176567	8.513835115928717e-05	116.82362761166668
7019.5399382	0.00011343419807916345	116.99233230333333
7031.6854053	7.250188322941863e-05	117.194756755
7041.3024011	9.768908458866822e-05	117.35504001833333
7050.4111056	0.00018018369267958493	117.50685176
7065.0875281	0.00012186395607898034	117.75145880166666
7066.1005588	9.496925958587312e-05	117.76834264666667
7073.6913677	8.984546024519188e-05	117.89485612833333
7108.6116603	6.506864475346718e-05	118.476861005
7115.6968315	0.00016267660760477547	118.59494719166668
7117.2157018	0.0001353606511979822	118.62026169666666
7134.9294633	0.00013166409408099864	118.915491055
7157.7033441	0.00013043486395616962	119.295055735
7195.1534955	0.0001686263321989689	119.919224925
7202.2386894	4.118923422219183e-05	120.03731149000001
7217.422646	0.0001377678026616106	120.29037743333333
7218.9404681	0.00013214298507819124	120.31567446833333
7231.0869789	8.508841226730169e-05	120.518116315
7243.2322279	3.238041491011986e-05	120.72053713166666
7243.7395061	9.379116566082918e-05	120.72899176833333
7252.8486246	0.00013207196162936852	120.88081041000001
7253.8611677	0.00013509527795778885	120.89768612833333
7278.1529125	0.00013772299675062787	121.30254854166667
7305.9886893	0.00015927095221038426	121.766478155
7323.1956342	0.0001496881195475287	122.05326057
7329.2681631	0.0002115537689385537	122.154469385
7349.5123468	4.895168604564201e-05	122.49187244666668
7353.5610001	0.0001581495030114917	122.55935000166666
7354.067258	9.243849262599966e-05	122.56778763333334
7359.6341661	0.00013514702146157352	122.660569435
7377.8536809	1.593855792178206e-05	122.96422801499999
7402.1466465	0.00015340886423562285	123.36911077500001
7404.6770291	0.00022975380684228718	123.41128381833333
7414.2926212	0.00014222948809645449	123.57154368666667
7429.98099159999	9.738955250519344e-05	123.83301652666651
7438.07909819999	0.00022713035308903083	123.96798496999983
7453.76785759999	0.00013962874355192122	124.22946429333317
7461.86518319999	0.00020879770001302754	124.36441971999983
7467.93811599999	0.00019998853622198225	124.46563526666651
7469.96233519999	7.808011708955599e-05	124.49937225333316
7491.72480469999	7.844845192800597e-05	124.86208007833316
7494.76129579999	0.0002352936460694537	124.91268826333317
7534.23561389999	0.00020993236785834607	125.57059356499984
7541.32196909999	0.00014795012550252026	125.68869948499984
7573.20507389999	0.00018730943562529184	126.22008456499982
7596.48546939999	0.0002260897243858598	126.60809115666649
7607.11337779999	0.00015436240677414555	126.78522296333317
7652.66231999999	0.00018969602990915948	127.54437199999984
7705.8011508	0.00011772806392468057	128.43001918
7724.0208181	0.0001429733550514421	128.73368030166665
7733.1306168	2.004331136883345e-05	128.88551028
7743.7581687	0.00029407727438759105	129.062636145
7758.9409788	0.00015083683277555563	129.31568298
7776.1490253	0.00020970523487465084	129.602483755
7782.7275205	2.199197439547728e-05	129.71212534166665
7790.3195469	0.0003088768115942029	129.838659115
7791.8370439	0.00018311550715823858	129.86395073166668
7837.8915506	0.00016041552766185718	130.63152584333335
7865.2214714	0.00013106178365222685	131.08702452333333
7898.6222863	0.0001831164746584039	131.64370477166668
7899.1290712	0.00022561128761473348	131.65215118666666
7918.3604204	0.0002923211069954444	131.97267367333333
7921.3976829	0.00013858691221646028	132.023294715
7937.592009	0.0001497460152001929	132.29320015
7939.6164299	0.00020139977441385997	132.32694049833333
7947.7146332	0.00024810794374478833	132.46191055333333
7967.9582877	0.00020151723901373747	132.799304795
7969.4761238	0.00025869034908401186	132.82460206333334
8005.4081046	0.00012673921061206268	133.42346841
8028.68834879999	0.0001321689874911494	133.81147247999985
8033.24372619999	0.00019265379145565914	133.8873954366665
8078.28620989999	0.00017841290006581666	134.63810349833318
8089.42050189999	0.00019927142891606957	134.8236750316665
8093.97480139999	0.000236186191467968	134.89958002333316
8113.20646079999	0.0002701819224944796	135.22010767999984
8135.98096589999	0.0002656849933856032	135.59968276499984
8152.68216129999	0.00011166945840312674	135.8780360216665
8188.61443469999	0.000347717890350708	136.47690724499984
8195.69971859999	0.00014509207222570297	136.59499530999983
8228.0887099	0.00010057214939866446	137.13481183166667
8235.17491929999	8.476197511502057e-05	137.2529153216665
8260.98573129999	2.1183169454057943e-05	137.6830955216665
8272.62557569999	0.00015754373470007962	137.87709292833318
8275.66237909999	0.00012453471086374136	137.92770631833315
8283.75971829999	0.0001435784876778383	138.0626619716665
8284.77154769999	0.0002427223193809904	138.07952579499982
8301.97914559999	0.0002134838963443076	138.36631909333315
8302.48466049999	0.0001143426762049959	138.37474434166649
8303.49757859999	0.0002986452631055008	138.39162630999985
8308.55863909999	0.0001052812572696938	138.47597731833318
8340.44234849999	0.0002616299687969859	139.00737247499984
8347.52663159999	0.0002914386013970159	139.12544385999985
8371.31354349998	0.00022256769886400116	139.52189239166634
8403.19752149999	0.00017524670505979537	140.05329202499982
8425.97216109999	0.00025796465884173866	140.43286935166648
8471.52133959998	0.0002116665287557894	141.19202232666632
8500.36850749999	0.00022145162000199213	141.67280845833318
8534.78280979998	0.0001661055830091172	142.24638016333301
8540.85601759998	0.0002650120128333858	142.347600293333
8559.58158179998	4.355440743986709e-05	142.65969302999966
8565.14813359998	0.00020271559399643856	142.752468893333
8589.44016519998	0.0002894531044422511	143.15733608666633
8625.87967509997	0.0001966243823530779	143.76466125166615
8630.93999119997	0.0002346796647124757	143.84899985333283
8647.13575979998	0.00022188335653826604	144.11892932999965
8648.14675229998	0.00026637746612209436	144.13577920499966
8673.95780679998	0.0002440634892211749	144.56596344666633
8710.39603609997	0.00011601165251467143	145.17326726833284
8735.70111739997	0.00018129449127210408	145.59501862333283
8746.32970749997	5.356496988567565e-05	145.77216179166618
8749.36611719997	0.00021769691244550896	145.8227686199995
8788.33484009998	0.00019026205990721373	146.47224733499968
8795.41966789998	0.00022699896558028314	146.590327798333
8827.81018639998	0.00012862824905871854	147.130169773333
8853.11518599998	0.0001534228736665541	147.55191976666634
8860.19947349998	0.00021668624486949684	147.66999122499968
8866.77986369998	0.00010338069719150755	147.77966439499966
8883.48080649998	0.0003008814138239544	148.05801344166633
8892.08408879997	0.0001431104502529466	148.20140147999948
8906.76056119997	0.000273736004516157	148.44600935333284
8908.78587439997	0.00020341058231388784	148.47976457333283
8928.01617209997	0.00020139938847822043	148.8002695349995
8968.50376179997	0.00012145754575706007	149.47506269666616
8985.20551089997	0.00011745484968186102	149.75342518166616
8989.25434869997	0.00022774953453996315	149.82090581166617
8992.79636499998	0.00017140340544091704	149.87993941666633
9020.12620549998	0.00025574653237789925	150.335436758333
9023.16178259998	0.0001992718197986796	150.38602970999966
9032.27247659998	0.0002462300889500465	150.53787460999965
9053.52816639998	0.00013086965732283574	150.89213610666633
9057.57645299997	0.00011806112033495892	150.9596075499995
9087.94249639997	0.00011603574428359137	151.46570827333284
9092.49674879997	0.00012285304735071016	151.5416124799995
9093.00365709997	0.0002803038457046413	151.55006095166615
9109.19833019996	0.0002643195790557029	151.81997216999935
9124.88683249997	0.0001515807903189206	152.08144720833283
9153.73413799997	0.00010951961602178341	152.56223563333285
9159.80816059997	0.0001249254991508547	152.66346934333285
9169.42371629997	0.00014452217356365516	152.8237286049995
9181.56882369997	0.00011594816916236074	153.02614706166617
9188.14871619997	0.00016691775002582792	153.13581193666616
9203.83787869996	9.48676596148373e-05	153.39729797833266
9281.77562559997	0.00018299962408655098	154.69626042666616
9296.95871589997	0.00015957557707821127	154.94931193166616
9311.12948009998	0.00015055745485424506	155.18549133499968
9332.89064929997	0.00011458727145880509	155.54817748833284
9378.94562799997	0.00019775724226334354	156.31576046666618
9428.54358479996	0.0001817941494832164	157.14239307999932
9437.14657709996	0.00022404219076307153	157.28577628499934
9465.99359109995	0.00019776431772295267	157.76655985166585
9546.46222169995	0.00016373257631854075	159.10770369499917
9547.98029339995	0.00014979953625334633	159.13300488999917
9554.05336239995	9.566796990262614e-05	159.23422270666586
9604.66285979995	0.0001746206784372167	160.07771432999917
9615.79687859995	0.00013454721479748766	160.26328130999914
9642.62021089995	0.00030645803671295734	160.7103368483325
9655.77798069995	0.00017175103315304703	160.92963301166583
9686.14351389995	0.00020649119831267192	161.43572523166583
9703.35166289996	0.00020612300958731145	161.72252771499933
9711.95400779996	0.00020300951413463933	161.86590012999935
9727.64395689996	0.00013549929738941913	162.127399281666
9731.18607839996	0.00019282276888802667	162.18643463999933
9775.21577489996	0.0001989431644474381	162.92026291499934
9792.42332779995	8.022715531752333e-05	163.2070554633325
9796.47279879995	0.00016410058046917382	163.27454664666584
9813.67906989995	0.00021608527958797154	163.56131783166583
9864.79424019995	0.00019506923826028425	164.41323733666584
9874.91628589996	0.00016280491842227232	164.58193809833267
9908.82398229996	0.00019176467009352955	165.147066371666
9909.33062069996	0.00019400672687827435	165.15551034499933
9912.87374819996	0.00010283845607746603	165.21456246999932
9917.93481549996	0.00021515198267146025	165.298913591666
9955.38579529996	0.00012333449945197596	165.92309658833267
9980.18358969996	0.0002059513978602566	166.336393161666
10018.1409198	0.00017891077005011014	166.96901533
10083.9324967	0.00010983439371221301	168.06554161166665
10137.0718055	0.00018687155994974732	168.95119675833334
10154.7850777	0.00016590684175782176	169.24641796166668
10165.4137021	0.00012104786339101505	169.42356170166667
10171.4863977	0.00015974333249960262	169.52477329500002
10173.5116404	0.00023891353869843714	169.55852734
10179.5837152	3.8566998664246835e-05	169.65972858666666
10190.2115807	0.00018285345612994254	169.83685967833333
10213.4915729	1.7405383369040154e-05	170.22485954833334
10255.4982187	0.0001459948615907722	170.92497031166667
10257.5227165	0.000196338271866933	170.95871194166665
10298.5164223	0.00018098574582562952	171.64194037166666
10365.8258776	0.00019093605827460517	172.76376462666667
10456.4174773	0.00015031692775148827	174.27362462166667
10483.7456055	5.938517067452299e-05	174.729093425
10493.8672179	0.000190995153785616	174.897786965
10530.3057538	0.0002001030423851713	175.50509589666666
10533.3436273	0.0002387978829425937	175.55572712166668
10538.4039988	0.0002888732108875601	175.64006664666667
10559.6601471	8.923535596326706e-05	175.994335785
10566.7444965	0.000124185507804679	176.11240827499998
10575.3481513	0.00024138138452791893	176.25580252166668
10607.2323514	0.00011098193612676951	176.78720585666667
10663.4080408	0.00011387963514148065	177.7234673466667
10668.9756387	0.00021412089894841185	177.816260645
10675.0489117	1.7796486498992127e-05	177.91748186166666
10684.6640721	0.00016900938471555685	178.07773453500002
10688.2068196	0.00020024181375552435	178.13678032666667
10711.9929374	0.00020708449007900254	178.53321562333335
10735.7800352	4.809131765556378e-05	178.92966725333332
10742.3594382	3.990498951487248e-05	179.03932397
10743.8778095	0.00016028794390154826	179.06463015833333
10769.1819954	0.00021084287426248357	179.48636659000002
10786.3898272	0.0002267336402958002	179.7731637866667
10791.4505339	0.0002412355340670489	179.85750889833335
10849.1445457	0.00014168941006602052	180.81907576166668
10857.7475514	0.0001421710038852552	180.96245919
10861.7973013	0.0001809506331436961	181.02995502166667
10894.6924177	0.00016740952383018527	181.57820696166667
10931.1319577	1.5981220290467557e-05	182.18553262833333
10937.2047953	0.00036238991279564524	182.28674658833333
10957.9538817	0.00011885424507745335	182.63256469499999
10969.5942191	0.00016665283957517353	182.82657031833332
10981.7411792	0.0001682818089242698	183.02901965333334
11014.1310038	0.00017207264594252338	183.56885006333331
11054.1126964	0.00016549379344658874	184.23521160666667
11062.7160609	9.58654206300247e-05	184.37860101500002
11064.7398078	0.00017951092749542488	184.41233013000002
11069.8011621	0.00016540410437032536	184.496686035
11072.3316762	0.00010984641117865555	184.53886126999998
11080.4292279	0.0001980307293398417	184.673820465
11099.1545854	0.00019428019745120758	184.98590975666667
11102.6968809	0.00019960288796066567	185.04494801500002
11110.2880826	0.00011433422654209931	185.17146804333333
11139.6414736	0.00016229496675489042	185.66069122666667
11153.8126107	0.0002638983637621296	185.896876845
11233.7753493	0.00012937929020642142	187.229589155
11249.969418	0.00017518641960739183	187.49949030000002
11258.5730435	0.00019081821151294482	187.64288405833335
11309.6887509	0.00018849160540402332	188.494812515
11342.0791541	0.00015569802005230434	189.03465256833334
11348.658554	0.0001464251422478221	189.14430923333333
11362.3222436	0.00010502770651030849	189.37203739333333
11419.5111331	0.0001601479235318142	190.3251855516667
11482.26716	0.00011790375259184973	191.37111933333333
11491.881878	0.000141107030746442	191.53136463333334
11543.5041099	0.00013285123771379585	192.39173516499997
11571.3384056	0.00018042917953106557	192.85564009333334
11581.9673043	0.00013501411952870356	193.032788405
11583.9906267	0.00014462889749178754	193.066510445
11625.4906641	0.00020651684851031094	193.758177735
11640.6730123	0.0001360025826469818	194.01121687166668
11641.6861933	7.765264377785658e-05	194.02810322166667
11691.283288	0.00019571417578506157	194.8547214666667
11702.4179007	0.000178774163373198	195.040298345
11732.7822203	0.0001537944489129513	195.54637033833333
11742.3978069	0.00016161427176190272	195.706630115
11753.5327235	0.00022844701251936524	195.89221205833334
11765.1723323	0.00014462576731065683	196.08620553833333
11783.8982561	0.0001836035360068172	196.39830426833333
11785.4158326	0.00011768241804088624	196.42359721
11798.5752168	0.00012371556273945664	196.64292028
11850.7027507	0.00013303049332793386	197.51171251166667
11872.4643698	0.00010818938326866742	197.87440616333333
11939.7751302	0.00014399066601682644	198.99625217
11957.9944302	0.00010981498648088477	199.29990717
11983.8043015	0.00020909041783117433	199.73007169166667
11990.3835806	0.00014970209973617167	199.83972634333335
12036.9444593	0.00018473727590129563	200.61574098833336
12094.6383845	0.00019262705258476454	201.57730640833333
12165.9977946999	0.00016723952618733065	202.766629911665
12178.6506113999	0.00016717124943358552	202.97751018999833
12210.5336241999	8.126864254750578e-05	203.508893736665
12217.6191909999	0.00011939204746039735	203.626986516665
12230.7781818999	0.00022516302210951223	203.84630303166497
12276.8320894999	0.00021348658604058578	204.61386815833166
12289.9902344999	0.00015440321533873288	204.83317057499835
12309.7288431	0.00013556696725013556	205.162147385
12364.3864907999	0.0001361458772859977	206.07310817999831
12390.1973489999	0.0001725825792764029	206.50328914999832
12392.2216107999	0.00023929011916384252	206.537026846665
12406.8981966999	9.391126816519726e-05	206.781636611665
12437.7699537999	6.380618455314691e-05	207.296165896665
12475.7263083999	0.00016181313694473977	207.928771806665
12476.7382993999	0.00013660881271401596	207.94563832333168
12477.7511061999	0.00025389406947823534	207.962518436665
12482.8119593999	0.00017131299122379243	208.04686598999834
12483.8241708999	0.0001623065335916683	208.06373618166498
12495.9702915999	0.00015850453714661816	208.266171526665
12520.2632707999	0.00010331431623668818	208.67105451333165
12584.0316011999	0.0002466114863489768	209.73386001999833
12671.5860439999	0.00012815557330722122	211.19310073333165
12678.1660280999	0.00020888026755944914	211.30276713499833
12698.9159054999	0.0001518055885465394	211.64859842499834
12781.4085368999	0.00021042501010975988	213.02347561499835
12791.5306354999	0.0001558942552805548	213.19217725833167
12802.1582646999	0.00012526776772208434	213.36930441166498
12815.3163107999	0.00015160598069042952	213.58860517999835
12906.4143716999	0.00019867532328108204	215.10690619499834
12930.7057217999	4.9754765771926825e-05	215.51176202999835
12972.2054985999	0.0001673362738804118	216.203424976665
12981.8207725999	0.0001567855164295149	216.36367954333167
12989.9189693999	0.00014547246030377037	216.49864948999831
13008.1379674999	0.0001257746649628738	216.80229945833167
13029.39332	0.00022859081138677196	217.15655533333333
13095.1866829	0.0002109832303927168	218.25311138166666
13174.1359629999	0.0001404723113826693	219.56893271666502
13213.6125818999	0.00012874321712478873	220.22687636499833
13241.9526323999	0.00016541902383390895	220.69921053999832
13260.6784907999	1.5052674325021358e-05	221.01130817999834
13269.2819033	0.0001415393060936309	221.15469838833332
13278.3922393	0.00012170295271325142	221.30653732166667
13303.6960873	0.00017803734958235276	221.72826812166667
13346.7145767	0.00018267605928756338	222.445242945
13360.3786735	3.3950442321313215e-05	222.67297789166665
13361.3907133	0.00018888889246429855	222.68984522166664
13364.4282245	0.00016770115130770868	222.74047040833332
13386.6955183	0.00016272413271133495	223.11159197166666
13424.6524337	1.4598218109057125e-05	223.74420722833332
13430.7255636	0.0001221473247846996	223.84542606000002
13479.8164045	0.00017041983751584145	224.66360674166665
13480.8296812	0.00011988506257492816	224.6804946866667
13486.9022195	0.00017313377721723755	224.78170365833333
13490.444	0.00016543033306860085	224.84073333333333
13531.4378256	0.00011351659181336096	225.52396376
13562.3097379	0.0002478835629261933	226.03849563166665
13569.3945646	0.00015917358917988693	226.15657607666665
13601.2794429	0.00010818849584495886	226.687990715
13606.8459711	0.00016126543133380722	226.780766185
13672.1321278	0.00011628416423804061	227.86886879666665
13675.6751554	0.00017116229083337283	227.92791925666668
13677.1925848	0.00020367141271949088	227.95320974666666
13704.5220144	0.00019360545233446417	228.40870024
13727.8013189	0.00013437138754888043	228.79668864833332
13780.9421037	8.186682667411907e-05	229.682368395
13800.1725684	8.772570617562881e-05	230.00287613999998
13866.4708237	9.485365483823777e-05	231.10784706166666
13894.8121177	0.00013112483083895868	231.58020196166666
13896.8374712	0.00014071335612126664	231.61395785333335
13917.0807908	3.475267731118854e-05	231.95134651333333
13918.0921614	0.0001941938906026153	231.96820269
13938.8421267	0.00011533643106659684	232.314035445
13969.7150527	1.8264270040221243e-05	232.82858421166665
13995.52468	0.00014347069188658327	233.25874466666667
14094.7191499	0.00012084332867523844	234.91198583166667
14104.8406005	0.00017079887550053996	235.080676675
14152.4131476	0.00013125975491230676	235.87355246
14201.505278	0.00014724339099867582	236.69175463333335
14226.3031166	0.00013432968682865285	237.10505194333334
14295.6382691	0.00013529183742563508	238.26063781833332
14317.906696	0.00019942532162943953	238.63177826666666
14340.6806255	0.0001319065604038763	239.0113437583333
14345.7409123	0.00014740451939564147	239.09568187166667
14391.2899076	0.00013447085219150785	239.85483179333332
14421.6546187	0.00011845492291256191	240.3609103116667
14463.6600636	0.00015250650472723763	241.06100106
14499.0877434	0.00011726911464470258	241.65146238999998
14515.2823447	0.000186989220158836	241.92137241166665
14519.3303028	9.639796731481465e-05	241.98883837999998
14545.1409373	0.00013813004857380726	242.4190156216667
14560.3243714	9.50268014366501e-05	242.67207285666666
14644.3353796	9.894652552335827e-05	244.07225632666666
14649.3963659	8.468435784703299e-05	244.15660609833333
14660.0246222	0.00010930916607043485	244.33374370333334
14669.1340444	5.97173413943921e-05	244.48556740666666
14701.5238541	8.701811498974556e-05	245.02539756833332
14704.5603157	0.00012749679099212315	245.07600526166667
14734.4201289	7.251220579576784e-05	245.573668815
14786.5478081	0.00011646530076094855	246.44246346833333
14801.7310845	0.00013469636603383005	246.695518075
14851.8337986	9.880147514476959e-05	247.53056331000002
14857.4006182	8.335874147825839e-05	247.62334363666665
14911.552312	0.00012458396524951166	248.52587186666668
14925.2175255	7.601879145665362e-05	248.753625425
14947.9913463	0.00012052409322009111	249.13318910499999
14971.7774684	0.00010803792279087114	249.5296244733333
15039.0880486	8.062921743228644e-05	250.65146747666668
15161.5623251	0.0001465097606200233	252.69270541833333
15169.659738	0.0001308638693116483	252.82766230000001
15182.8178265	0.00012235334887195532	253.04696377500002
15187.373003	9.944546339022912e-05	253.12288338333335
15188.3852007	0.00014889080189976476	253.139753345
15208.1228365	9.704036517999061e-05	253.46871394166666
15387.2797977999	0.00011468769535811356	256.454663296665
15401.9563913999	0.000100743629737292	256.69927318999834
15498.6200452	0.00012148401621074579	258.31033408666667
15661.5827002999	0.0001118377620329732	261.02637833833165
15694.4782137999	8.961167175523879e-05	261.57463689666497
15770.3913402999	0.00010852121834787591	262.839855671665
15798.2271753999	0.00010489820707396255	263.303786256665
15806.8307696999	0.00012193277843400445	263.44717949499835
15843.7756679	0.00014712952059838354	264.0629277983333
15938.4149092	0.00014149253475819506	265.6402484866667
15965.7440706999	0.00014194475209232274	266.095734511665
16002.1824615999	9.668813242885074e-05	266.703041026665
16008.2560349999	0.00010493840649124082	266.80426724999836
16034.5728510999	0.00010929121742844075	267.242880851665
16068.9863600999	9.659418368579008e-05	267.81643933499834
16070.5055293999	0.00012806624226381096	267.84175882333165
16091.7606912999	5.814472637714746e-05	268.196011521665
16125.1633117999	0.00010785653279471615	268.75272186333166
16162.6131899999	7.321942121884135e-05	269.3768864999983
16177.7965368999	0.0001667634244556687	269.62994228166497
16181.8451486999	0.00016375101761411658	269.6974191449983
16194.4978883999	3.961701558294196e-05	269.9082981399983
16252.1923399999	0.00013560823503073652	270.86987233333167
16299.2594669999	8.25233346776003e-05	271.65432444999834
16321.5269152999	2.8304160681826374e-05	272.0254485883317
16365.5579065999	0.00023042073093984354	272.75929844333166
16373.6558904999	8.705533543954917e-05	272.894264841665
16395.9235021999	0.0001822004155705264	273.26539170333166
16396.9355103999	0.0001892526460594817	273.282258506665
16438.4346133999	0.0001535511702922409	273.97391022333164
16491.0682715999	0.0001207602090406268	274.85113785999835
16617.0858373999	0.00012354815625783644	276.95143062333165
16662.6339244999	0.00016740858162144558	277.71056540833166
16747.6583831999	0.00010780137296469806	279.12763971999834
16756.7673628999	0.0001343444644410267	279.27945604833167
16789.1573126999	0.0002410945693448255	279.8192885449983
16861.5284132999	0.0001764736414124812	281.0254735549983
16988.0516607999	8.477872752116975e-05	283.134194346665
17012.8502567	0.00014992491363829356	283.54750427833335
17015.3806343999	0.00021362806568670474	283.5896772399983
17073.5818967	0.0002495248787171161	284.55969827833337
17077.1234390999	0.00010811510391676558	284.6187239849984
17092.3071299999	1.8904751142057022e-05	284.87178549999834
17171.2572324	0.00017918881057984326	286.18762054
17256.7867353	1.8758761905039814e-05	287.613112255
17306.3847015	1.9387501437906357e-05	288.439745025
17388.37115	0.00012844519879149822	289.8061858333333
17423.2927762	0.0001358683856404914	290.38821293666666
17503.2542254	0.0001950990937263714	291.72090375666664
17519.4491402999	1.90367489632375e-05	291.99081900499834
17585.7471031999	0.00011558897554609576	293.09578505333167
17617.1254242999	0.00021340108817883012	293.61875707166496
17737.0696853	0.00028393640510776714	295.61782808833334
17767.4357296999	0.0001882541073056723	296.12392882833166
17864.6052357999	0.000137084264381646	297.743420596665
17915.7210115999	1.9123432834679197e-05	298.5953501933317
17969.8730914	0.00022701739633877372	299.4978848566667
17981.0079364	2.0512349254745326e-05	299.6834656066667
17997.2033263	0.0001532062359933905	299.9533887716667
18083.7449654	0.0002067818436528989	301.39574942333337
18118.1584090999	0.0001867819741108543	301.96930681833163
18143.9692514	0.0003299058109862857	302.39948752333333
18178.3836519	0.00023264386340998523	302.973060865
18183.4454345	0.00025867405262040204	303.05742390833336
18281.6272364	0.0003065095367882725	304.6937872733333
18296.8091678	0.0001487392111804099	304.9468194633333
18414.2229828	3.835623093775231e-05	306.90371638000005
18422.3210046	0.0002550177095631641	307.03868341
18470.9056476	0.00039255335128223574	307.84842746
18498.7402652	8.146968574609117e-05	308.3123377533333
18542.7705965	0.0002479477581799932	309.0461766083333
18545.3003452	0.00019781478883913547	309.0883390866667
18660.6899119	3.157668714239402e-05	311.0114985316667
18706.7444511	0.00021289024469397028	311.779074185
18745.2069108	0.00015826070136543816	312.42011518
18796.8292817	0.000321636321582502	313.2804880283333
18859.5842834	0.00024535151401758993	314.3264047233333
18917.2785044	0.0004068612246328191	315.28797507333337
18999.7723722	0.00031585660919831136	316.66287287
19160.7101179999	0.00038465554822668505	319.3451686333317
19174.8799868999	0.0002529734285429325	319.58133311499836
19223.4657906999	0.00026818557633282505	320.39109651166495
19224.4773834999	0.00021133571257827636	320.407956391665
19236.6241556999	0.00025569093555863527	320.61040259499833
19369.2205807999	0.0003287246400727123	322.8203430133317
19406.1652546999	0.00028155897774320596	323.43608757833164
19437.0359176999	8.61187695548465e-05	323.9505986283317
19498.7803659	0.00028240407392334264	324.979672765
19501.8158457999	2.9180816660819697e-05	325.030264096665
19513.4564915999	0.00021559468199784405	325.22427485999833
19565.5844096999	0.0002633051377415002	326.0930734949983
19576.2122072999	2.9976698113333237e-05	326.27020345499835
19613.1577124999	0.00018154441591500337	326.8859618749983
19618.7244842999	0.00023158060615195936	326.9787414049983
19635.9306463999	0.00023480616524661763	327.26551077333164
19898.5931284999	0.0002849065957022642	331.64321880833165
19921.3679169999	0.00012156173678568666	332.022798616665
19926.4289560999	0.00018616233966387016	332.1071492683316
20000.3182546999	0.00025508615342877594	333.3386375783317
20046.3726558999	0.00036014620327259406	334.10621093166503
20067.1227303999	0.0003533446690291528	334.452045506665
20164.2920764999	0.0005229264867750794	336.07153460833166
20215.9138853	0.00031758048895596646	336.93189808833336
20228.0607468	0.00016812757418946034	337.13434578000005
20232.1085402	0.00035786873608153184	337.2018090033333
20238.687515	0.0003978217284431998	337.3114585833334
20329.2788982	0.0003553146319993858	338.82131496999995
20394.0583668	0.0003238861809192324	339.90097278
20458.3317639	0.00044203111407897436	340.97219606500005
20617.2454356	0.0004721454167956	343.62075726
20656.720339	0.0005008397870257062	344.27867231666664
20677.9768849	0.0005066311725064153	344.63294808166665
20689.6168029	0.00040374775301187706	344.826946715
20695.6903206	0.0003622037116896283	344.92817200999997
20720.4896818	0.00046298852311504104	345.3414946966667
20748.8305419	0.0005899853257482863	345.81384236499997
20796.4028365	0.0004154819998533593	346.60671394166667
20804.5007158	0.00016907583537066476	346.7416785966667
20855.616179	4.1961445823577295e-05	347.59360298333337
20872.8221631	0.00035161424280175926	347.88036938500005
20923.4324318	0.0004598112219483223	348.7238738633333
20953.2910975	0.00011011205350286726	349.2215182916667
21011.491865	0.0005031236365999239	350.19153108333336
21122.8321173	0.00044455862253059224	352.047201955
21124.351234	0.0005785185769897092	352.0725205666667
21243.7891482	0.0003465619192265288	354.06315247000003
21278.2024964	0.000279497361918952	354.63670827333334
21315.1478913	0.0004306915943357172	355.25246485499997
21327.8009542	5.539719790900759e-05	355.46334923666666
21368.7935847	0.00028742852170818577	356.146559745
21435.091874	0.0002782586592361655	357.25153123333337
21437.115782	0.00025926199794233613	357.28526303333337
21480.1343661	0.00034439721951959096	358.002239435
21525.1769616	0.0004095809825928082	358.75294935999995
21535.8048123	0.00038458877489144013	358.930080205
21577.3040366	0.0005465803808370967	359.6217339433333
21605.6461654	0.0003992068712656934	360.0941027566667
21733.6874788	0.0003743968536668148	362.22812464666663
21838.9549652	0.0002889411046053568	363.9825827533333
21842.4969468	0.00039796114533756626	364.04161578000003
21884.503252	0.00030173635557343624	364.74172086666664
21887.0338898	0.00010553910053450448	364.78389816333333
21964.9714215	0.0003175453909294587	366.08285702499995
21971.5514954	0.00027570008127781616	366.19252492333334
21972.5630364	0.0002863588017345162	366.20938394
22099.592723	0.00047128652684027997	368.3265453833334
22142.6108762	0.00019487121784726824	369.04351460333334
22157.7928342	0.0002161347114899425	369.2965472366667
22166.902186	0.00021248614532903766	369.44836976666664
22191.7013039	0.00026336602985902173	369.86168839833334
22224.5973606	0.000407902262937479	370.40995601000003
22234.7186618	0.0002866488627757617	370.57864436333335
22294.9438595	0.0001716147518021652	371.5823976583333
22358.2055217	0.0002830519701840759	372.636758695
22449.3032361	0.0003954380676149459	374.155053935
22507.5030425	0.0002075533388039799	375.12505070833333
22532.8087274	0.00036747669960095257	375.5468121233333
22634.5321809	0.00035879065126109307	377.24220301500003
22647.6906911	9.415394831278602e-05	377.46151151833334
22763.0803428	0.0002982394016150937	379.38467238
22765.6107444	0.0005628503177254915	379.42684574000003
22824.3182297	0.00031436858906839946	380.40530382833333
22845.0668046	0.0001986279514996809	380.75111340999996
22883.53006	0.00026574852501211744	381.3921676666667
22923.0050315	0.00038710205417791965	382.0500838583333
22928.0667767	0.00021456667473017618	382.13444627833337
22949.8287712	0.0003446570085771897	382.4971461866666
22960.4569366	0.00042090483667805127	382.67428227666664
23020.6819798	9.769418992204912e-05	383.6780329966667
23102.6676457	0.00020515696488092975	385.04446076166664
23221.6002294	0.0003163236023062273	387.02667048999996
23256.5200814	0.00026154637036769813	387.60866802333334
23291.4408111	0.0004275847581334147	388.190680185
23291.9469541	0.00033498294169809743	388.1991159016667
23423.5316948001	0.00046751868202989626	390.39219491333495
23486.7922731001	0.0003546792653592037	391.4465378850017
23496.9144336001	0.0002882538593762121	391.61524056000167
23533.8589221	0.0001923055083414407	392.230982035
23564.2250459	0.0002977186160074399	392.7370840983333
23601.67565	0.00039461869583145464	393.36126083333335
23764.1320332	0.00030810125473018884	396.06886722
23807.6551518	0.0002731300934435986	396.79425253000005
23829.923895	0.00023002223299310457	397.16539825
23939.7458467	0.00021264623044775773	398.9957641116667
24027.8054716	0.0002831138601561376	400.4634245266667
24268.1998696001	3.2992024727889114e-05	404.4699978266683
24300.0841067001	0.0004055548638551594	405.001401778335
24339.0525298	0.0003370910859429377	405.65087549666663
24368.4060684	0.0002949662704623813	406.14010114
24377.0101222	0.00040210811506197176	406.2835020366667
24414.9675826001	0.00031681861942259233	406.91612637666833
24434.7042718001	0.00025930320718608107	407.24507119666833
24497.9658511	0.00032848271542007594	408.29943085166667
24555.661057	0.00022975712881169314	409.26101761666666
24582.4832941	0.00042573190349303234	409.7080549016666
24606.2704983	0.0002577718569941387	410.104508305
24677.1227605	0.00042709266310101286	411.28537934166667
24697.3670178	0.00016215634599617797	411.62278363
24706.4756795	0.00020965463344254411	411.77459465833334
24800.6099072	0.00046991812032751867	413.3434984533333
24807.1882077	0.0005056901601250323	413.45313679500003
24882.0897813001	3.422042822683429e-05	414.70149635500167
24919.5416597001	0.00030208685647549916	415.325694328335
24933.7119563001	0.00016012466849189727	415.561865938335
25066.3086194	0.00020221303687017705	417.77181032333334
25113.8813155	0.00029465245998246706	418.56468859166665
25220.6658133	0.00020803346115671	420.34443022166664
25254.5751263	0.00017929849854496393	420.9095854383333
25264.6972741	2.0554721693635984e-05	421.07828790166667
25300.123141	7.967194226576108e-05	421.66871901666667
25379.0732152	9.12651070473929e-05	422.98455358666666
25396.2801583	9.319218495374393e-05	423.27133597166664
25397.799532	0.00011571691571970688	423.2966588666667
25460.5545992	0.00014815884736136222	424.34257665333337
25650.8454166001	0.0001799174204586179	427.5140902766683
25765.2225639	0.00011111426060829389	429.42037606499997
25825.4474656	0.00015796020719113844	430.42412442666665
25897.8180537001	0.0002521705199492732	431.63030089500165
26014.7253764001	0.00013336838651117897	433.578756273335
26163.0111883	0.0004148828373092012	436.0501864716667
26473.2455717001	0.0003907044368972303	441.220759528335
26499.5633223001	0.0004909796219927498	441.6593887050016
27107.8877489	0.0007318089736257985	451.7981291483333
27730.8880959	0.0004444508164991613	462.18146826500003
27767.8317855	0.0006934176144466921	462.797196425
27777.9540636	0.00043516027843537195	462.96590105999996
27784.5337995	0.0005376203089349872	463.075563325
27922.6968965	0.00056009217132429	465.37828160833334
28361.4790971	7.837058838896194e-05	472.691318285
28497.618384	0.0007423574048008065	474.96030640000004
28602.3794162	7.113466107495538e-05	476.7063236033334
28757.7497059001	0.0005309311224489796	479.2958284316683
28832.1447680001	0.0003218137676346846	480.535746133335
28855.9310948001	0.0008511023147721969	480.932184913335
28933.3654991001	0.0003758945567576685	482.22275831833497
29003.7119179001	0.0010125493245534938	483.3951986316683
29191.9785644001	0.0006120446337342816	486.53297607333496
29339.7576425001	0.0007000380417695155	488.99596070833496
29710.7236204001	9.958439777711611e-05	495.1787270066683
29715.7840266001	0.00019944128151631952	495.26306711000166
29723.3759481001	0.0001399481628787498	495.3895991350017
29726.4130530001	0.00040197176909336635	495.44021755000165
29731.9798411001	0.00014979995613513246	495.5329973516683
29735.5225278001	0.00015122387104137068	495.5920421300017
29737.0406921001	8.24013927186212e-05	495.617344868335
29741.5950039001	0.00018643564569929125	495.6932500650017
29743.6192716001	9.537097659880037e-05	495.72698786000166
29749.1866615001	0.0001935232908684236	495.8197776916684
29752.7294477001	0.00016515895327662985	495.878824128335
29753.7417999001	0.00017823195817404718	495.8956966650017
29755.7657853001	0.0001300568250704212	495.92942975500165
29761.3330329001	0.00015929070081624702	496.02221721500166
29763.3563669001	0.00027912875035644426	496.05593944833504
29767.9113321001	0.00018258626661357683	496.13185553500165
29772.4669186001	9.639504441839831e-05	496.20778197666834
29783.0945579001	0.00016790213042714689	496.384909298335
29784.1068634001	0.0001346326855446018	496.4017810566683
29784.6125714001	0.00014846834911761263	496.41020952333497
29787.1427970001	0.00014727503423829855	496.45237995000167
29790.1796390001	8.465723299631691e-05	496.502993983335
29794.2284856001	8.486010533137707e-05	496.5704747600017
29829.1488151001	8.833969272687602e-05	497.15248025166835
29831.6790773001	0.0001045031454000355	497.194651288335
29832.1854667001	0.0001420113951656181	497.2030911116683
29835.7283087001	0.00010037184350338746	497.26213847833503
29839.2702672001	4.7180714572038e-05	497.3211711200017
29841.8020715001	0.00022160891038573686	497.363367858335
29845.3442442001	0.00012799783433549262	497.4224040700017
29858.5027206001	0.00018604292596356863	497.64171201000164
29861.0322344001	0.00015657769932282112	497.683870573335
29866.5992335001	0.00015320533527447464	497.77665389166833
29867.6118577001	0.0002564522909467472	497.79353096166835
29872.1665390001	0.0001800058412491531	497.8694423166683
29886.8433022001	0.00017111664276984288	498.11405503666833
29895.9527094001	0.00043622576590503253	498.2658784900016
29911.6422027001	0.00020939057285237507	498.52737004500165
29930.3676235001	0.0003168497514875541	498.83946039166835
29930.8730592001	5.145903687485311e-05	498.8478843200017
29936.4408756001	0.00022221430789272115	498.94068126000167
29963.7701520001	0.00013002343493248507	499.3961692000017
29982.4954900001	0.0002621078520100396	499.7082581666683
29995.1477883001	0.0003270327936653145	499.91912980500166
30000.7149093001	0.0003181498127216917	500.01191515500165
30018.9338313001	0.0002766895427560594	500.31556385500164
30045.7568294001	0.0002710686318550623	500.762613823335
30064.4821602001	0.000539900831015359	501.07470267000167
30065.4942124001	0.0002850207732742854	501.09157020666834
30070.0488829001	0.00018361644403425327	501.1674813816683
30073.5921626001	0.0002446646706737863	501.226536043335
30076.1219568001	0.0001549139449924845	501.26869928000167
30082.7017692001	2.7548664716221205e-05	501.37836282000166
30105.9814730001	0.00029163931221516616	501.76635788333505
30129.2619616001	0.00021033466002625602	502.1543660266683
30136.3476520001	0.0004092964015748293	502.2724608666683
30169.2432928001	0.0003751664516665973	502.8207215466683
30200.1144390001	0.00033151669581886706	503.33524065000165
30211.2485127001	0.0001389713936923337	503.5208085450016
30219.3465373001	0.0002891590080710757	503.65577562166834
30255.2788902001	0.00030086851163131856	504.2546481700017
30264.8949632001	0.00029836849567259875	504.414916053335
30274.0040860001	0.0002348999723324814	504.56673476666833
30292.7294100001	0.00033246969225559004	504.8788235000017
30302.8518059001	0.00014152712141130263	505.047530098335
30326.1318496001	0.0004000115945389721	505.43553082666836
30344.8570244001	0.00030362180374654226	505.747617073335
30383.3207297001	0.0002610337812711908	506.388678828335
30387.3691810001	0.00031598943004409986	506.45615301666834
30392.4300667001	3.660316749170206e-05	506.54050111166833
30401.0333356001	0.00034878903160194357	506.6838889266683
30460.7521497001	0.0001832206661138161	507.6792024950017
30491.6245718001	0.00028957573324712456	508.193742863335
30529.0756728001	0.00026770091563760903	508.81792788000166
30531.6057728001	0.0002737232973016607	508.860096213335
30579.1781832001	0.00046180943380015463	509.65296972000164
30592.8421573001	0.00035395551016226913	509.8807026216683
30632.8245115001	0.000413927459212773	510.54707519166834
30662.1769656001	0.0002836970429216519	511.0362827600017
30761.3715822001	0.00029957294920007646	512.6895263700017
30764.9149769001	3.319005065539287e-05	512.7485829483351
30766.9390797001	0.00024278033766578916	512.7823179950017
30801.8586372001	0.000321239897995331	513.3643106200017
30843.3584499001	0.0003090149596349209	514.0559741650017
30847.9139054001	0.00018190372995746746	514.131898423335
30861.5777652001	0.00031962727830393763	514.3596294200017
30870.6880752001	0.0003848838271397484	514.5114679200017
30875.2421681001	0.00014651647868626992	514.5873694683349
30908.6448350001	0.000295566901365681	515.144080583335
30927.8764701001	0.00026941815526645665	515.4646078350016
30934.9615423001	0.0002823152520314351	515.5826923716684
30948.1203892001	0.0002745295233050044	515.8020064866683
30962.7962192001	0.0002276909977177009	516.046603653335
30975.9543290001	0.00023536621032547387	516.265905483335
30992.6562977001	0.00017677539339096604	516.544271628335
31000.7535927001	0.0002629617387324575	516.6792265450017
31021.5027191001	0.0002436541941073071	517.025045318335
31027.0704167001	0.0005545232822104743	517.1178402783349
31039.2159671001	9.652809809846125e-05	517.320266118335
31051.3619710001	0.00017151584956682858	517.5226995166684
31057.4363094001	0.0002061325387551509	517.6239384900016
31063.5088544001	0.00030747603130347684	517.725147573335
31064.0149715001	0.0001546800018636145	517.733582858335
31100.9591143001	0.0003504506180756648	518.3493185716684
31105.5147062001	0.00011650384894197246	518.425245103335
31118.1667807001	0.000136877566072451	518.6361130116683
31160.1729946001	0.00024589048979292884	519.3362165766683
31173.8371331001	0.0002428023016296686	519.563952218335
31177.3791487001	0.00032822720089873347	519.6229858116683
31223.9409050001	0.0002185619734422176	520.399015083335
31231.0251275001	0.00026879012722176186	520.517085458335
31239.1224430001	0.00023208954436602632	520.6520407166684
31249.2443943001	0.00026512865324951524	520.8207399050017
31263.4159597001	0.0002587569159565447	521.0569326616684
31414.7377977001	0.00033329895618689604	523.5789632950017
31968.9092338001	0.00042293521475422806	532.8151538966683
32922.8933942001	0.000355836046862936	548.714889903335
32987.1675533001	0.0009643627476240605	549.786125888335
33116.2219848001	0.00109154911187595	551.9370330800016
33401.1512029001	0.0012560395620903277	556.6858533816684
34182.5584696001	0.00042541755967953144	569.7093078266684
34212.9235183001	0.0003890881425931964	570.2153919716683
34429.5303190001	0.0005658116287183533	573.8255053166683
34462.4268919001	0.0008265629411211142	574.3737815316683
34529.2315235001	0.00034288982755187146	575.487192058335
34598.0600483001	0.0003495341595795744	576.634334138335
34633.9931155001	0.0007358816924773167	577.2332185916683
34701.3024513001	6.19189082458098e-05	578.3550408550017
35004.4524883001	0.0008107381682898565	583.4075414716683
35061.1353731002	0.0007125452315986624	584.3522562183367
35062.1476803002	0.0004595843689698163	584.3691280050033
35068.2209309002	0.0006669693475352268	584.4703488483367
35129.9639969002	0.0008223736881410383	585.4993999483366
35144.6405624002	0.000828040949833246	585.7440093733367
35176.0181008002	0.0006343116537343474	586.26696834667
35191.7077155002	0.0006747749018732932	586.5284619250033
35307.0962130002	0.00040431790333800624	588.4516035500034
35320.2541548002	0.0007827234733281922	588.6709025800033
35329.3644668002	0.0011169495202965954	588.8227411133367
35361.7543996001	0.0006960429272291494	589.3625733266683
35466.5151546001	0.0002482068488706998	591.1085859100017
35469.5516682001	0.000329566030799582	591.1591944700017
35475.1183434001	0.0004324141362935199	591.2519723900017
35487.2652663001	0.00029528268997271076	591.4544211050016
35488.2766570001	0.0004479886706227353	591.4712776166683
35499.9181706001	0.0009052914650188582	591.6653028433351
35505.9905503001	0.0009465451103472326	591.7665091716683
35530.2825817001	0.0009638739379846515	592.1713763616683
35568.7455826001	0.00033430938233401707	592.8124263766683
35575.3246301001	0.000510142007312747	592.922077168335
35581.3979633001	0.00044397255475136187	593.023299388335
35590.5083809001	0.0004616715290505419	593.1751396816684
35710.9571879001	0.000887834504043027	595.182619798335
35715.0073839001	0.0006541049832172097	595.2501230650016
35721.0799201001	0.00036650259536061806	595.3513320016683
35773.7139334001	0.0007254261878853826	596.2285655566683
35885.0538756001	0.00031471590489857564	598.0842312600016
35900.7424366001	0.0006607220400401299	598.3457072766683
35934.6508300001	0.00037683864558169666	598.9108471666683
35947.3032789001	0.0003397982671340383	599.1217213150017
35947.8088171001	0.0001851372899994232	599.1301469516683
35950.8452103001	0.00036495028862517607	599.1807535050016
35956.9194255001	0.0005542931983555569	599.2819904250016
35965.5220207001	0.0004370530022338265	599.4253670116683
35973.1142019001	0.0005194531291192535	599.5519033650016
35977.6685928001	0.00029917376879984607	599.6278098800017
35985.2607656001	0.0003411313959235958	599.754346093335
35987.7899300001	0.0006913010185940128	599.796498833335
36132.5327592001	0.0029277735209904425	602.2088793200016
36233.7523919001	0.00032778765187494536	603.895873198335
36244.3797895001	0.00032277222609548894	604.0729964916683
36255.0073479001	0.0016836770117336665	604.2501224650017
36444.2856393001	0.0030479274688510146	607.4047606550016
36937.2198548002	0.000836011667007264	615.6203309133366
39809.8036097001	0.0018300122000813339	663.496726828335
42465.7791601	0.0011163759954352626	707.7629860016666
44384.8843722997	0.0009919541496748595	739.7480728716616
44793.8081698997	0.0017751479289940828	746.5634694983283
47357.1676371998	0.0013487187172186424	789.2861272866633
