retention_time	intensity	retention_time_min
112.3826741	0.00016886338980778878	1.8730445683333334
128.0711329	5.222253402343111e-05	2.1345188816666667
148.3141866	5.0169876884803796e-05	2.47190311
199.431196	0.00011116880220963389	3.3238532666666667
398.8326465	9.76490758255655e-05	6.6472107750000005
439.825726	9.323908605228553e-05	7.3304287666666665
445.3921167	0.00016841796019257898	7.423201945
688.8229474	0.00014392109692656975	11.480382456666666
716.151791500001	3.8075954149467305e-05	11.935863191666682
880.632814200001	0.00013866662909110589	14.677213570000017
904.4183884	0.00010101452893875661	15.073639806666668
941.364059	9.497657543141167e-05	15.689400983333334
963.632148	0.0001170393358266359	16.0605358
980.8388291	0.00010337886337865532	16.347313818333333
985.9001748	0.00013038843303898745	16.431669579999998
1012.2161988	0.0001832703518138547	16.87026998
1014.2403172	0.00013308520836857835	16.904005286666667
1103.819245	8.22015251295564e-05	18.396987416666665
1117.9898365	0.00010169955735519393	18.633163941666666
1133.1733598	1.4579342238395572e-05	18.886222663333335
1219.2091993	0.0001027603897345067	20.320153321666666
1283.9890123	0.00010639955655799545	21.399816871666665
1346.2382733	4.154336272749598e-05	22.437304555
1425.1886018	0.00011207090813490574	23.753143363333333
1426.7060589	9.674830270898539e-05	23.778434315000002
1433.7922098	0.00010421008753647353	23.89653683
1533.9982613	8.97045356855856e-05	25.566637688333334
1546.1446134	0.00012768923105415097	25.76907689
1562.8460203	0.0001259614840696544	26.047433671666667
1614.467078	7.893481989597426e-05	26.907784633333332
1653.9422917	7.284366411101624e-05	27.565704861666667
1727.8321875	0.00010576823265867609	28.797203125
1802.2275911	0.00011939260618162829	30.03712651833333
1830.5681879	0.00011341230914631165	30.509469798333335
1868.5262408	0.0001835189048859927	31.142104013333334
1926.7260373	0.00010218889867160663	32.11210062166666
1977.3359246	6.943865385470238e-05	32.95559874333333
2024.9079377	9.491650139539012e-05	33.748465628333335
2075.5180235	9.045576824952125e-05	34.59196705833333
2077.5419018	4.012549175377844e-05	34.62569836333333
2088.6760446	4.120635617723379e-05	34.81126741
2094.7496158	0.0001010074833882445	34.912493596666664
2117.523422	6.114820324291209e-05	35.292057033333336
2244.0465475	0.00010214407257649042	37.40077579166667
2280.9922954	1.3836106704054901e-05	38.016538256666664
2300.2241474	9.63660581020871e-05	38.337069123333336
2323.5033407	9.402558998053701e-05	38.725055678333334
2356.3993242	7.76731772574092e-05	39.27332207
2378.6674655	0.00012636527874507162	39.64445775833334
2510.2525819	0.0001350557918730584	41.83754303166667
2545.6785741	5.861510582491723e-05	42.427976234999996
2582.1173352	8.882229139594613e-05	43.03528892
2600.8421039	0.00010215794784670201	43.34736839833333
2630.1955363	0.00014572674811615447	43.83659227166667
2637.2812583	0.0001051593027454737	43.95468763833333
2767.8531364	9.978550611028905e-05	46.130885606666666
2770.3830226	8.554381771214866e-05	46.173050376666666
2782.0232608	0.00010287238905077878	46.36705434666667
2788.0976793	7.553550659493371e-05	46.468294655
2856.4192449	9.76520116314396e-05	47.606987415000006
2908.0409995	9.57480815969434e-05	48.467349991666666
3004.7043012	7.983539070223388e-05	50.07840502
3022.41836429999	6.2865083709822e-05	50.373639404999835
3026.4663267	9.961832560556858e-05	50.441105445
3037.60115449999	9.439261874238998e-05	50.626685908333165
3053.28870409999	6.998438605932237e-05	50.888145068333166
3261.80040379999	0.00011385850821257202	54.36334006333316
3364.53696629999	8.663840875521592e-05	56.07561610499984
3376.68242659999	0.0001162905008643861	56.27804044333316
3404.01163429999	7.605850397919217e-05	56.73352723833317
3423.24366539999	7.428595849107149e-05	57.05406108999983
3489.03596989999	9.164513593441029e-05	58.150599498333165
3588.22953349999	9.116873883145949e-05	59.803825558333166
3596.32764699999	9.076696286253239e-05	59.9387941166665
3671.7355643	0.00011052839153489653	61.19559273833333
3718.29604859999	7.306460603790106e-05	61.971600809999835
3765.86893199999	0.00010446665328110495	62.76448219999983
3835.2034373	2.9448624381133595e-05	63.92005728833333
3901.50132789999	6.0088606067471625e-05	65.0250221316665
3989.055412	6.873004611564384e-05	66.48425686666667
4046.75115149999	9.250063657027749e-05	67.44585252499984
4078.12756249999	4.587743842325228e-05	67.96879270833317
4093.8166224	7.437022775698166e-05	68.23027704
4132.7855184	9.333102320774584e-05	68.87975864
4246.6567975	7.706720260066778e-05	70.77761329166667
4250.7061281	5.700473699184985e-05	70.84510213499999
4372.1673507	0.00011600802883473982	72.86945584499999
4376.72280429999	8.002828859377002e-05	72.94538007166649
4389.88144149999	7.678860999064985e-05	73.1646906916665
4400.00328539999	7.382438980067908e-05	73.33338808999983
4404.05202629999	7.302462792834346e-05	73.40086710499983
4447.5756728	0.00010545625161113717	74.12626121333332
4491.0992635	8.684656383334743e-05	74.85165439166667
4499.7036142	0.00010611423711891066	74.99506023666666
4624.20158909999	1.393611684040359e-05	77.07002648499983
4625.72008249999	7.368079089152321e-05	77.09533470833317
4647.98837979999	1.1797427164650923e-05	77.4664729966665
4740.09665889999	7.828648150037918e-05	79.0016109816665
4997.6977731	1.1536698494281388e-05	83.29496288499999
5073.1061255	7.894397985965782e-05	84.55176875833334
5124.2214025	1.1976954423376715e-05	85.40369004166668
5206.2082186	3.399087928316787e-05	86.77013697666666
5314.512936	4.81447877559367e-05	88.5752156
5332.7318691	6.59164240823492e-05	88.878864485
5457.2311004	0.00010047781139625247	90.95385167333333
5503.2853911	0.00010768033146195269	91.721423185
5560.4735677	1.3885389490224434e-05	92.67455946166666
5651.0635334	0.00011866774958801128	94.18439222333333
5716.85583860001	8.407898113975697e-05	95.2809306433335
5745.1968586	8.18607551170818e-05	95.75328097666667
5838.82419530001	0.00013319435266862255	97.3137365883335
5854.00683140001	0.0001166624383510183	97.5667805233335
5915.2441719	0.00010979595448818223	98.587402865
5941.56204570001	8.459912902944024e-05	99.02603409500016
5963.82929800001	4.4703287381624874e-05	99.39715496666683
6021.52370600001	1.2128971395842458e-05	100.3587284333335
6093.89493690001	7.732869753589028e-05	101.56491561500017
6175.37566580001	0.00010537430400674396	102.9229277633335
6205.23574030001	0.00010601007840125508	103.42059567166683
6219.40595440001	0.00010553213785042702	103.65676590666683
6338.33781500001	0.0001992801422348099	105.63896358333349
6343.90529400001	5.395868262329043e-05	105.73175490000017
6420.3243974	0.00013524894208384207	107.00540662333333
6441.0752966	0.00012014794461756883	107.35125494333333
6475.4888775	0.00013596153350801203	107.924814625
6485.1050957	7.056859486337894e-05	108.08508492833333
6502.8195797	4.891358780648956e-05	108.38032632833333
6507.3742061	9.87717291271558e-05	108.45623676833334
6520.532753	5.229021965308198e-05	108.67554588333334
6565.0682282	6.471996032721748e-05	109.41780380333333
6584.30070780001	8.599914391761281e-05	109.73834513000017
6605.5558919	7.231913763326616e-05	110.09259819833332
6710.3167854	7.925718227777054e-05	111.83861309000001
6716.390768	6.886415364447197e-05	111.93984613333333
6811.0296333	0.00014207336426703748	113.51716055499999
6919.3334005	4.2682619249417825e-05	115.32222334166666
6956.2785793	8.01525172784226e-05	115.93797632166667
6963.8690086	6.864787799867316e-05	116.06448347666667
7180.98305	0.00010140009170743589	119.68305083333333
7187.0563181	7.621544173155043e-05	119.78427196833333
7261.9587341	0.000124488479029165	121.03264556833332
7275.1169534	9.321310332032222e-05	121.25194922333334
7314.0863561	3.383979092423575e-05	121.90143926833333
7323.7017371	0.0002490907833587599	122.06169561833333
7399.1101429	0.00015555752120615033	123.31850238166666
7442.63326869999	0.0001245043249637834	124.04388781166651
7529.17590099999	9.96528167046593e-05	125.4862650166665
7573.20507389999	0.0001067838838611477	126.22008456499982
7604.58342669999	0.00019924278943423844	126.7430571116665
7642.5406071	2.0998100371853025e-05	127.375676785
7649.11973789999	0.00013740838568187863	127.48532896499982
7788.8001418	9.988602748146346e-05	129.81333569666668
7873.8242886	0.0001597876844101401	131.23040481
7891.0315526	0.00011400860454899102	131.51719254333335
7910.7687838	0.00014554394458335455	131.84614639666668
8036.27995379999	0.00024231564943972953	133.93799922999983
8060.06661439999	0.0001452895265431498	134.33444357333317
8063.10260969999	7.552662004599999e-05	134.38504349499985
8112.69969109999	2.345759289441362e-05	135.21166151833316
8120.79820679999	0.00010716729364113246	135.34663677999984
8122.31591059999	0.0002588618315922763	135.37193184333316
8175.45572119999	2.1155742937977943e-05	136.25759535333316
8182.03429099999	0.00012586868463410354	136.36723818333317
8240.23596249999	0.00017926642065995034	137.3372660416665
8433.05792029999	0.0002151486240118078	140.55096533833319
8445.71011029999	0.00014878127365465258	140.7618351716665
8450.77062519999	0.00010911710737076734	140.8461770866665
8468.99104929999	2.203418628484523e-05	141.1498508216665
8469.49613719999	0.00014410374698659305	141.1582689533332
8471.01548339998	0.0001622346527458455	141.18359138999966
8551.98936269998	0.00025446803866948465	142.53315604499966
8570.71538129998	0.00011728622254938044	142.84525635499966
8705.33569999998	0.00016315261044176708	145.088928333333
8752.90827479997	5.7895263405673636e-05	145.88180457999948
8793.90197039998	0.00021521901641430207	146.56503283999967
8797.95032159998	0.00012297356479792562	146.63250535999967
8902.71200569997	0.00021855765740677675	148.37853342833284
8925.48635489997	0.0001469072447689335	148.75810591499948
8952.81510679997	0.00016159404773578222	149.21358511333284
8964.45490549997	0.0001194197215906707	149.40758175833284
9030.75308159998	0.00014765801445035023	150.51255135999966
9053.52816639998	0.0002048394636357429	150.89213610666633
9097.05214619996	0.00015501010546649098	151.61753576999934
9108.18537139996	0.00014020598069031025	151.8030895233327
9146.14317609996	0.00012737021235300437	152.435719601666
9284.81294529997	0.00011667892343151071	154.74688242166616
9356.67759829997	0.00019207964668581845	155.94462663833284
9481.68229969995	0.00012548002219529744	158.0280383283325
9590.99810999995	0.00014041363188879868	159.84996849999916
9680.57637959995	0.00020367287431354882	161.34293965999916
9924.51373109996	0.00012730754941774812	165.40856218499934
10084.9442513	0.0001668256583256406	168.08240418833333
10117.3352546	0.00011290683750969054	168.62225424333334
10140.1084073	0.00018060730907956018	169.00180678833334
10164.4010645	0.00016247003035304585	169.40668440833332
10209.443951	6.909386349274688e-05	170.15739918333333
10226.1441892	0.00019451491845719375	170.43573648666668
10403.7832727	1.7591648579845756e-05	173.39638787833334
10414.9169817	0.00016283670674174404	173.581949695
10601.1590462	0.00010609171800136893	176.68598410333334
10630.5126207	4.871768629511059e-05	177.17521034499998
10731.2245589	0.00012639719383271444	178.85374264833334
10834.4684984	0.00018657839541782597	180.57447497333334
10840.0353413	0.00013841580329963977	180.6672556883333
10847.6266327	0.00013140340323646954	180.79377721166665
10890.6446861	0.00010203017710055559	181.51074476833335
10974.6560592	0.00016635037820971824	182.91093432
10989.8384534	0.00010136283862052973	183.16397422333333
11063.72789	0.00011605724254665927	184.39546483333334
11140.1473118	8.792948055659361e-05	185.66912186333332
11171.0190094	0.0001098397173892948	186.1836501566667
11212.013667	0.00011583159735358868	186.86689445
11271.2264611	7.739922034106795e-05	187.85377435166666
11347.1399021	0.00013189416642356416	189.11899836833334
11360.8045036	0.00010963521124429758	189.34674172666666
11413.4383738	0.000166159537422633	190.22397289666665
11478.2179526	8.946527400208222e-05	191.30363254333332
11575.3876767	0.0001498357249001579	192.923127945
11689.7649835	1.5048219511387656e-05	194.82941639166665
11713.5514193	0.00010652720312828187	195.22585698833333
11772.7634311	0.0001010172158761955	196.21272385166668
11877.0187335	0.00013110434851683372	197.95031222499998
11890.6832613	7.86195100665588e-05	198.178054355
12003.0358346	0.00018005841529502423	200.05059724333333
12004.5541099	6.253637765543783e-05	200.07590183166667
12235.3328713999	0.00010649156358357008	203.92221452333166
12325.9239231999	0.00011450035358285289	205.432065386665
12452.9531969999	0.00011669581051201642	207.54921994999833
12487.8728789999	0.00014656562552042645	208.13121464999833
12591.1168836999	6.533082979141145e-05	209.851948061665
12615.9161572999	0.00010505589285547117	210.26526928833167
12670.5743983999	9.849526250963953e-05	211.17623997333166
12699.9282570999	8.88739269483252e-05	211.66547095166501
12738.8966463999	6.021304947680096e-05	212.314944106665
12821.8962468999	0.00014223045604077055	213.698270781665
12861.8771561999	0.00010880594170576813	214.36461926999834
12916.5346489999	0.00011984398492144771	215.27557748333166
12974.2300494999	6.639723709379293e-05	216.237167491665
12976.2534884999	0.00011395284478459756	216.27089147499834
13072.918383	8.274493378967643e-05	217.88197305
13208.5512248999	0.00010539629005059021	220.14252041499833
13282.440997	6.49163076598137e-05	221.37401661666667
13357.3417618	9.825080703672937e-05	222.62236269666667
13484.3721948	9.860137260671157e-05	224.73953658
13699.4611493	8.453829207508509e-05	228.32435248833332
13721.7282527	0.00013656439909867497	228.69547087833334
13740.453737	1.6023175921653078e-05	229.00756228333333
13903.4158142	9.92143966953494e-05	231.72359690333332
13926.6970141	0.00012472719943396998	232.11161690166668
14178.7304742	0.00013697782726654117	236.31217457
14276.9131115	6.350058427083981e-05	237.94855185833333
14322.4602371	9.902937959915292e-05	238.70767061833334
14510.7275247	1.4351761090251623e-05	241.845458745
14519.8368614	0.0001578181751644511	241.99728102333333
14776.4258404	0.00013377877002162888	246.27376400666665
14791.1026413	8.899856601718778e-05	246.518377355
14848.7966495	1.1355704576046126e-05	247.47994415833332
14873.0891235	7.630860322078452e-05	247.884818725
14885.2363486	7.463083598359009e-05	248.08727247666667
15151.4403545	7.373072798367173e-05	252.52400590833335
15204.5808293	7.145056727725034e-05	253.40968048833332
15258.2261829	6.43976713396389e-05	254.303769715
15388.7988944999	7.100305313128465e-05	256.4799815749983
15493.0534412	8.406547716120224e-05	258.21755735333335
15570.4849925999	7.22828029031217e-05	259.50808320999835
15660.5699141999	0.00011010081597484197	261.0094985699983
15732.4350827999	6.73344166352737e-05	262.20725137999835
15835.1718310999	4.6513596736468236e-05	263.91953051833167
15843.7756679	0.00012231551286543638	264.0629277983333
16103.9073506999	5.6018352492914534e-05	268.3984558449983
16115.0407557999	7.137846647386102e-05	268.584012596665
16122.1268299999	0.00010612692577208607	268.7021138333317
16137.8153200999	7.74806902020133e-05	268.9635886683317
16350.3746689999	0.00010076281564209048	272.50624448333167
16380.7411243999	0.00011842070109387513	273.01235207333167
16835.7175031999	1.8175649476541295e-05	280.59529171999833
16842.8037116999	0.00022729090123402808	280.7133951949983
16881.2664919999	0.0001391123877701412	281.3544415333317
16954.1439286999	0.00015821932422108796	282.5690654783317
16964.7718285999	0.00018173082428620864	282.74619714333164
17010.3206939999	0.00010546173713804535	283.5053448999983
17276.0183145	0.00010922182192963331	287.93363857500003
17379.2615126	9.613498725567658e-05	289.65435854333333
17570.0584628	0.00016813669513314326	292.8343077133333
17583.7234650999	1.9306477022718145e-05	293.062057751665
17778.0637185999	0.00014193508238841365	296.301061976665
17809.9462020999	0.00023203934254130987	296.832436701665
17810.9584103999	0.00014892429886604198	296.84930683999835
17943.5567089999	8.044348844936432e-05	299.05927848333164
18001.2519559	0.00018080434130848894	300.02086593166666
18020.4834073	0.00012770851940215828	300.3413901216666
18077.1651266	0.00025437553070339815	301.2860854433333
18106.0122211	0.00020673982485726694	301.7668703516667
18221.4021055	2.903559247449062e-05	303.6900350916667
18414.2229828	0.00018794553159498634	306.90371638000005
18495.1982366	0.00024167438779931866	308.2533039433334
18505.8255074	0.00016844249711359856	308.43042512333335
18631.842575	0.00032640692874732726	310.5307095833333
18656.1355145	0.0002529409540960282	310.9355919083334
18752.7983252	0.00011502796064274085	312.54663875333335
18779.1153949	2.9282729306545926e-05	312.98525658166665
18923.3519969	0.000280842740679905	315.3891999483333
19165.7713665999	0.0003937651668269199	319.429522776665
19224.9833914999	0.0001385416857670829	320.4163898583317
19241.1781594999	0.00018290004712680046	320.68630265833167
19285.7146177	0.00025858648599389	321.42857696166664
19364.1588126999	0.000163091534304896	322.73598021166504
19406.1652546999	0.0003292808383776476	323.43608757833164
19528.6398490999	0.00035495654784740874	325.4773308183317
19544.8348581999	3.6711258608790145e-05	325.747247636665
19638.9681399999	0.00028446305649709074	327.316135666665
19652.1263859999	0.00024853091327424107	327.53543976666504
19684.0101285999	6.721889574866337e-05	328.066835476665
19794.3381878999	0.00034346068924554857	329.90563646499834
19985.1348224999	3.703298322076678e-05	333.0855803749983
20035.7442063	0.0002502572087979312	333.92907010500005
20131.9017988999	0.0002870836587880223	335.53169664833166
20274.1142458	0.0003955717395691393	337.90190409666667
20494.7715416	0.00033265603366119435	341.5795256933333
20656.214707	0.0002606748280176019	344.2702451166667
20772.6171287999	0.00044967862696772466	346.21028547999833
20786.2806228999	0.00010983325577563956	346.438010381665
20813.1043284	0.0001974873532137269	346.88507214000003
20827.7808676	0.00033093973176257717	347.12968112666664
20910.2735305	4.54248587034534e-05	348.50455884166666
20953.2910975	0.00024050790633521005	349.2215182916667
21019.5895642	0.0005452477273510675	350.32649273666664
21079.3084972	0.00021356968378338694	351.3218082866667
21207.3495924	0.00043158277303289113	353.45582654000003
21249.8627647	0.00022293593391323823	354.16437941166663
21356.1412415	0.00031542361987287835	355.9356873583334
21398.6535536	0.00035637323960946204	356.6442258933333
21476.5911672	0.0002709926249929628	357.94318612
21491.7744359	0.00034693079271229117	358.1962405983333
21609.6942409	0.0005091468949646184	360.16157068166666
21796.9483394	0.0002702000429902944	363.28247232333337
21853.1246592	0.00032127083567957076	364.21874432
21875.3938743	3.6268912222784614e-05	364.589897905
21977.1173682	0.0002907381371839252	366.28528947
22036.8364831	0.00021206215865087475	367.28060805166666
22156.2744585	0.0003432159584617277	369.271240975
22276.2197546	0.0003177128368294567	371.2703292433333
22391.6083281	0.00036851408821699606	373.193472135
22411.3463355	0.00025563444432748754	373.52243892499996
22573.8019126	0.00024968750410670236	376.23003187666666
22690.7095294	0.00022442679564337208	378.17849215666666
22697.2880353	0.00021327870077465314	378.28813392166666
22899.2183424	0.00024892396580001165	381.65363904
23014.6075221	0.00030852228168601396	383.576792035
23082.9310474	0.00029529819649360735	384.7155174566667
23234.2527688	0.00024153963548409474	387.23754614666666
23288.9107019	3.815418530215995e-05	388.1485116983333
23344.0750752	0.00022621205880540574	389.06791791999996
23539.4263187	0.00018673027475914528	392.32377197833335
23541.956805	0.0002805636766001836	392.36594675000003
23594.0836103	3.4019802549066e-05	393.23472683833336
23662.9136829	0.00011707152713382489	394.38189471500004
23768.686928	0.00024754869880436826	396.1447821333333
23839.5396789	0.0004067832582159901	397.325661315
23847.1301488001	0.00022376665087137367	397.4521691466683
23852.1920298001	0.00013101689910035062	397.53653383000164
23856.2399232001	0.00023083841528702	397.6039987200017
23921.5261905001	0.0001811129491718964	398.69210317500165
23987.3177557001	0.00011313862714357291	399.78862926166835
24149.773595	0.0002629501037066142	402.49622658333334
24314.2550161001	0.0003419206929974213	405.23758360166835
24399.7846908	0.0003427732701302392	406.66307818
24572.3611535	0.0001836148537715429	409.5393525583333
24594.1240316	3.647837744177139e-05	409.9020671933333
24642.2029854	0.0002893887123675016	410.70338309
24685.2202225	0.00021196782268742358	411.42033704166664
24769.2313651	0.0002611433763464531	412.82052275166666
24845.6515452	0.00015188141326364767	414.09419241999996
24927.6381616001	0.000254965417785794	415.46063602666834
24931.1808939001	0.0001969959262155181	415.51968156500163
25048.5957368	0.00025234671074019426	417.47659561333336
25063.2721299	0.00019701877297540664	417.721202165
25170.5632979001	0.00029093377619919265	419.50938829833495
25183.2156646	7.954358039520754e-05	419.72026107666665
25221.6792663	0.00023495077485731174	420.361321105
25454.9875752	0.0001700971728059383	424.24979292
25469.1585219	0.00013906163289548412	424.485975365
25541.0227588	0.00012786985186127422	425.6837126466667
25658.4363634001	4.3879412001129805e-05	427.64060605666833
25699.9364480001	6.655318865731113e-05	428.332274133335
25716.1306702001	0.0001502985526028357	428.6021778366683
25749.0275862	0.0001147963465882201	429.15045977000005
25795.5882479	0.00014268699354034	429.9264707983333
25854.2948704	1.7736107996343995e-05	430.90491450666667
25992.4580096001	0.00024381335381742052	433.20763349333504
26098.2310681	6.158697312344493e-05	434.9705178016667
26101.7736609	0.00018681856821807144	435.02956101499996
26395.3077063001	0.0005638442671997159	439.92179510500165
26446.9285846001	0.000784671070949452	440.7821430766683
26454.5212003001	0.0003572115516720248	440.9086866716683
26526.8926938001	0.00035438383883129273	442.11487823000164
26719.7148971001	0.0005513060050610755	445.328581618335
26732.8722603001	0.0004109301418758811	445.5478710050017
26739.4517209001	0.00032418907704478105	445.65752868166834
26876.0963917001	0.00040544565924912566	447.93493986166834
27034.5045145001	0.0006269657525515876	450.5750752416683
27113.9601825	0.000324819224440977	451.89933637499996
27413.0612836	0.0005149995750828589	456.8843547266667
27482.3956821	0.0009682426921356592	458.039928035
27482.9025675	7.337953526294333e-05	458.048376125
27619.5468119	0.0006351076618162377	460.32578019833335
27693.9432738	0.0003288011645178932	461.56572123
27870.5685283	0.0008539014462630986	464.50947547166663
27875.6297482	0.0003189636550197116	464.59382913666667
28107.9261749	0.0005832171500352001	468.46543624833333
28186.3708232	0.0005225919201859613	469.7728470533333
28287.5902425	0.00038765135754151173	471.45983737499995
28470.7950681	0.00042907718585006156	474.513251135
28539.6231223	0.00041891692990500773	475.6603853716667
28631.2265376	0.00021424779836404218	477.18710896
28773.9441276001	0.0006231462213421886	479.5657354600017
28779.0059602001	0.0003798345977899929	479.6500993366683
28790.1393597	0.0005523010262881609	479.83565599499997
28808.3584478001	0.0003845772756814491	480.139307463335
28849.8583363001	0.0006036305511248099	480.8309722716684
29029.5227353001	0.0005786105377252477	483.82537892166835
29037.1143873001	0.0005821946872613087	483.9519064550016
29114.5460702001	0.00039675095826146716	485.242434503335
29123.6557507001	0.0004968581510973514	485.3942625116684
29221.8383063001	0.00040757023338938134	487.03063843833496
29266.8809505001	0.00016631138929178535	487.7813491750017
29676.3091972001	0.0007239075716785654	494.6051532866683
29734.0035632001	9.923940601231438e-05	495.566726053335
29767.9113321001	8.604994659660125e-05	496.13185553500165
29889.8805557001	0.0001351960731803818	498.164675928335
29898.9894810001	0.00012586230663653961	498.3164913500016
29908.1000453001	6.241546969661592e-05	498.468334088335
29944.5377075001	0.00011713124556065071	499.075628458335
29950.6116236001	0.00011478319220887009	499.176860393335
29965.7941442001	0.00014448292719303335	499.429902403335
30002.2321418001	0.00015091707849688876	500.03720236333504
30045.2504801001	0.00013046511980076113	500.754174668335
30178.8596571001	2.9060061981883313e-05	502.98099428500166
30379.2723884001	0.00029533306966076023	506.321206473335
30385.3445545001	0.00018243963556034245	506.42240924166833
30434.4355849001	0.0002012375374107192	507.24059308166835
30571.5867499001	0.0002146168687398851	509.52644583166835
30593.3487552001	0.0003405612121599686	509.8891459200016
30651.5492250001	0.0002692886931519458	510.85915375000167
30660.6589438001	0.00015144049620311866	511.01098239666834
30678.8789517001	0.0002315857096560486	511.31464919500166
30921.2966257001	0.0002154257421172014	515.3549437616683
31061.9911297001	0.00013183366754324492	517.6998521616683
31089.3199814001	0.00018078736965637264	518.155333023335
31090.8384420001	0.00018188195860886284	518.1806407000016
31109.0572541001	0.00021643256592762813	518.4842875683349
31194.5862305001	0.00014135044036098728	519.909770508335
31232.0382707001	0.00016416876996269906	520.533971178335
31346.4144680001	2.7969228875929124e-05	522.440241133335
31401.5786568001	0.0001332801063179872	523.3596442800016
31463.8282489001	0.00023304876018739022	524.3971374816683
31481.0359725001	0.00021588095134658248	524.6839328750017
31648.0463886001	0.00026086173689967245	527.4674398100017
31773.0511102001	0.00022187131760396787	529.5508518366684
31921.8428091001	0.00019984333449543935	532.0307134850017
31965.3663100001	0.00027056794269841525	532.7561051666684
32053.9336105	0.00033340587595212187	534.2322268416667
32153.1275035	0.00034533445305413564	535.8854583916667
32266.4923768	0.00024235833898622405	537.7748729466667
32268.0095625	8.058537214324855e-05	537.800159375
32495.2450903	0.001188624986686548	541.5874181716666
34012.0044896	0.00043366781678326103	566.8667414933334
34030.2245931001	0.000530524481421103	567.1704098850017
34172.4355318001	0.00033416625984880377	569.5405921966684
34336.4095215001	0.000561801717871082	572.2734920250017
34694.7240677001	0.0005474851663973924	578.2454011283351
34982.1850846001	0.0005020442665101187	583.0364180766684
35011.5383692001	0.0002634967879370428	583.5256394866683
35209.9262228002	0.00019231858692054707	586.8321037133367
35471.0701671001	0.00023924362900986992	591.1845027850017
35979.6933282001	0.0005238513891190589	599.6615554700016
35994.8763923001	0.00022937416533289838	599.9146065383351
36032.8327775001	0.00018730567036699425	600.5472129583351
36137.5948653001	0.002728241280082843	602.2932477550017
36232.2338601001	0.0006282722513089005	603.8705643350017
36248.9350316001	0.0014825139381652306	604.148917193335
37509.6121842002	0.005089973581930593	625.1602030700034
39289.0340924001	0.0017455391776570986	654.817234873335
41111.4731045	0.001271905031091012	685.1912184083334
41893.8942062001	0.0013102343863735624	698.231570103335
44066.5525226997	0.0009812472743131269	734.442542044995
46842.4719309997	0.0017064846416382253	780.7078655166617
