retention_time	intensity	retention_time_min
52.6625312	0.0001072899859949713	0.8777088533333333
54.6867274	0.00010496416904956535	0.9114454566666667
160.967291	4.5604580479571094e-05	2.6827881833333334
192.3460535	0.00011825440072161593	3.2057675583333336
192.8521811	0.00010136453983570568	3.2142030183333334
219.1692054	8.619469868619506e-05	3.65282009
220.180943	0.00010754548611152259	3.6696823833333334
240.4241298	9.25196494764428e-05	4.00706883
244.9796597	1.4260176347044778e-05	4.082994328333333
264.2103035	8.224126044036293e-05	4.403505058333334
271.2965624	0.00014230259597260324	4.521609373333334
276.8635454	0.00010888975277710367	4.614392423333333
292.045519	9.923826827349443e-05	4.867425316666667
308.7469284	1.3403895410297706e-05	5.14578214
312.7953967	0.00014900434853282695	5.213256611666667
316.8443227	5.818579684698965e-05	5.280738711666667
331.5212433	0.0001359116586089056	5.525354054999999
374.5394018	0.00018741244467232286	6.242323363333333
379.0938595	0.00011337331192237347	6.318230991666667
436.2825486	0.00010067655856684954	7.271375809999999
523.3306487	8.650558554991205e-05	8.722177478333332
568.879774900001	4.5490230186286786e-05	9.481329581666683
569.890917500001	0.00011371865221176243	9.498181958333351
616.452015	0.0001234694927461673	10.27420025
631.128716	8.05173504009391e-05	10.518811933333334
639.2256541	0.00010708666606258804	10.653760901666667
690.3420202	0.00014700512031576575	11.505700336666667
752.084491000001	9.423506398691274e-05	12.534741516666683
762.712787800001	7.962018039299769e-05	12.711879796666684
793.077949600001	6.679824464201603e-05	13.217965826666683
799.658212100001	7.492473042771675e-05	13.32763686833335
802.694730000001	7.689694977411892e-05	13.378245500000016
822.431861300001	0.00010987198249312544	13.707197688333348
832.047621600001	0.00013283141278600858	13.867460360000017
844.699259100001	0.000102916005792163	14.078320985000015
860.388471600001	1.3804599876740262e-05	14.339807860000017
922.6376104	0.00010145041683804657	15.377293506666666
1006.6502838	9.241778118109924e-05	16.77750473
1010.6986274	0.0001249697387975462	16.844977123333333
1020.3142944	0.00014310419838330587	17.00523824
1023.8569898	0.00015846815368347815	17.064283163333332
1046.6314585	9.397573279935172e-05	17.443857641666668
1092.1798685	0.00014802846314581632	18.202997808333336
1122.5449393	8.33983776278539e-05	18.709082321666664
1138.2334867	1.4455611314953077e-05	18.970558111666666
1158.4782569	0.0001131442026113552	19.30797094833333
1161.0083719	0.00011804141306523735	19.350139531666667
1182.2643119	0.00011343336960362792	19.704405198333333
1185.8067892	0.00015368558398361676	19.763446486666666
1191.3737952	6.0315825149209866e-05	19.856229919999997
1205.0380167	9.435181466114244e-05	20.083966945
1215.1603343	8.245093520135558e-05	20.252672238333332
1222.2449713	0.0001260897993352338	20.370749521666667
1306.7630396	9.757843373208517e-05	21.779383993333333
1339.6589581	5.1322043318308075e-05	22.327649301666668
1341.6828915	8.41826874923575e-05	22.361381525000002
1345.2254644	0.00011598036960355802	22.420424406666665
1347.7562817	6.869128620729481e-05	22.462604695
1401.4018324	7.415507737224198e-05	23.35669720666667
1404.9442941	7.670174933428226e-05	23.415738235
1405.4513407	9.593228712993277e-05	23.424189011666666
1448.4692779	9.458679462210078e-05	24.141154631666666
1469.217839	8.3376553462753e-05	24.486963983333332
1501.607871	5.8308652342775526e-05	25.026797849999998
1518.8152807	0.00015226075023668016	25.313588011666663
1523.3698622	0.00019730929755035114	25.389497703333333
1523.8762041	8.094076692414362e-05	25.397936735
1528.9374231	0.00013025921583952066	25.482290385
1554.2425218	0.00010308406457594312	25.904042030000003
1566.388586	8.93274901864288e-05	26.106476433333334
1566.8948043	0.00013590564319150393	26.114913405
1602.3207108	8.965007002942322e-05	26.70534518
1615.9856973	0.00011316764029860648	26.933094955
1620.5407609	0.00016641005205129597	27.009012681666665
1638.2530515	0.00010356115561993914	27.304217525000002
1649.8937383	8.088002666117506e-05	27.498228971666666
1671.6563672	0.00010034723872670227	27.860939453333334
1685.3205675	9.708962918144707e-05	28.088676125
1710.6250707	7.702589709649488e-05	28.510417845
1711.636405	7.639838427211929e-05	28.527273416666667
1714.6739147	0.0001401756099559247	28.577898578333336
1719.2288481	8.668899910273722e-05	28.653814135
1757.6911185	0.00010355823489873437	29.294851974999997
1798.1791299	0.00010891863133750146	29.969652165
1810.832032	4.9147294441441e-05	30.180533866666668
1840.1843403	0.00012090586944655338	30.669739005
1848.2815248	4.3552775400612404e-05	30.80469208
1849.2948237	7.568867387239386e-05	30.821580395
1850.3059158	0.00014438692602168252	30.838431930000002
1851.8254351	9.985147505014817e-05	30.863757251666666
1873.5870226	0.00011677453894909712	31.226450376666666
1878.1421023	5.605217925549554e-05	31.302368371666667
1879.6600074	8.44345519745513e-05	31.327666790000002
1886.7450547	0.0001269953353982835	31.445750911666668
1889.2759976	0.00017440508487714132	31.487933293333334
1910.5311297	9.352270263606491e-05	31.842185495000003
1931.2815258	8.068390612794267e-05	32.18802543
1932.7996237	0.00012450364862219131	32.21332706166667
1941.4034478	0.00010967565501136131	32.35672413
1964.1771249	0.00011347497818238822	32.736285415000005
1966.2024117	7.815481974443924e-05	32.770040195
1971.7689235	9.258571741555678e-05	32.862815391666665
1981.3846686	7.265698697251103e-05	33.02307781
1985.4331451	8.06622933328222e-05	33.09055241833333
2001.122841	0.0001037180306553415	33.35204735
2004.1590517	0.00013192310680439887	33.402650861666665
2017.3165948	9.934223232540742e-05	33.62194324666667
2041.6095972	6.661091967079931e-05	34.02682662
2045.152177	8.986299561046775e-05	34.08586961666666
2055.7808685	0.0001085305881434808	34.263014475
2063.3721392	0.0001299009283184884	34.38953565333334
2075.0117214	1.302076928441035e-05	34.58352869
2118.0302932	3.12513081109473e-05	35.300504886666666
2129.6704655	8.638763647072847e-05	35.494507758333334
2158.5174771	8.45281646935854e-05	35.975291285000004
2232.4064782	0.00022098616786063745	37.206774636666665
2232.9124335	8.438934381591093e-05	37.215207225
2280.9922954	7.194775486108548e-05	38.016538256666664
2281.498023	7.71213633187426e-05	38.02496705
2285.5467922	5.1826153674122216e-05	38.092446536666664
2302.2477113	8.027321665424685e-05	38.37079518833333
2308.3202887	9.994196207822015e-05	38.47200481166667
2312.8763529	9.716270101644627e-05	38.547939215
2327.0457749	3.079168683670192e-05	38.784096248333334
2338.1806794	0.00012769472012346005	38.96967799
2341.7236444	7.59767167410536e-05	39.02872740666667
2363.4846888	8.923081045807905e-05	39.39141148
2369.5585326	9.528199099895274e-05	39.49264221
2377.1491481	6.191588091455694e-05	39.61915246833333
2381.7036681	0.00010437397935997166	39.695061134999996
2386.2585227	0.00010816965403694248	39.77097537833333
2394.3559905	0.00013892433792860582	39.905933175
2400.4302132	9.540054198140724e-05	40.00717022
2408.020712	0.0001676848098448289	40.13367853333333
2450.5325227	0.00014048485699908223	40.842208711666665
2476.8497391	8.364544596488349e-05	41.280828985
2487.984055	7.035418719865196e-05	41.466400916666665
2495.0685076	8.208206497726114e-05	41.58447512666667
2502.154813	3.092720615252787e-05	41.70258021666667
2514.300157	0.00011788216931272647	41.90500261666667
2529.4833294	0.00010242089046782712	42.15805549
2535.0508139	9.71899908477064e-05	42.25084689833333
2551.750986	6.139226830588036e-05	42.5291831
2557.3178984	4.4162096828213e-05	42.621964973333334
2559.3422771	0.00010243116654220422	42.65570461833333
2586.1658499	0.00010761389979212918	43.102764165
2595.78081	9.10215526241252e-05	43.26301350000001
2603.8790796	8.837050046868448e-05	43.39798466
2609.446112	0.00013799618453678357	43.49076853333334
2628.6780025	0.0001296741784777221	43.81130004166666
2642.8474531	0.00013101077757219376	44.04745755166667
2667.6462289	0.0001102433836975158	44.46077048166667
2668.1529175	0.00010944032870164812	44.469215291666664
2673.7201717	7.751038893807938e-05	44.56200286166666
2684.3483297	0.00010426151979034279	44.73913882833333
2694.4701924	0.00011099563958121896	44.90783654
2704.0858975	0.00010283588064701221	45.068098291666665
2729.8958665	0.00011761134490993477	45.49826444166667
2751.6579897	0.0001470934252973686	45.860966495
2756.7194225	9.968307859096494e-05	45.94532370833333
2778.987637	6.576724701006779e-05	46.31646061666667
2782.0232608	5.51851882954615e-05	46.36705434666667
2782.5302685	6.009275493467564e-05	46.375504475
2784.5537419	8.2837906281951e-05	46.40922903166667
2788.6023624	0.00012844522420070394	46.476706039999996
2792.651691	2.7635093426978484e-05	46.544194850000004
2799.73662	4.882256253356551e-05	46.662277
2810.365275	0.00010183119417693886	46.83942125
2814.4138641	7.161963931314177e-05	46.906897735
2820.4871889	0.00011219997492345208	47.008119815
2843.7669404	3.729035018240474e-05	47.396115673333334
2852.370591	0.00014065094889886031	47.539509849999995
2868.5657397	9.461797070877668e-05	47.809428995
2873.6261759	5.8314871721575076e-05	47.89376959833333
2875.6512341	4.671495847872469e-05	47.92752056833333
2883.748977	0.00011731342817249554	48.06248295
2892.8583096	0.00012752700665040386	48.21430516
2904.498365	0.0001006733585391677	48.40830608333333
2912.5959389	9.24558037298588e-05	48.54326564833333
2917.6562295	0.00013679320678435216	48.627603825
2920.1870245	8.170727064088237e-05	48.66978374166667
2926.2597286	9.762006329130376e-05	48.77099547666667
2927.7790583	0.00018045561270628005	48.796317638333335
2931.827733	0.00010369107449280017	48.86379555
2935.3698905	5.59344531075436e-05	48.92283150833334
2939.9247297	0.00010167264845688783	48.998745495
2952.0709689	8.071215218659236e-05	49.201182815
2953.5895118	9.267672937420943e-05	49.22649186333333
2971.3023773	4.088588836799418e-05	49.521706288333334
2992.051839	0.00011685627701924936	49.867530650000006
3021.91262989999	6.278310599740877e-05	50.36521049833316
3028.9965336	8.304484509358482e-05	50.48327556
3035.57606879999	0.00010559319484304073	50.59293447999983
3038.61274599999	0.00013754721572693704	50.6435457666665
3044.68657109999	7.238996354690648e-05	50.744776184999836
3046.20451089999	9.787256991397201e-05	50.7700751816665
3047.21600399999	9.138467965515932e-05	50.78693339999983
3072.01432109999	2.975418182151096e-05	51.20023868499983
3072.52100309999	8.431901716877547e-05	51.20868338499984
3082.64329729999	0.0001079149496693575	51.377388288333165
3093.27147049999	3.367803093415768e-05	51.55452450833317
3097.31915699999	9.711459604867395e-05	51.62198594999983
3111.99607649999	8.143685522964302e-05	51.86660127499984
3118.57546789999	0.00016770916349822287	51.97625779833317
3127.68489729999	0.00011759794941067197	52.1280816216665
3134.26484159999	9.90496881422056e-05	52.23774735999984
3144.89250689999	0.0001566870607083553	52.41487511499984
3179.81320129999	0.00014208937274455183	52.99688668833316
3186.89809269999	0.00016462724932693465	53.11496821166649
3205.11727229999	0.00011357498110636039	53.41862120499983
3218.27512939999	6.691422006070786e-05	53.637918823333166
3241.05018659999	0.00021058402361364537	54.01750310999983
3266.35426269999	0.00010035184585956477	54.4392377116665
3275.46442219999	9.152357214455227e-05	54.59107370333317
3313.92740229999	0.0001034986714696395	55.232123371666496
3315.44638319999	9.55618274979876e-05	55.25743971999984
3316.96371009999	0.00010517206492774565	55.2827285016665
3327.59121719999	0.00017987405923987305	55.45985361999983
3351.37875489999	8.887242248333786e-05	55.8563125816665
3356.94470779999	8.023929804633715e-05	55.949078463333166
3358.46393679999	0.00016914309505841943	55.9743989466665
3364.03120079999	0.00014246261512236325	56.067186679999836
3368.58486229999	0.00011203354223094644	56.14308103833317
3369.09157179999	1.1978677953243227e-05	56.1515261966665
3376.17740209999	0.0001132308358971138	56.26962336833317
3387.31164959999	0.0001742662916894782	56.45519415999983
3408.06071079999	7.363957538651905e-05	56.8010118466665
3419.19500949999	5.9161961664268676e-05	56.9865834916665
3421.72539249999	0.0001264134291350548	57.0287565416665
3423.24366539999	6.998368290278549e-05	57.05406108999983
3439.94502979999	3.9208457322764606e-05	57.33241716333317
3440.45129099999	0.0001434024624251405	57.34085484999983
3460.18796819999	9.263882568927073e-05	57.66979946999983
3460.69395779999	7.591209490230889e-05	57.67823262999983
3467.27292279999	0.00011786076858145794	57.787882046666496
3473.85266759999	4.8896345822733094e-05	57.897544459999835
3482.45622709999	7.21122793868185e-05	58.04093711833317
3500.16911819999	4.6420875166127955e-05	58.33615196999983
3501.68858139999	0.00012160746448727471	58.3614763566665
3510.29182819999	7.997107031937936e-05	58.504863803333166
3540.15060549999	9.72390932221556e-05	59.0025100916665
3548.24818529999	0.00017569383841404187	59.137469754999834
3565.9615651	0.0001032720566293639	59.432692751666664
3576.59053949999	0.00011238954215310266	59.60984232499983
3582.15652489999	9.926583796573911e-05	59.70260874833317
3583.67553899999	0.00015877056434373044	59.72792564999983
3612.0162513	6.938172580223361e-05	60.200270855
3629.2242109	6.477579742590538e-05	60.48707018166667
3657.5644551	0.00012849056688467046	60.959407585
3660.0955234	8.506395677204379e-05	61.00159205666667
3675.2779278	9.788252646712442e-05	61.25463213
3676.7964686	6.347081183508222e-05	61.27994114333333
3691.9791127	0.00013384837890851968	61.53298521166666
3697.039482	5.9175051149941475e-05	61.617324700000005
3702.606491	7.329221123136264e-05	61.71010818333333
3704.1256094	8.25544480280438e-05	61.735426823333334
3706.6566449	8.997941337879662e-05	61.77761074833334
3747.64944189999	0.00012908689654576427	62.4608240316665
3787.63104409999	5.658882559323952e-05	63.127184068333165
3798.25834969999	7.057427785329313e-05	63.30430582833317
3803.3196869	7.478854767368799e-05	63.38866144833333
3810.91060389999	0.00013377162366260106	63.5151767316665
3823.5630035	0.00011930851130408198	63.726050058333335
3833.1798103	6.951757252469709e-05	63.88633017166667
3858.4836601	9.304832899866344e-05	64.30806100166667
3867.0872585	7.901755679229111e-05	64.45145430833334
3883.2820626	7.813477087558649e-05	64.72136771
3885.30735329999	0.0001034115288079981	64.75512255499983
3888.8500066	8.816970336975486e-05	64.81416677666667
3924.7819717	0.00014168358928398105	65.41303286166666
3930.3494919	8.814868758509324e-05	65.505824865
3945.0257311	0.00010953979032883694	65.75042885166667
3955.1477461	6.335128286347799e-05	65.91912910166667
3988.5500355	8.078006104229142e-05	66.475833925
3992.5989078	5.657407698426322e-05	66.54331513
3995.635655	8.009163692194238e-05	66.59392758333334
4000.6955147	7.121476593035447e-05	66.67825857833333
4037.6411567	6.995410091874755e-05	67.29401927833334
4045.23217619999	6.578257305685661e-05	67.42053626999983
4053.83509549999	6.585683997637651e-05	67.56391825833317
4068.00619769999	7.50945187197252e-05	67.80010329499983
4069.01878949999	6.771636571033991e-05	67.81697982499983
4081.16475849999	1.1476283622323157e-05	68.0194126416665
4101.4081908	0.00011095421573861843	68.35680318
4125.19502199999	0.00011858089297956613	68.75325036666649
4127.72540879999	6.7225670195769e-05	68.79542347999983
4214.2673235	6.436364454232185e-05	70.237788725
4220.340085	8.885974333434025e-05	70.33900141666666
4231.4741236	6.421133314862041e-05	70.52456872666667
4255.2601321	1.1027395481120364e-05	70.92100220166667
4278.5406169	5.152678295612359e-05	71.30901028166666
4304.8575412	0.0001255736296330891	71.74762568666667
4329.6562541	3.582483435221727e-05	72.16093756833334
4366.0947425	7.878168826185051e-05	72.76824570833334
4373.1798685	7.140597598916472e-05	72.88633114166667
4398.99140659999	5.699024297814448e-05	73.31652344333317
4461.2399041	8.711244217387248e-05	74.35399840166666
4466.8069886	6.042918667737865e-05	74.44678314333333
4480.4714662	5.663920171090846e-05	74.67452443666666
4485.5324914	0.00010893776579708262	74.75887485666667
4526.5260768	7.692530987837093e-05	75.44210128
4541.7095566	0.00012136544416737275	75.69515927666666
4562.4591792	9.792386456905277e-05	76.04098632
4573.0863641	9.711743780363463e-05	76.21810606833333
4578.1477512	2.9559716713585473e-05	76.30246252
4581.1837045	3.32190498855926e-05	76.35306174166666
4587.2573645	0.00011263632045872222	76.45428940833334
4605.4764162	0.00012348765578929362	76.75794027
4614.58603549999	5.317458641493631e-05	76.90976725833318
4622.17782499999	8.384496935375516e-05	77.03629708333317
4650.01216539999	0.0001582365345553069	77.50020275666651
4652.54266529999	7.392237396423817e-05	77.54237775499983
4678.35340349999	1.270804014825708e-05	77.97255672499983
4703.15214329999	9.803547655608282e-05	78.38586905499983
4724.40859389999	6.459614800442328e-05	78.7401432316665
4741.61532359999	9.692908896531186e-05	79.02692205999983
4761.85980659999	8.915127481271919e-05	79.36433010999984
4801.84125059999	1.2443376415620718e-05	80.03068750999984
4819.04792349999	0.00010108067332962476	80.3174653916665
4821.57817959999	3.5052609175007844e-05	80.3596363266665
4836.25491179999	7.796408620486521e-05	80.60424852999982
4838.78573839999	8.741944966360847e-05	80.64642897333316
4884.33311619999	0.00010496744628014706	81.40555193666651
4904.5778354	9.095070546929437e-05	81.74296392333333
4914.1932237	0.00011799348863547442	81.903220395
4927.3514358	8.739077391090795e-05	82.12252393
4929.3753622	0.0001008830072222951	82.15625603666668
4937.9796025	0.00014277566761203815	82.29966004166666
4945.5710147	3.177723135746438e-05	82.42618357833334
4948.607951	0.00010276151420098641	82.47679918333333
4954.6808234	8.580030042612481e-05	82.57801372333333
4956.7049364	4.255047014492841e-05	82.61174894000001
4958.2227266	0.00010967305883933369	82.63704544333334
4970.3695135	4.255697409337907e-05	82.83949189166667
4987.5767221	0.00010407502350198837	83.12627870166666
4995.1682725	0.00020072387474728712	83.25280454166666
5020.4723211	9.148354624978791e-05	83.674538685
5061.4656021	6.699979093130932e-05	84.357760035
5088.7943828	5.062451795036216e-05	84.81323971333333
5089.8067373	6.013624714866811e-05	84.83011228833334
5093.8564664	5.2413348604156997e-05	84.89760777333332
5145.4777551	6.810927933547968e-05	85.757962585
5177.3608109	8.31241907380469e-05	86.28934684833332
5183.9401571	7.628066693284113e-05	86.39900261833333
5189.5081006	6.433741580410625e-05	86.49180167666667
5235.0555184	5.6105885833038404e-05	87.25092530666667
5246.6965689	4.35987756326443e-05	87.444942815
5281.61664	0.00011327545865933369	88.026944
5302.8723482	0.00012611565691180807	88.38120580333333
5341.8416303	6.49148508950135e-05	89.03069383833333
5363.6028263	0.00011070311303084366	89.39338043833332
5371.700795	0.00013742719997631415	89.52834658333333
5403.0790572	0.0001010924676448354	90.05131761999999
5432.9376622	9.486963818042577e-05	90.54896103666667
5470.8952723	6.676757156879084e-05	91.18158787166666
5482.0294225	9.233747036983415e-05	91.36715704166666
5484.0535889	7.273042165157896e-05	91.40089314833334
5500.7549447	0.00011663687233978458	91.67924907833334
5515.4315975	8.19917767225084e-05	91.92385995833334
5519.98647290001	7.513288641831391e-05	91.9997745483335
5527.57737470001	9.332708719643605e-05	92.1262895783335
5546.3030389	8.884371110586408e-05	92.43838398166666
5583.7533224	8.889121555238634e-05	93.06255537333332
5642.4610093	6.811302256632707e-05	94.04101682166667
5648.0274742	6.526373984411794e-05	94.13379123666667
5721.91650070001	6.264167995348453e-05	95.36527501166684
5757.8492182	7.341966843249007e-05	95.96415363666667
5774.04531970001	8.583781350034456e-05	96.23408866166683
5801.87978350001	7.418916428698497e-05	96.69799639166682
5828.70298520001	6.243264294826024e-05	97.1450497533335
5840.34266250001	7.559403023144115e-05	97.33904437500017
5858.05622740001	6.0138585470014496e-05	97.63427045666684
5867.16663630001	7.857647435917384e-05	97.78611060500018
5877.79341460001	7.249932517929159e-05	97.96322357666683
5885.38468380001	0.00013593284592472245	98.08974473000016
5908.6654838	5.9038863477615506e-05	98.47775806333334
5926.88482040001	0.00011741917224302066	98.78141367333349
5931.9455227	0.00011361416205839131	98.86575871166666
5940.04342070001	7.867246610686715e-05	99.0007236783335
5958.76886510001	1.4387126712918227e-05	99.3128144183335
5959.78048240001	0.00011304506059659073	99.32967470666684
5962.81770460001	7.504236326369807e-05	99.38029507666684
5988.62752950001	5.637068282158733e-05	99.81045882500015
6008.36593400001	7.164822291487982e-05	100.13943223333351
6020.00633310001	8.038947773370654e-05	100.33343888500016
6036.20036510001	8.249987307711834e-05	100.60333941833349
6121.73052720001	0.00010304110276877986	102.02884212000018
6129.82799780001	2.7307066386104064e-05	102.1637999633335
6137.92592980001	0.00010495401165223918	102.29876549666683
6204.72905810001	3.65323589969213e-05	103.41215096833349
6209.28396980001	0.00012081589729939652	103.4880661633335
6219.91237720001	9.751388605476617e-05	103.66520628666684
6227.50455350001	0.00010228656738358928	103.7917425583335
6252.80889890001	3.00249840922676e-05	104.2134816483335
6261.91866500001	9.328824217627669e-05	104.36531108333351
6321.13072420001	7.877153474751406e-05	105.35217873666684
6384.3926959	0.00011351727295662798	106.40654493166667
6390.9714979	0.00010910632480758558	106.51619163166667
6399.0696132	7.594049943622719e-05	106.65116022000001
6417.2890497	6.655031714894249e-05	106.954817495
6425.8924854	0.00010833770267833958	107.09820809
6426.3981443	6.416165374561165e-05	107.10663573833334
6482.5742031	5.209885892756916e-05	108.042903385
6511.9284708	5.624508348321071e-05	108.53214118
6512.9412986	0.00012130239574880128	108.54902164333333
6523.5696174	0.0001015980505427327	108.72616029000001
6525.593499	0.00011486331265793706	108.75989165
6529.1364625	0.00011378229009588377	108.81894104166666
6532.1724562	0.0001758368105932445	108.86954093666667
6539.7641394	0.00016229755585763162	108.99606899
6540.2697197	8.584566892402982e-05	109.00449532833333
6548.3672722	0.00013490661142521985	109.13945453666666
6572.66033920001	6.771088478120921e-05	109.54433898666683
6608.08590650001	9.847305065140052e-05	110.13476510833351
6709.810922	7.203307843087768e-05	111.83018203333333
6727.5246701	7.50392502839073e-05	112.12541116833333
6729.0427028	0.00010513401881744328	112.15071171333334
6745.7434589	5.618998305898268e-05	112.42905764833334
6746.2502032	9.387133476945686e-05	112.43750338666668
6759.4078163	6.830169450050353e-05	112.65679693833334
6768.5178534	0.00010457473827578405	112.80863088999999
6797.8710471	1.187639366180623e-05	113.29785078500001
6819.1273314	6.103323672846926e-05	113.65212219
6905.1623858	8.388553581226523e-05	115.08603976333333
6919.3334005	6.901280644873401e-05	115.32222334166666
6925.4064054	8.949530818275148e-05	115.42344009
6938.564384	7.145838442337144e-05	115.64273973333334
6940.5888895	8.651290229158963e-05	115.67648149166666
7005.3696988	9.330898509743943e-05	116.75616164666667
7012.9601064	0.0001080552942804161	116.88266844
7024.6011006	9.20778127945903e-05	117.07668500999999
7047.3746108	0.00013960354732078862	117.45624351333332
7127.3370837	2.8935515478244342e-05	118.788951395
7194.1411893	0.00010008473662151495	119.902353155
7217.9275907	0.00017323721614048696	120.29879317833334
7233.616407	0.00012010737270058137	120.56027345000001
7278.6601572	7.194409598159236e-05	121.31100262
7290.8060334	1.7263144943248197e-05	121.51343389
7297.3846037	9.605829520878811e-05	121.62307672833334
7350.5248437	0.00010168081353557177	122.508747395
7406.1946477	8.312619760961685e-05	123.43657746166667
7432.51162839999	0.00010810775394675202	123.87519380666649
7443.64629279999	0.00011149501385345892	124.0607715466665
7457.81563799999	0.0002141650970289194	124.29692729999984
7462.37067379999	0.00015699278322409808	124.37284456333317
7473.50520249999	0.00016170275744312312	124.55842004166651
7494.76129579999	0.00015352208934344254	124.91268826333317
7502.85882069999	5.693999186949884e-05	125.0476470116665
7508.42497319999	0.00010103186346363997	125.14041621999984
7521.07823419999	2.015955616721142e-05	125.35130390333318
7583.83311119999	0.00019182888686082881	126.39721851999983
7601.04095259999	0.0001503895224116518	126.6840158766665
7649.11973789999	1.8851760230745546e-05	127.48532896499982
7712.8868647	0.0001151268063995097	128.54811441166666
7719.4659322	0.00021103854044238012	128.65776553666666
7734.1424466	0.00016250698824208949	128.90237411
7741.2278045	1.9522835861106736e-05	129.02046340833334
7767.5451637	0.00013530982438283035	129.45908606166665
7810.5626551	2.0663244221179367e-05	130.17604425166667
7827.7707352	6.686161780970626e-05	130.46284558666667
7847.5072181	0.00017849918957780009	130.79178696833333
7851.0499958	0.0001508702869709248	130.85083326333333
7883.4398669	0.00013005446904913403	131.39066444833333
7905.2015315	0.00029812094181688677	131.75335885833334
7940.1230954	0.00023200796840219188	132.33538492333335
7951.2560066	0.00017728753919114487	132.52093344333332
7996.80449349999	0.00011913233026057782	133.2800748916665
8016.03580789999	0.00017369490159056797	133.60059679833316
8024.64022529999	0.00026587277152555124	133.74400375499982
8102.07196719999	0.0001251093544124767	135.0345327866665
8113.71207829999	8.993139003198665e-05	135.22853463833317
8136.99266799999	7.23145053346729e-05	135.6165444666665
8163.30996889999	0.00013690769348942918	136.05516614833317
8253.39438159999	8.166022485070433e-05	137.5565730266665
8273.13171599999	0.00020012793566663621	137.88552859999984
8299.44871479998	0.00012058777094716124	138.32414524666635
8312.60646369999	0.0002168589913902672	138.54344106166653
8416.86135879998	0.0001377324063896927	140.28102264666634
8425.97216109999	0.0001449838966046614	140.43286935166648
8462.91700299999	0.00010279176410021294	141.0486167166665
8473.54482689999	0.00017065021295631667	141.22574711499982
8483.66734719999	0.0001373174705187798	141.3944557866665
8503.40428819998	0.0001458231837083309	141.72340480333298
8566.66657389998	0.00015367079378117833	142.77777623166634
8616.76931809997	0.0002199855673927971	143.61282196833284
8689.64638359998	0.0001546797076505637	144.82743972666634
8741.77454309997	0.00012296940245891326	145.6962423849995
8757.46348049997	0.0001201762220419579	145.9577246749995
8777.20067139998	0.00024439444117206225	146.28667785666633
8836.92004889998	0.00013417849461523092	147.28200081499966
8846.53594879998	0.00014357873413369524	147.442265813333
8862.22492669998	0.00013234408893902257	147.70374877833302
8872.34597269998	0.00013586254537521983	147.872432878333
8883.48080649998	0.00013075687610106427	148.05801344166633
8945.22423439997	0.00013112737685684906	149.08707057333282
9012.53360239998	0.0001517349732253843	150.208893373333
9025.69274909998	0.0001488392231945633	150.42821248499968
9027.71660269998	2.17488911690319e-05	150.46194337833302
9040.87546209998	0.00019091676076024176	150.68125770166634
9165.88017209997	0.00012664023457668066	152.7646695349995
9176.50801699997	0.000206169725064348	152.9418002833328
9184.60620859997	0.000140928191607934	153.07677014333282
9224.58735909996	0.0001253501822899113	153.743122651666
9248.88045309997	8.755636190922444e-05	154.14800755166615
9260.01333349997	0.00014296821992186267	154.33355555833285
9267.09978009997	0.00012797587810765815	154.45166300166616
9293.41623819997	0.00014569658606768476	154.89027063666617
9302.52513179997	4.238192964925693e-05	155.0420855299995
9314.16559409998	0.0001067487758057778	155.2360932349997
9337.95148429997	5.131763779551683e-05	155.63252473833285
9340.98844489997	0.0001162230238198893	155.68314074833282
9383.50061719997	0.000161423276454754	156.39167695333285
9394.63502719997	0.0001594462235760352	156.57725045333285
9397.16481829997	0.0001510891635143734	156.61941363833284
9407.79357789997	0.00011957802932301752	156.79655963166618
9427.02493359997	9.968130006833574e-05	157.11708222666618
9557.59587109995	0.0001978040937021664	159.29326451833248
9619.33964619995	0.00017072305405251944	160.32232743666583
9636.04017249995	0.00011161361686125708	160.60066954166584
9642.62021089995	0.0001641597524804817	160.7103368483325
9686.65050599995	0.00017456790672719862	161.44417509999917
9796.47279879995	9.670212777647742e-05	163.27454664666584
9819.24567509995	0.0001289209057088282	163.65409458499917
9863.27687909995	0.00015778230896203516	164.3879479849992
9869.34900549995	1.7148266195965812e-05	164.48915009166583
9870.86791849995	0.0001467422656931145	164.5144653083325
9922.48940629996	0.00011313434997660976	165.37482343833264
9984.73910059996	0.00033251450852852746	166.41231834333266
10019.658841	1.7038542318627558e-05	166.99431401666666
10021.6837742	0.00014860974228044172	167.02806290333334
10022.1893513	0.00018038739088155676	167.03648918833332
10038.8900982	0.00013160913147344775	167.31483497
10082.9204082	0.00012164612453808901	168.04867346999998
10121.8895606	0.00013175110672907896	168.69815934333334
10211.9735521	7.195648509777282e-05	170.19955920166666
10238.290906	0.00023319591026530666	170.63818176666666
10246.388066	0.00018129851575398876	170.77313443333333
10310.155622	0.00013393671236524814	171.83592703333335
10393.1553153	0.00017611087613113075	173.219255255
10550.0433987	8.843364088185736e-05	175.834056645
10605.7138097	0.00013420463883207477	176.76189682833333
10615.8359099	0.00018571465923090293	176.93059849833335
10638.6103182	0.00012831169700587444	177.31017197
10670.4939991	9.93260329907431e-05	177.84156665166665
10716.0423055	0.000153755754734074	178.60070509166664
10734.7684397	8.499942096464321e-05	178.91280732833332
10819.790639	0.00014951610265002654	180.32984398333335
10831.4315527	0.0001282568415348777	180.52385921166666
10835.9866067	0.0001448147071245433	180.59977677833334
10857.24261	0.00012835161964174708	180.95404349999998
10874.4490676	0.0001617743900784088	181.24081779333335
10884.5706329	0.00012209430014680213	181.40951054833334
10886.0889331	0.00013110489197030144	181.43481555166667
10964.0278517	0.00012549264215847345	182.73379752833335
10984.7767823	0.00016711175069261984	183.07961303833332
10996.4179881	0.00012893032028409962	183.273633135
11097.6358786	0.0001899856679340633	184.96059797666666
11176.5864496	0.00019421034148164968	186.27644082666666
11195.8174387	9.854715811162826e-05	186.59695731166667
11199.8671816	3.519717634172516e-05	186.66445302666668
11210.4940943	9.826459194590189e-05	186.84156823833334
11277.2993198	0.00010799355685194575	187.95498866333335
11324.366167	0.00012869702307698495	188.73943611666667
11395.7242817	1.5496321345493928e-05	189.92873802833336
11459.4931966	0.0001770685199838425	190.99155327666668
11563.7478129	0.0001361040564621364	192.729130215
11582.9790437	0.00011450182559271632	193.04965072833332
11587.0279568	0.00010146358712959512	193.11713261333335
11605.7537083	0.000128902130258621	193.42922847166668
11612.3325359	0.00014824592793616487	193.5388755983333
11624.98475	9.535674187545179e-05	193.74974583333332
11707.9834918	1.6680750780575733e-05	195.13305819666667
11733.7946379	6.68940374310069e-05	195.563243965
11814.7693185	6.392503791532672e-05	196.912821975
11821.349383	7.829914527543265e-05	197.02248971666668
11845.6418591	8.821799313262094e-05	197.42736431833333
11850.1966466	3.974697216979767e-05	197.50327744333333
11889.6715264	5.0799994073334024e-05	198.16119210666665
11899.7930044	5.019388651937063e-05	198.32988340666668
11987.8538642	0.00014480444724239956	199.79756440333333
11993.9264988	8.69187309865276e-05	199.89877497999998
12018.7255036	0.00011946139388790196	200.31209172666667
12038.4626663	0.0001435406871126791	200.64104443833332
12048.5848437	7.02416737143656e-05	200.80974739500002
12124.4983754	8.174413947533944e-05	202.07497292333335
12240.9003274999	1.612984164079918e-05	204.01500545833167
12365.9045006999	0.0001753212710929124	206.09840834499835
12372.9896285999	0.0001256856446219355	206.21649380999833
12457.0018200999	0.00015062276177391383	207.61669700166502
12544.0492561999	0.00011105035693548414	209.06748760333167
12550.6281193999	0.0001611025959091075	209.17713532333167
12565.8126061999	0.00012978522111678617	209.43021010333166
12631.0997962999	8.037781695910108e-05	210.51832993833168
12673.1050209999	9.830357111951846e-05	211.218417016665
12833.0298068999	0.0001806396309352367	213.88383011499835
12859.8526085999	0.00014603840810133064	214.33087680999833
12928.1756789999	1.523487092678798e-05	215.46959464999833
12951.9613097999	0.00011147698429032037	215.86602182999835
13040.5282539	9.796694343136493e-05	217.342137565
13058.241287	7.633333790028517e-05	217.63735478333334
13071.9058475	0.00015013996125864493	217.86509745833334
13110.3690573	0.00012447122892328373	218.506150955
13182.7405029999	9.799895467781677e-05	219.712341716665
13499.0482781	0.00011458152299327906	224.98413796833333
13741.9722036	1.4893777578311482e-05	229.03287006
13877.6056886	0.00016155922067657448	231.29342814333333
13971.738785	0.00018711330197533868	232.86231308333333
14039.5549292	9.61270917860054e-05	233.99258215333333
14083.5846507	2.313349081732606e-05	234.726410845
14110.4079682	9.19757948848709e-05	235.17346613666666
14127.1089649	0.00013739067498592402	235.45181608166666
14143.3034093	0.00011272519569159702	235.72172348833334
14353.8389027	0.00010269891412570213	239.2306483783333
14368.0090516	7.3344778108025e-05	239.46681752666666
14428.2338238	9.504910547153086e-05	240.47056372999998
14630.6710972	7.985222857555484e-05	243.84451828666667
14691.4026367	9.190457980592288e-05	244.85671061166667
14883.2113199	8.682002645185304e-05	248.05352199833334
14910.5410357	0.000100763229523834	248.50901726166666
14968.2348969	6.783453409880151e-05	249.470581615
15026.4353492	5.485853761667459e-05	250.44058915333332
15096.2761555	8.862757233482903e-05	251.60460259166666
15171.1785732	7.041487003373715e-05	252.85297622000002
15418.6577444999	0.0001182320287316328	256.97762907499833
15435.3591146999	0.00010096151894829552	257.2559852449983
15529.4918474	7.930609659382809e-05	258.8248641233333
15706.1179849999	6.19854152549841e-05	261.7686330833317
15743.5695869999	7.763098989433008e-05	262.3928264499983
16038.6214752999	8.832485982129266e-05	267.310357921665
16067.4687337999	7.737716762818796e-05	267.79114556333167
16196.0159260999	8.844920436975172e-05	269.9335987683317
16293.6918930999	9.468919663692117e-05	271.561531551665
16386.3081945999	0.00010086676803662493	273.105136576665
16406.5515970999	0.00011117267638450828	273.44252661833167
16534.0872699999	0.00018711455551857572	275.56812116666504
16552.8121960999	5.917585296444312e-05	275.8802032683317
16745.1273452999	0.00015447603633541427	279.08545575499835
16874.6877652999	0.00011426075236430369	281.24479608833167
17196.5616056	0.0001397780090154717	286.60936009333335
17291.7080258	0.00013330995405010053	288.19513376333333
17348.3905541	0.00017670598817008502	289.13984256833334
17372.6822016	9.940661895148957e-05	289.54470336
17541.7171035	0.00013678601246254024	292.361951725
17618.1373287999	1.8841136145631096e-05	293.635622146665
17839.8057703999	0.00014511548774232826	297.3300961733317
17858.5322292999	0.00024417470443975354	297.642203821665
17907.1183475999	1.9625664437772688e-05	298.45197245999833
18185.4695913	7.562169879267519e-05	303.091159855
18308.9558705	0.00014053292235858623	305.1492645083334
18346.4069138	0.0002299193458566645	305.7734485633334
18414.2229828	0.00014319659550094196	306.90371638000005
18548.8433052	0.0003833199193315744	309.14738842
18658.1598711	0.00023311194397275002	310.969331185
18984.5890975	0.00026333687352794353	316.4098182916667
19052.4058953999	0.00015125665215527518	317.54009825666503
19263.9532333999	0.00014876428202069967	321.0658872233317
19342.3973897	0.00019168117211686882	322.3732898283333
19404.6462614999	0.00029363820480029856	323.4107710249983
19436.0251545999	0.0001480139370980414	323.93375257666503
19442.0971878999	0.00027685180749711875	324.034953131665
19547.8709651999	0.0003121993530027634	325.7978494199984
19567.6083987999	3.020787042568931e-05	326.126806646665
19886.4466201999	0.0003325013208956584	331.4407770033316
19901.6294755999	0.00027140260575606365	331.69382459333167
19906.6910273999	9.292447563242974e-05	331.7781837899983
19995.2564238	0.000434985672334478	333.25427373
20033.7204925999	0.0004099917178012364	333.89534154333165
20099.0060401999	0.00030909215610068356	334.98343400333164
20344.9676197	0.00017844460864138194	339.0827936616667
20504.8936146	0.00034505456175257715	341.74822691
20617.2454356	0.0002285862588714427	343.62075726
20853.5908748	0.00044572975491602375	347.55984791333333
21540.8661009	0.0004765171761477318	359.014435015
22062.6473331	0.00020937312554465307	367.710788885
22104.6531518	0.00021366641266964598	368.41088586333336
22122.366298	7.745428159115554e-05	368.70610496666666
22261.5428446	0.0003218848541853523	371.0257140766667
22284.3171959	0.0003037491684552723	371.4052865983333
22644.6544507	0.00022982727596260348	377.41090751166666
22703.8676912	9.454251354381093e-05	378.3977948533333
23080.9070135	0.00026230587037433684	384.68178355833334
23121.3940273	0.0003008659707505952	385.35656712166667
23124.9365361	0.00028621758043506743	385.41560893499997
23224.1304362	0.0002592705799129083	387.06884060333334
23635.0771957	0.0001988715334252036	393.91795326166664
23648.7416598	0.0001767454724687497	394.14569433
23736.8030208	0.00042972104311460633	395.61338367999997
23759.576821	0.00024545159038625826	395.9929470166666
23852.6979859001	0.00025179967023786627	397.54496643166834
23855.7341430001	0.0002841959837260405	397.59556905000164
24153.3172049	0.0003020255949829277	402.5552867483333
24232.773084	0.00022178070777096925	403.8795514
24258.0784744001	0.00027293264645283975	404.30130790666834
24472.6618196	0.00017060193115792566	407.87769699333336
24512.6427323	0.00022733664054017547	408.5440455383333
24519.2218239	0.0002756040025088488	408.653697065
24670.0376791	3.135641583624425e-05	411.1672946516667
24755.5668929	0.00020043348230545919	412.59278154833333
24907.3952461001	0.00023330297530689586	415.1232541016683
24933.7119563001	0.00021659720782609318	415.561865938335
24967.6203328001	0.0001852520116026985	416.12700554666833
25003.0463039001	0.00018160092353183417	416.717438398335
25257.6116261	0.00015275187801628244	420.96019376833334
25897.3120172001	0.00024308758632725821	431.621866953335
26113.9204643	0.00039352733090087817	435.2320077383334
26264.2296927	6.0362488817848946e-05	437.737161545
26501.5875079001	0.0008539976300394837	441.69312513166835
27684.8329355	0.0006910327510840247	461.41388225833333
27864.4956617	0.0007474963876569659	464.4082610283333
28015.8174784	0.0009424233939534662	466.9302913066667
28052.2569338	0.0004994852244115758	467.5376155633333
28623.1294233	0.0004983498039510676	477.052157055
28908.5656979001	0.0005110307864888445	481.809428298335
28932.8584411001	0.0008252780074694108	482.2143073516683
29130.7406958001	0.0006455179480956378	485.5123449300017
29357.4703115001	0.0005814273525445188	489.29117185833496
29564.9692772001	7.445548223988564e-05	492.749487953335
29575.5970537001	8.280080151175864e-05	492.92661756166837
29582.6821069001	0.0009568192431216704	493.0447017816684
29784.1068634001	7.675321325439915e-05	496.4017810566683
29822.5702476001	0.00011334013374135781	497.04283746000164
29829.1488151001	0.00018874183345661864	497.15248025166835
29850.4050619001	0.000187547105192958	497.50675103166833
29917.2085960001	0.00021456442957374435	498.6201432666683
29967.3129821001	0.0002041864538075511	499.45521636833496
29988.0615921001	0.00013180917272997863	499.80102653500165
30001.7272250001	0.00021718749829469615	500.02878708333503
30015.8970901001	0.00024227305448361642	500.26495150166835
30022.9832112001	0.00015291159867960276	500.3830535200016
30035.1292257001	0.00018410486801504367	500.58548709500167
30070.0488829001	0.00015089272133507941	501.1674813816683
30076.1219568001	0.00013313889248350074	501.26869928000167
30116.1039727001	0.0001908501523966811	501.93506621166836
30134.3223278001	0.00020712138467378702	502.23870546333495
30169.2432928001	0.00016840227206524905	502.8207215466683
30178.8596571001	0.00012528115609967473	502.98099428500166
30187.9687577001	0.00030599693192480176	503.132812628335
30191.5114693001	0.00022210898147357637	503.19185782166835
30194.5476233001	0.0003012334933565435	503.24246038833496
30195.5595530001	0.00014852417363536786	503.259325883335
30243.1322285001	0.00028947929738249773	504.05220380833504
30244.6512217001	0.0003508865711186086	504.07752036166835
30251.2311518001	0.00024847186234658823	504.187185863335
30265.9074827001	0.0003179476479325951	504.431791378335
30307.4063706001	0.00016787190082644628	505.1234395100017
30361.0519625001	0.00015102126365278094	506.017532708335
30392.4300667001	0.00024743741224390593	506.54050111166833
30399.5150025001	0.00033887480530990754	506.6585833750016
30410.1434537001	0.00019262717690192484	506.835724228335
30416.7230777001	0.0003683135860023229	506.945384628335
30417.7350866001	0.0001694692133450953	506.962251443335
30478.9721418001	0.00019795051081363115	507.98286903000167
30481.5029256001	0.00014043896587695085	508.02504876000165
30486.5633709001	0.00030726200185712767	508.1093895150017
30634.3421219001	0.0003298297084696956	510.57236869833497
30670.2744340001	0.00030780123344077806	511.17124056666836
30691.0248456001	0.00017980340550481576	511.51708076000165
30695.0732077001	0.0002710943445152384	511.58455346166835
30705.7020096001	9.155033032636628e-05	511.7617001600017
30766.4320800001	0.00028925256569861587	512.7738680000017
30818.5598291001	8.150576903552936e-05	513.642663818335
30833.2374073001	0.00017089005834572702	513.8872901216683
30886.8829786001	0.0002017496812141921	514.7813829766684
30901.0534535001	0.00012550001658908266	515.0175575583349
31011.8869722001	0.0002248615317975227	516.8647828700017
31064.0149715001	0.000311844823034275	517.733582858335
31116.1422112001	0.0002687483465677897	518.6023701866683
31231.5312752001	0.00012961987813416814	520.525521253335
31400.5663641001	0.0002313993894464835	523.3427727350016
31701.1868920001	0.00028735773855094227	528.3531148666683
31701.6928048001	0.00017002338355070004	528.3615467466683
31820.6244861001	0.0002222692098690416	530.3437414350017
32333.2960995	0.00012817043820048706	538.888268325
32862.1631510001	0.00013884689198945997	547.702719183335
34498.8652306001	0.0006779119685123198	574.9810871766683
34714.4618945001	6.138902909839979e-05	578.5743649083349
35919.4681898001	0.001106269892772164	598.657803163335
36352.1769467001	0.002348221954137686	605.869615778335
36757.0511259001	0.00044667672516477406	612.6175187650017
37933.2115377002	0.001365001365001365	632.2201922950032
38527.8706299001	0.002094484524086572	642.1311771650016
44807.9782930997	0.002320185614849188	746.7996382183284
46857.1479254997	0.0015374103177314656	780.952465424995
48496.8891030997	0.0007480053191489362	808.2814850516617
